episode_reward,episode_length,global_step,gym_id,exp_name,circuit,seed
12.0,12,48,CartPole-v1,"CP-ppo-ac-NN(6,6)-(lr=2.5e-2)-(86-params)",classic_NN_6-6,40
18.0,18,72,CartPole-v1,"CP-ppo-ac-NN(6,6)-(lr=2.5e-2)-(86-params)",classic_NN_6-6,40
25.0,25,100,CartPole-v1,"CP-ppo-ac-NN(6,6)-(lr=2.5e-2)-(86-params)",classic_NN_6-6,40
16.0,16,112,CartPole-v1,"CP-ppo-ac-NN(6,6)-(lr=2.5e-2)-(86-params)",classic_NN_6-6,40
32.0,32,128,CartPole-v1,"CP-ppo-ac-NN(6,6)-(lr=2.5e-2)-(86-params)",classic_NN_6-6,40
11.0,11,144,CartPole-v1,"CP-ppo-ac-NN(6,6)-(lr=2.5e-2)-(86-params)",classic_NN_6-6,40
12.0,12,160,CartPole-v1,"CP-ppo-ac-NN(6,6)-(lr=2.5e-2)-(86-params)",classic_NN_6-6,40
25.0,25,172,CartPole-v1,"CP-ppo-ac-NN(6,6)-(lr=2.5e-2)-(86-params)",classic_NN_6-6,40
13.0,13,180,CartPole-v1,"CP-ppo-ac-NN(6,6)-(lr=2.5e-2)-(86-params)",classic_NN_6-6,40
19.0,19,220,CartPole-v1,"CP-ppo-ac-NN(6,6)-(lr=2.5e-2)-(86-params)",classic_NN_6-6,40
18.0,18,232,CartPole-v1,"CP-ppo-ac-NN(6,6)-(lr=2.5e-2)-(86-params)",classic_NN_6-6,40
17.0,17,248,CartPole-v1,"CP-ppo-ac-NN(6,6)-(lr=2.5e-2)-(86-params)",classic_NN_6-6,40
12.0,12,280,CartPole-v1,"CP-ppo-ac-NN(6,6)-(lr=2.5e-2)-(86-params)",classic_NN_6-6,40
20.0,20,328,CartPole-v1,"CP-ppo-ac-NN(6,6)-(lr=2.5e-2)-(86-params)",classic_NN_6-6,40
33.0,33,352,CartPole-v1,"CP-ppo-ac-NN(6,6)-(lr=2.5e-2)-(86-params)",classic_NN_6-6,40
46.0,46,356,CartPole-v1,"CP-ppo-ac-NN(6,6)-(lr=2.5e-2)-(86-params)",classic_NN_6-6,40
20.0,20,360,CartPole-v1,"CP-ppo-ac-NN(6,6)-(lr=2.5e-2)-(86-params)",classic_NN_6-6,40
13.0,13,380,CartPole-v1,"CP-ppo-ac-NN(6,6)-(lr=2.5e-2)-(86-params)",classic_NN_6-6,40
15.0,15,420,CartPole-v1,"CP-ppo-ac-NN(6,6)-(lr=2.5e-2)-(86-params)",classic_NN_6-6,40
11.0,11,424,CartPole-v1,"CP-ppo-ac-NN(6,6)-(lr=2.5e-2)-(86-params)",classic_NN_6-6,40
20.0,20,436,CartPole-v1,"CP-ppo-ac-NN(6,6)-(lr=2.5e-2)-(86-params)",classic_NN_6-6,40
11.0,11,464,CartPole-v1,"CP-ppo-ac-NN(6,6)-(lr=2.5e-2)-(86-params)",classic_NN_6-6,40
10.0,10,464,CartPole-v1,"CP-ppo-ac-NN(6,6)-(lr=2.5e-2)-(86-params)",classic_NN_6-6,40
15.0,15,496,CartPole-v1,"CP-ppo-ac-NN(6,6)-(lr=2.5e-2)-(86-params)",classic_NN_6-6,40
46.0,46,536,CartPole-v1,"CP-ppo-ac-NN(6,6)-(lr=2.5e-2)-(86-params)",classic_NN_6-6,40
19.0,19,540,CartPole-v1,"CP-ppo-ac-NN(6,6)-(lr=2.5e-2)-(86-params)",classic_NN_6-6,40
15.0,15,556,CartPole-v1,"CP-ppo-ac-NN(6,6)-(lr=2.5e-2)-(86-params)",classic_NN_6-6,40
14.0,14,596,CartPole-v1,"CP-ppo-ac-NN(6,6)-(lr=2.5e-2)-(86-params)",classic_NN_6-6,40
41.0,41,628,CartPole-v1,"CP-ppo-ac-NN(6,6)-(lr=2.5e-2)-(86-params)",classic_NN_6-6,40
28.0,28,648,CartPole-v1,"CP-ppo-ac-NN(6,6)-(lr=2.5e-2)-(86-params)",classic_NN_6-6,40
31.0,31,680,CartPole-v1,"CP-ppo-ac-NN(6,6)-(lr=2.5e-2)-(86-params)",classic_NN_6-6,40
17.0,17,696,CartPole-v1,"CP-ppo-ac-NN(6,6)-(lr=2.5e-2)-(86-params)",classic_NN_6-6,40
44.0,44,772,CartPole-v1,"CP-ppo-ac-NN(6,6)-(lr=2.5e-2)-(86-params)",classic_NN_6-6,40
25.0,25,780,CartPole-v1,"CP-ppo-ac-NN(6,6)-(lr=2.5e-2)-(86-params)",classic_NN_6-6,40
13.0,13,824,CartPole-v1,"CP-ppo-ac-NN(6,6)-(lr=2.5e-2)-(86-params)",classic_NN_6-6,40
32.0,32,824,CartPole-v1,"CP-ppo-ac-NN(6,6)-(lr=2.5e-2)-(86-params)",classic_NN_6-6,40
12.0,12,872,CartPole-v1,"CP-ppo-ac-NN(6,6)-(lr=2.5e-2)-(86-params)",classic_NN_6-6,40
26.0,26,884,CartPole-v1,"CP-ppo-ac-NN(6,6)-(lr=2.5e-2)-(86-params)",classic_NN_6-6,40
61.0,61,892,CartPole-v1,"CP-ppo-ac-NN(6,6)-(lr=2.5e-2)-(86-params)",classic_NN_6-6,40
21.0,21,908,CartPole-v1,"CP-ppo-ac-NN(6,6)-(lr=2.5e-2)-(86-params)",classic_NN_6-6,40
11.0,11,936,CartPole-v1,"CP-ppo-ac-NN(6,6)-(lr=2.5e-2)-(86-params)",classic_NN_6-6,40
26.0,26,1012,CartPole-v1,"CP-ppo-ac-NN(6,6)-(lr=2.5e-2)-(86-params)",classic_NN_6-6,40
37.0,37,1032,CartPole-v1,"CP-ppo-ac-NN(6,6)-(lr=2.5e-2)-(86-params)",classic_NN_6-6,40
27.0,27,1044,CartPole-v1,"CP-ppo-ac-NN(6,6)-(lr=2.5e-2)-(86-params)",classic_NN_6-6,40
16.0,16,1108,CartPole-v1,"CP-ppo-ac-NN(6,6)-(lr=2.5e-2)-(86-params)",classic_NN_6-6,40
25.0,25,1112,CartPole-v1,"CP-ppo-ac-NN(6,6)-(lr=2.5e-2)-(86-params)",classic_NN_6-6,40
66.0,66,1136,CartPole-v1,"CP-ppo-ac-NN(6,6)-(lr=2.5e-2)-(86-params)",classic_NN_6-6,40
27.0,27,1140,CartPole-v1,"CP-ppo-ac-NN(6,6)-(lr=2.5e-2)-(86-params)",classic_NN_6-6,40
15.0,15,1172,CartPole-v1,"CP-ppo-ac-NN(6,6)-(lr=2.5e-2)-(86-params)",classic_NN_6-6,40
24.0,24,1236,CartPole-v1,"CP-ppo-ac-NN(6,6)-(lr=2.5e-2)-(86-params)",classic_NN_6-6,40
39.0,39,1264,CartPole-v1,"CP-ppo-ac-NN(6,6)-(lr=2.5e-2)-(86-params)",classic_NN_6-6,40
35.0,35,1312,CartPole-v1,"CP-ppo-ac-NN(6,6)-(lr=2.5e-2)-(86-params)",classic_NN_6-6,40
60.0,60,1376,CartPole-v1,"CP-ppo-ac-NN(6,6)-(lr=2.5e-2)-(86-params)",classic_NN_6-6,40
28.0,28,1376,CartPole-v1,"CP-ppo-ac-NN(6,6)-(lr=2.5e-2)-(86-params)",classic_NN_6-6,40
40.0,40,1396,CartPole-v1,"CP-ppo-ac-NN(6,6)-(lr=2.5e-2)-(86-params)",classic_NN_6-6,40
32.0,32,1440,CartPole-v1,"CP-ppo-ac-NN(6,6)-(lr=2.5e-2)-(86-params)",classic_NN_6-6,40
16.0,16,1504,CartPole-v1,"CP-ppo-ac-NN(6,6)-(lr=2.5e-2)-(86-params)",classic_NN_6-6,40
63.0,63,1648,CartPole-v1,"CP-ppo-ac-NN(6,6)-(lr=2.5e-2)-(86-params)",classic_NN_6-6,40
95.0,95,1756,CartPole-v1,"CP-ppo-ac-NN(6,6)-(lr=2.5e-2)-(86-params)",classic_NN_6-6,40
118.0,118,1848,CartPole-v1,"CP-ppo-ac-NN(6,6)-(lr=2.5e-2)-(86-params)",classic_NN_6-6,40
87.0,87,1852,CartPole-v1,"CP-ppo-ac-NN(6,6)-(lr=2.5e-2)-(86-params)",classic_NN_6-6,40
44.0,44,1932,CartPole-v1,"CP-ppo-ac-NN(6,6)-(lr=2.5e-2)-(86-params)",classic_NN_6-6,40
115.0,115,2108,CartPole-v1,"CP-ppo-ac-NN(6,6)-(lr=2.5e-2)-(86-params)",classic_NN_6-6,40
96.0,96,2316,CartPole-v1,"CP-ppo-ac-NN(6,6)-(lr=2.5e-2)-(86-params)",classic_NN_6-6,40
54.0,54,2324,CartPole-v1,"CP-ppo-ac-NN(6,6)-(lr=2.5e-2)-(86-params)",classic_NN_6-6,40
126.0,126,2356,CartPole-v1,"CP-ppo-ac-NN(6,6)-(lr=2.5e-2)-(86-params)",classic_NN_6-6,40
19.0,19,2432,CartPole-v1,"CP-ppo-ac-NN(6,6)-(lr=2.5e-2)-(86-params)",classic_NN_6-6,40
163.0,163,2500,CartPole-v1,"CP-ppo-ac-NN(6,6)-(lr=2.5e-2)-(86-params)",classic_NN_6-6,40
86.0,86,2660,CartPole-v1,"CP-ppo-ac-NN(6,6)-(lr=2.5e-2)-(86-params)",classic_NN_6-6,40
97.0,97,2820,CartPole-v1,"CP-ppo-ac-NN(6,6)-(lr=2.5e-2)-(86-params)",classic_NN_6-6,40
116.0,116,2964,CartPole-v1,"CP-ppo-ac-NN(6,6)-(lr=2.5e-2)-(86-params)",classic_NN_6-6,40
208.0,208,3156,CartPole-v1,"CP-ppo-ac-NN(6,6)-(lr=2.5e-2)-(86-params)",classic_NN_6-6,40
138.0,138,3212,CartPole-v1,"CP-ppo-ac-NN(6,6)-(lr=2.5e-2)-(86-params)",classic_NN_6-6,40
99.0,99,3216,CartPole-v1,"CP-ppo-ac-NN(6,6)-(lr=2.5e-2)-(86-params)",classic_NN_6-6,40
127.0,127,3472,CartPole-v1,"CP-ppo-ac-NN(6,6)-(lr=2.5e-2)-(86-params)",classic_NN_6-6,40
83.0,83,3548,CartPole-v1,"CP-ppo-ac-NN(6,6)-(lr=2.5e-2)-(86-params)",classic_NN_6-6,40
95.0,95,3852,CartPole-v1,"CP-ppo-ac-NN(6,6)-(lr=2.5e-2)-(86-params)",classic_NN_6-6,40
171.0,171,3896,CartPole-v1,"CP-ppo-ac-NN(6,6)-(lr=2.5e-2)-(86-params)",classic_NN_6-6,40
202.0,202,3964,CartPole-v1,"CP-ppo-ac-NN(6,6)-(lr=2.5e-2)-(86-params)",classic_NN_6-6,40
159.0,159,4184,CartPole-v1,"CP-ppo-ac-NN(6,6)-(lr=2.5e-2)-(86-params)",classic_NN_6-6,40
119.0,119,4372,CartPole-v1,"CP-ppo-ac-NN(6,6)-(lr=2.5e-2)-(86-params)",classic_NN_6-6,40
157.0,157,4480,CartPole-v1,"CP-ppo-ac-NN(6,6)-(lr=2.5e-2)-(86-params)",classic_NN_6-6,40
160.0,160,4824,CartPole-v1,"CP-ppo-ac-NN(6,6)-(lr=2.5e-2)-(86-params)",classic_NN_6-6,40
137.0,137,4920,CartPole-v1,"CP-ppo-ac-NN(6,6)-(lr=2.5e-2)-(86-params)",classic_NN_6-6,40
283.0,283,5096,CartPole-v1,"CP-ppo-ac-NN(6,6)-(lr=2.5e-2)-(86-params)",classic_NN_6-6,40
201.0,201,5284,CartPole-v1,"CP-ppo-ac-NN(6,6)-(lr=2.5e-2)-(86-params)",classic_NN_6-6,40
128.0,128,5432,CartPole-v1,"CP-ppo-ac-NN(6,6)-(lr=2.5e-2)-(86-params)",classic_NN_6-6,40
177.0,177,5532,CartPole-v1,"CP-ppo-ac-NN(6,6)-(lr=2.5e-2)-(86-params)",classic_NN_6-6,40
178.0,178,5808,CartPole-v1,"CP-ppo-ac-NN(6,6)-(lr=2.5e-2)-(86-params)",classic_NN_6-6,40
201.0,201,6088,CartPole-v1,"CP-ppo-ac-NN(6,6)-(lr=2.5e-2)-(86-params)",classic_NN_6-6,40
220.0,220,6312,CartPole-v1,"CP-ppo-ac-NN(6,6)-(lr=2.5e-2)-(86-params)",classic_NN_6-6,40
210.0,210,6372,CartPole-v1,"CP-ppo-ac-NN(6,6)-(lr=2.5e-2)-(86-params)",classic_NN_6-6,40
208.0,208,6640,CartPole-v1,"CP-ppo-ac-NN(6,6)-(lr=2.5e-2)-(86-params)",classic_NN_6-6,40
231.0,231,7012,CartPole-v1,"CP-ppo-ac-NN(6,6)-(lr=2.5e-2)-(86-params)",classic_NN_6-6,40
231.0,231,7236,CartPole-v1,"CP-ppo-ac-NN(6,6)-(lr=2.5e-2)-(86-params)",classic_NN_6-6,40
222.0,222,7260,CartPole-v1,"CP-ppo-ac-NN(6,6)-(lr=2.5e-2)-(86-params)",classic_NN_6-6,40
169.0,169,7316,CartPole-v1,"CP-ppo-ac-NN(6,6)-(lr=2.5e-2)-(86-params)",classic_NN_6-6,40
88.0,88,7364,CartPole-v1,"CP-ppo-ac-NN(6,6)-(lr=2.5e-2)-(86-params)",classic_NN_6-6,40
45.0,45,7416,CartPole-v1,"CP-ppo-ac-NN(6,6)-(lr=2.5e-2)-(86-params)",classic_NN_6-6,40
134.0,134,7796,CartPole-v1,"CP-ppo-ac-NN(6,6)-(lr=2.5e-2)-(86-params)",classic_NN_6-6,40
163.0,163,8016,CartPole-v1,"CP-ppo-ac-NN(6,6)-(lr=2.5e-2)-(86-params)",classic_NN_6-6,40
230.0,230,8236,CartPole-v1,"CP-ppo-ac-NN(6,6)-(lr=2.5e-2)-(86-params)",classic_NN_6-6,40
233.0,233,8728,CartPole-v1,"CP-ppo-ac-NN(6,6)-(lr=2.5e-2)-(86-params)",classic_NN_6-6,40
369.0,369,8892,CartPole-v1,"CP-ppo-ac-NN(6,6)-(lr=2.5e-2)-(86-params)",classic_NN_6-6,40
239.0,239,8972,CartPole-v1,"CP-ppo-ac-NN(6,6)-(lr=2.5e-2)-(86-params)",classic_NN_6-6,40
464.0,464,10092,CartPole-v1,"CP-ppo-ac-NN(6,6)-(lr=2.5e-2)-(86-params)",classic_NN_6-6,40
500.0,500,10728,CartPole-v1,"CP-ppo-ac-NN(6,6)-(lr=2.5e-2)-(86-params)",classic_NN_6-6,40
500.0,500,10892,CartPole-v1,"CP-ppo-ac-NN(6,6)-(lr=2.5e-2)-(86-params)",classic_NN_6-6,40
500.0,500,10972,CartPole-v1,"CP-ppo-ac-NN(6,6)-(lr=2.5e-2)-(86-params)",classic_NN_6-6,40
500.0,500,12092,CartPole-v1,"CP-ppo-ac-NN(6,6)-(lr=2.5e-2)-(86-params)",classic_NN_6-6,40
500.0,500,12728,CartPole-v1,"CP-ppo-ac-NN(6,6)-(lr=2.5e-2)-(86-params)",classic_NN_6-6,40
500.0,500,12892,CartPole-v1,"CP-ppo-ac-NN(6,6)-(lr=2.5e-2)-(86-params)",classic_NN_6-6,40
500.0,500,12972,CartPole-v1,"CP-ppo-ac-NN(6,6)-(lr=2.5e-2)-(86-params)",classic_NN_6-6,40
500.0,500,14092,CartPole-v1,"CP-ppo-ac-NN(6,6)-(lr=2.5e-2)-(86-params)",classic_NN_6-6,40
500.0,500,14728,CartPole-v1,"CP-ppo-ac-NN(6,6)-(lr=2.5e-2)-(86-params)",classic_NN_6-6,40
500.0,500,14892,CartPole-v1,"CP-ppo-ac-NN(6,6)-(lr=2.5e-2)-(86-params)",classic_NN_6-6,40
500.0,500,14972,CartPole-v1,"CP-ppo-ac-NN(6,6)-(lr=2.5e-2)-(86-params)",classic_NN_6-6,40
278.0,278,15840,CartPole-v1,"CP-ppo-ac-NN(6,6)-(lr=2.5e-2)-(86-params)",classic_NN_6-6,40
500.0,500,16092,CartPole-v1,"CP-ppo-ac-NN(6,6)-(lr=2.5e-2)-(86-params)",classic_NN_6-6,40
500.0,500,16892,CartPole-v1,"CP-ppo-ac-NN(6,6)-(lr=2.5e-2)-(86-params)",classic_NN_6-6,40
500.0,500,16972,CartPole-v1,"CP-ppo-ac-NN(6,6)-(lr=2.5e-2)-(86-params)",classic_NN_6-6,40
500.0,500,17840,CartPole-v1,"CP-ppo-ac-NN(6,6)-(lr=2.5e-2)-(86-params)",classic_NN_6-6,40
500.0,500,18092,CartPole-v1,"CP-ppo-ac-NN(6,6)-(lr=2.5e-2)-(86-params)",classic_NN_6-6,40
119.0,119,18316,CartPole-v1,"CP-ppo-ac-NN(6,6)-(lr=2.5e-2)-(86-params)",classic_NN_6-6,40
436.0,436,18636,CartPole-v1,"CP-ppo-ac-NN(6,6)-(lr=2.5e-2)-(86-params)",classic_NN_6-6,40
212.0,212,18940,CartPole-v1,"CP-ppo-ac-NN(6,6)-(lr=2.5e-2)-(86-params)",classic_NN_6-6,40
500.0,500,18972,CartPole-v1,"CP-ppo-ac-NN(6,6)-(lr=2.5e-2)-(86-params)",classic_NN_6-6,40
313.0,313,19888,CartPole-v1,"CP-ppo-ac-NN(6,6)-(lr=2.5e-2)-(86-params)",classic_NN_6-6,40
500.0,500,20316,CartPole-v1,"CP-ppo-ac-NN(6,6)-(lr=2.5e-2)-(86-params)",classic_NN_6-6,40
500.0,500,20940,CartPole-v1,"CP-ppo-ac-NN(6,6)-(lr=2.5e-2)-(86-params)",classic_NN_6-6,40
500.0,500,20972,CartPole-v1,"CP-ppo-ac-NN(6,6)-(lr=2.5e-2)-(86-params)",classic_NN_6-6,40
191.0,191,21080,CartPole-v1,"CP-ppo-ac-NN(6,6)-(lr=2.5e-2)-(86-params)",classic_NN_6-6,40
393.0,393,21460,CartPole-v1,"CP-ppo-ac-NN(6,6)-(lr=2.5e-2)-(86-params)",classic_NN_6-6,40
322.0,322,22228,CartPole-v1,"CP-ppo-ac-NN(6,6)-(lr=2.5e-2)-(86-params)",classic_NN_6-6,40
219.0,219,22336,CartPole-v1,"CP-ppo-ac-NN(6,6)-(lr=2.5e-2)-(86-params)",classic_NN_6-6,40
461.0,461,22924,CartPole-v1,"CP-ppo-ac-NN(6,6)-(lr=2.5e-2)-(86-params)",classic_NN_6-6,40
500.0,500,22972,CartPole-v1,"CP-ppo-ac-NN(6,6)-(lr=2.5e-2)-(86-params)",classic_NN_6-6,40
500.0,500,24228,CartPole-v1,"CP-ppo-ac-NN(6,6)-(lr=2.5e-2)-(86-params)",classic_NN_6-6,40
346.0,346,24308,CartPole-v1,"CP-ppo-ac-NN(6,6)-(lr=2.5e-2)-(86-params)",classic_NN_6-6,40
500.0,500,24336,CartPole-v1,"CP-ppo-ac-NN(6,6)-(lr=2.5e-2)-(86-params)",classic_NN_6-6,40
478.0,478,24884,CartPole-v1,"CP-ppo-ac-NN(6,6)-(lr=2.5e-2)-(86-params)",classic_NN_6-6,40
292.0,292,25396,CartPole-v1,"CP-ppo-ac-NN(6,6)-(lr=2.5e-2)-(86-params)",classic_NN_6-6,40
343.0,343,25708,CartPole-v1,"CP-ppo-ac-NN(6,6)-(lr=2.5e-2)-(86-params)",classic_NN_6-6,40
363.0,363,25760,CartPole-v1,"CP-ppo-ac-NN(6,6)-(lr=2.5e-2)-(86-params)",classic_NN_6-6,40
153.0,153,26008,CartPole-v1,"CP-ppo-ac-NN(6,6)-(lr=2.5e-2)-(86-params)",classic_NN_6-6,40
398.0,398,26476,CartPole-v1,"CP-ppo-ac-NN(6,6)-(lr=2.5e-2)-(86-params)",classic_NN_6-6,40
192.0,192,26476,CartPole-v1,"CP-ppo-ac-NN(6,6)-(lr=2.5e-2)-(86-params)",classic_NN_6-6,40
135.0,135,26548,CartPole-v1,"CP-ppo-ac-NN(6,6)-(lr=2.5e-2)-(86-params)",classic_NN_6-6,40
238.0,238,26712,CartPole-v1,"CP-ppo-ac-NN(6,6)-(lr=2.5e-2)-(86-params)",classic_NN_6-6,40
178.0,178,27188,CartPole-v1,"CP-ppo-ac-NN(6,6)-(lr=2.5e-2)-(86-params)",classic_NN_6-6,40
173.0,173,27240,CartPole-v1,"CP-ppo-ac-NN(6,6)-(lr=2.5e-2)-(86-params)",classic_NN_6-6,40
146.0,146,27296,CartPole-v1,"CP-ppo-ac-NN(6,6)-(lr=2.5e-2)-(86-params)",classic_NN_6-6,40
233.0,233,27408,CartPole-v1,"CP-ppo-ac-NN(6,6)-(lr=2.5e-2)-(86-params)",classic_NN_6-6,40
249.0,249,28184,CartPole-v1,"CP-ppo-ac-NN(6,6)-(lr=2.5e-2)-(86-params)",classic_NN_6-6,40
384.0,384,28944,CartPole-v1,"CP-ppo-ac-NN(6,6)-(lr=2.5e-2)-(86-params)",classic_NN_6-6,40
500.0,500,29240,CartPole-v1,"CP-ppo-ac-NN(6,6)-(lr=2.5e-2)-(86-params)",classic_NN_6-6,40
500.0,500,29296,CartPole-v1,"CP-ppo-ac-NN(6,6)-(lr=2.5e-2)-(86-params)",classic_NN_6-6,40
397.0,397,29772,CartPole-v1,"CP-ppo-ac-NN(6,6)-(lr=2.5e-2)-(86-params)",classic_NN_6-6,40
143.0,143,29812,CartPole-v1,"CP-ppo-ac-NN(6,6)-(lr=2.5e-2)-(86-params)",classic_NN_6-6,40
360.0,360,30384,CartPole-v1,"CP-ppo-ac-NN(6,6)-(lr=2.5e-2)-(86-params)",classic_NN_6-6,40
300.0,300,30496,CartPole-v1,"CP-ppo-ac-NN(6,6)-(lr=2.5e-2)-(86-params)",classic_NN_6-6,40
408.0,408,31404,CartPole-v1,"CP-ppo-ac-NN(6,6)-(lr=2.5e-2)-(86-params)",classic_NN_6-6,40
500.0,500,31812,CartPole-v1,"CP-ppo-ac-NN(6,6)-(lr=2.5e-2)-(86-params)",classic_NN_6-6,40
339.0,339,31852,CartPole-v1,"CP-ppo-ac-NN(6,6)-(lr=2.5e-2)-(86-params)",classic_NN_6-6,40
500.0,500,32384,CartPole-v1,"CP-ppo-ac-NN(6,6)-(lr=2.5e-2)-(86-params)",classic_NN_6-6,40
373.0,373,32896,CartPole-v1,"CP-ppo-ac-NN(6,6)-(lr=2.5e-2)-(86-params)",classic_NN_6-6,40
500.0,500,33812,CartPole-v1,"CP-ppo-ac-NN(6,6)-(lr=2.5e-2)-(86-params)",classic_NN_6-6,40
500.0,500,33852,CartPole-v1,"CP-ppo-ac-NN(6,6)-(lr=2.5e-2)-(86-params)",classic_NN_6-6,40
330.0,330,34216,CartPole-v1,"CP-ppo-ac-NN(6,6)-(lr=2.5e-2)-(86-params)",classic_NN_6-6,40
460.0,460,34224,CartPole-v1,"CP-ppo-ac-NN(6,6)-(lr=2.5e-2)-(86-params)",classic_NN_6-6,40
120.0,120,34292,CartPole-v1,"CP-ppo-ac-NN(6,6)-(lr=2.5e-2)-(86-params)",classic_NN_6-6,40
185.0,185,34964,CartPole-v1,"CP-ppo-ac-NN(6,6)-(lr=2.5e-2)-(86-params)",classic_NN_6-6,40
459.0,459,35688,CartPole-v1,"CP-ppo-ac-NN(6,6)-(lr=2.5e-2)-(86-params)",classic_NN_6-6,40
385.0,385,35832,CartPole-v1,"CP-ppo-ac-NN(6,6)-(lr=2.5e-2)-(86-params)",classic_NN_6-6,40
500.0,500,36216,CartPole-v1,"CP-ppo-ac-NN(6,6)-(lr=2.5e-2)-(86-params)",classic_NN_6-6,40
304.0,304,36904,CartPole-v1,"CP-ppo-ac-NN(6,6)-(lr=2.5e-2)-(86-params)",classic_NN_6-6,40
500.0,500,36964,CartPole-v1,"CP-ppo-ac-NN(6,6)-(lr=2.5e-2)-(86-params)",classic_NN_6-6,40
398.0,398,37424,CartPole-v1,"CP-ppo-ac-NN(6,6)-(lr=2.5e-2)-(86-params)",classic_NN_6-6,40
323.0,323,37508,CartPole-v1,"CP-ppo-ac-NN(6,6)-(lr=2.5e-2)-(86-params)",classic_NN_6-6,40
163.0,163,37556,CartPole-v1,"CP-ppo-ac-NN(6,6)-(lr=2.5e-2)-(86-params)",classic_NN_6-6,40
219.0,219,37840,CartPole-v1,"CP-ppo-ac-NN(6,6)-(lr=2.5e-2)-(86-params)",classic_NN_6-6,40
128.0,128,38068,CartPole-v1,"CP-ppo-ac-NN(6,6)-(lr=2.5e-2)-(86-params)",classic_NN_6-6,40
196.0,196,38292,CartPole-v1,"CP-ppo-ac-NN(6,6)-(lr=2.5e-2)-(86-params)",classic_NN_6-6,40
225.0,225,38324,CartPole-v1,"CP-ppo-ac-NN(6,6)-(lr=2.5e-2)-(86-params)",classic_NN_6-6,40
213.0,213,38692,CartPole-v1,"CP-ppo-ac-NN(6,6)-(lr=2.5e-2)-(86-params)",classic_NN_6-6,40
303.0,303,39280,CartPole-v1,"CP-ppo-ac-NN(6,6)-(lr=2.5e-2)-(86-params)",classic_NN_6-6,40
248.0,248,39284,CartPole-v1,"CP-ppo-ac-NN(6,6)-(lr=2.5e-2)-(86-params)",classic_NN_6-6,40
262.0,262,39372,CartPole-v1,"CP-ppo-ac-NN(6,6)-(lr=2.5e-2)-(86-params)",classic_NN_6-6,40
127.0,127,39792,CartPole-v1,"CP-ppo-ac-NN(6,6)-(lr=2.5e-2)-(86-params)",classic_NN_6-6,40
144.0,144,39856,CartPole-v1,"CP-ppo-ac-NN(6,6)-(lr=2.5e-2)-(86-params)",classic_NN_6-6,40
320.0,320,39972,CartPole-v1,"CP-ppo-ac-NN(6,6)-(lr=2.5e-2)-(86-params)",classic_NN_6-6,40
270.0,270,40452,CartPole-v1,"CP-ppo-ac-NN(6,6)-(lr=2.5e-2)-(86-params)",classic_NN_6-6,40
166.0,166,40636,CartPole-v1,"CP-ppo-ac-NN(6,6)-(lr=2.5e-2)-(86-params)",classic_NN_6-6,40
219.0,219,40668,CartPole-v1,"CP-ppo-ac-NN(6,6)-(lr=2.5e-2)-(86-params)",classic_NN_6-6,40
193.0,193,41224,CartPole-v1,"CP-ppo-ac-NN(6,6)-(lr=2.5e-2)-(86-params)",classic_NN_6-6,40
373.0,373,41348,CartPole-v1,"CP-ppo-ac-NN(6,6)-(lr=2.5e-2)-(86-params)",classic_NN_6-6,40
214.0,214,41492,CartPole-v1,"CP-ppo-ac-NN(6,6)-(lr=2.5e-2)-(86-params)",classic_NN_6-6,40
213.0,213,41520,CartPole-v1,"CP-ppo-ac-NN(6,6)-(lr=2.5e-2)-(86-params)",classic_NN_6-6,40
106.0,106,41648,CartPole-v1,"CP-ppo-ac-NN(6,6)-(lr=2.5e-2)-(86-params)",classic_NN_6-6,40
192.0,192,42260,CartPole-v1,"CP-ppo-ac-NN(6,6)-(lr=2.5e-2)-(86-params)",classic_NN_6-6,40
197.0,197,42308,CartPole-v1,"CP-ppo-ac-NN(6,6)-(lr=2.5e-2)-(86-params)",classic_NN_6-6,40
358.0,358,42780,CartPole-v1,"CP-ppo-ac-NN(6,6)-(lr=2.5e-2)-(86-params)",classic_NN_6-6,40
133.0,133,42840,CartPole-v1,"CP-ppo-ac-NN(6,6)-(lr=2.5e-2)-(86-params)",classic_NN_6-6,40
154.0,154,42876,CartPole-v1,"CP-ppo-ac-NN(6,6)-(lr=2.5e-2)-(86-params)",classic_NN_6-6,40
427.0,427,43356,CartPole-v1,"CP-ppo-ac-NN(6,6)-(lr=2.5e-2)-(86-params)",classic_NN_6-6,40
206.0,206,43604,CartPole-v1,"CP-ppo-ac-NN(6,6)-(lr=2.5e-2)-(86-params)",classic_NN_6-6,40
217.0,217,43744,CartPole-v1,"CP-ppo-ac-NN(6,6)-(lr=2.5e-2)-(86-params)",classic_NN_6-6,40
197.0,197,44144,CartPole-v1,"CP-ppo-ac-NN(6,6)-(lr=2.5e-2)-(86-params)",classic_NN_6-6,40
475.0,475,44740,CartPole-v1,"CP-ppo-ac-NN(6,6)-(lr=2.5e-2)-(86-params)",classic_NN_6-6,40
258.0,258,44776,CartPole-v1,"CP-ppo-ac-NN(6,6)-(lr=2.5e-2)-(86-params)",classic_NN_6-6,40
202.0,202,44952,CartPole-v1,"CP-ppo-ac-NN(6,6)-(lr=2.5e-2)-(86-params)",classic_NN_6-6,40
347.0,347,44992,CartPole-v1,"CP-ppo-ac-NN(6,6)-(lr=2.5e-2)-(86-params)",classic_NN_6-6,40
222.0,222,45628,CartPole-v1,"CP-ppo-ac-NN(6,6)-(lr=2.5e-2)-(86-params)",classic_NN_6-6,40
304.0,304,46208,CartPole-v1,"CP-ppo-ac-NN(6,6)-(lr=2.5e-2)-(86-params)",classic_NN_6-6,40
368.0,368,46424,CartPole-v1,"CP-ppo-ac-NN(6,6)-(lr=2.5e-2)-(86-params)",classic_NN_6-6,40
440.0,440,46536,CartPole-v1,"CP-ppo-ac-NN(6,6)-(lr=2.5e-2)-(86-params)",classic_NN_6-6,40
331.0,331,46952,CartPole-v1,"CP-ppo-ac-NN(6,6)-(lr=2.5e-2)-(86-params)",classic_NN_6-6,40
248.0,248,47528,CartPole-v1,"CP-ppo-ac-NN(6,6)-(lr=2.5e-2)-(86-params)",classic_NN_6-6,40
500.0,500,48208,CartPole-v1,"CP-ppo-ac-NN(6,6)-(lr=2.5e-2)-(86-params)",classic_NN_6-6,40
319.0,319,48228,CartPole-v1,"CP-ppo-ac-NN(6,6)-(lr=2.5e-2)-(86-params)",classic_NN_6-6,40
500.0,500,48424,CartPole-v1,"CP-ppo-ac-NN(6,6)-(lr=2.5e-2)-(86-params)",classic_NN_6-6,40
500.0,500,49528,CartPole-v1,"CP-ppo-ac-NN(6,6)-(lr=2.5e-2)-(86-params)",classic_NN_6-6,40
500.0,500,50208,CartPole-v1,"CP-ppo-ac-NN(6,6)-(lr=2.5e-2)-(86-params)",classic_NN_6-6,40
500.0,500,50228,CartPole-v1,"CP-ppo-ac-NN(6,6)-(lr=2.5e-2)-(86-params)",classic_NN_6-6,40
500.0,500,50424,CartPole-v1,"CP-ppo-ac-NN(6,6)-(lr=2.5e-2)-(86-params)",classic_NN_6-6,40
500.0,500,51528,CartPole-v1,"CP-ppo-ac-NN(6,6)-(lr=2.5e-2)-(86-params)",classic_NN_6-6,40
500.0,500,52208,CartPole-v1,"CP-ppo-ac-NN(6,6)-(lr=2.5e-2)-(86-params)",classic_NN_6-6,40
500.0,500,52228,CartPole-v1,"CP-ppo-ac-NN(6,6)-(lr=2.5e-2)-(86-params)",classic_NN_6-6,40
500.0,500,52424,CartPole-v1,"CP-ppo-ac-NN(6,6)-(lr=2.5e-2)-(86-params)",classic_NN_6-6,40
252.0,252,52536,CartPole-v1,"CP-ppo-ac-NN(6,6)-(lr=2.5e-2)-(86-params)",classic_NN_6-6,40
281.0,281,53332,CartPole-v1,"CP-ppo-ac-NN(6,6)-(lr=2.5e-2)-(86-params)",classic_NN_6-6,40
500.0,500,54228,CartPole-v1,"CP-ppo-ac-NN(6,6)-(lr=2.5e-2)-(86-params)",classic_NN_6-6,40
500.0,500,54424,CartPole-v1,"CP-ppo-ac-NN(6,6)-(lr=2.5e-2)-(86-params)",classic_NN_6-6,40
500.0,500,54536,CartPole-v1,"CP-ppo-ac-NN(6,6)-(lr=2.5e-2)-(86-params)",classic_NN_6-6,40
500.0,500,55332,CartPole-v1,"CP-ppo-ac-NN(6,6)-(lr=2.5e-2)-(86-params)",classic_NN_6-6,40
500.0,500,56228,CartPole-v1,"CP-ppo-ac-NN(6,6)-(lr=2.5e-2)-(86-params)",classic_NN_6-6,40
500.0,500,56424,CartPole-v1,"CP-ppo-ac-NN(6,6)-(lr=2.5e-2)-(86-params)",classic_NN_6-6,40
500.0,500,56536,CartPole-v1,"CP-ppo-ac-NN(6,6)-(lr=2.5e-2)-(86-params)",classic_NN_6-6,40
433.0,433,57064,CartPole-v1,"CP-ppo-ac-NN(6,6)-(lr=2.5e-2)-(86-params)",classic_NN_6-6,40
235.0,235,57168,CartPole-v1,"CP-ppo-ac-NN(6,6)-(lr=2.5e-2)-(86-params)",classic_NN_6-6,40
228.0,228,57336,CartPole-v1,"CP-ppo-ac-NN(6,6)-(lr=2.5e-2)-(86-params)",classic_NN_6-6,40
212.0,212,57384,CartPole-v1,"CP-ppo-ac-NN(6,6)-(lr=2.5e-2)-(86-params)",classic_NN_6-6,40
163.0,163,57820,CartPole-v1,"CP-ppo-ac-NN(6,6)-(lr=2.5e-2)-(86-params)",classic_NN_6-6,40
179.0,179,58052,CartPole-v1,"CP-ppo-ac-NN(6,6)-(lr=2.5e-2)-(86-params)",classic_NN_6-6,40
263.0,263,58436,CartPole-v1,"CP-ppo-ac-NN(6,6)-(lr=2.5e-2)-(86-params)",classic_NN_6-6,40
500.0,500,59064,CartPole-v1,"CP-ppo-ac-NN(6,6)-(lr=2.5e-2)-(86-params)",classic_NN_6-6,40
500.0,500,59820,CartPole-v1,"CP-ppo-ac-NN(6,6)-(lr=2.5e-2)-(86-params)",classic_NN_6-6,40
500.0,500,60052,CartPole-v1,"CP-ppo-ac-NN(6,6)-(lr=2.5e-2)-(86-params)",classic_NN_6-6,40
500.0,500,60436,CartPole-v1,"CP-ppo-ac-NN(6,6)-(lr=2.5e-2)-(86-params)",classic_NN_6-6,40
500.0,500,61064,CartPole-v1,"CP-ppo-ac-NN(6,6)-(lr=2.5e-2)-(86-params)",classic_NN_6-6,40
500.0,500,61820,CartPole-v1,"CP-ppo-ac-NN(6,6)-(lr=2.5e-2)-(86-params)",classic_NN_6-6,40
500.0,500,62052,CartPole-v1,"CP-ppo-ac-NN(6,6)-(lr=2.5e-2)-(86-params)",classic_NN_6-6,40
80.0,80,62372,CartPole-v1,"CP-ppo-ac-NN(6,6)-(lr=2.5e-2)-(86-params)",classic_NN_6-6,40
500.0,500,62436,CartPole-v1,"CP-ppo-ac-NN(6,6)-(lr=2.5e-2)-(86-params)",classic_NN_6-6,40
98.0,98,62764,CartPole-v1,"CP-ppo-ac-NN(6,6)-(lr=2.5e-2)-(86-params)",classic_NN_6-6,40
107.0,107,62864,CartPole-v1,"CP-ppo-ac-NN(6,6)-(lr=2.5e-2)-(86-params)",classic_NN_6-6,40
500.0,500,63064,CartPole-v1,"CP-ppo-ac-NN(6,6)-(lr=2.5e-2)-(86-params)",classic_NN_6-6,40
500.0,500,63820,CartPole-v1,"CP-ppo-ac-NN(6,6)-(lr=2.5e-2)-(86-params)",classic_NN_6-6,40
500.0,500,64764,CartPole-v1,"CP-ppo-ac-NN(6,6)-(lr=2.5e-2)-(86-params)",classic_NN_6-6,40
500.0,500,64864,CartPole-v1,"CP-ppo-ac-NN(6,6)-(lr=2.5e-2)-(86-params)",classic_NN_6-6,40
500.0,500,65064,CartPole-v1,"CP-ppo-ac-NN(6,6)-(lr=2.5e-2)-(86-params)",classic_NN_6-6,40
157.0,157,65492,CartPole-v1,"CP-ppo-ac-NN(6,6)-(lr=2.5e-2)-(86-params)",classic_NN_6-6,40
500.0,500,65820,CartPole-v1,"CP-ppo-ac-NN(6,6)-(lr=2.5e-2)-(86-params)",classic_NN_6-6,40
500.0,500,66764,CartPole-v1,"CP-ppo-ac-NN(6,6)-(lr=2.5e-2)-(86-params)",classic_NN_6-6,40
500.0,500,67064,CartPole-v1,"CP-ppo-ac-NN(6,6)-(lr=2.5e-2)-(86-params)",classic_NN_6-6,40
412.0,412,67468,CartPole-v1,"CP-ppo-ac-NN(6,6)-(lr=2.5e-2)-(86-params)",classic_NN_6-6,40
500.0,500,67492,CartPole-v1,"CP-ppo-ac-NN(6,6)-(lr=2.5e-2)-(86-params)",classic_NN_6-6,40
500.0,500,68764,CartPole-v1,"CP-ppo-ac-NN(6,6)-(lr=2.5e-2)-(86-params)",classic_NN_6-6,40
500.0,500,69064,CartPole-v1,"CP-ppo-ac-NN(6,6)-(lr=2.5e-2)-(86-params)",classic_NN_6-6,40
500.0,500,69468,CartPole-v1,"CP-ppo-ac-NN(6,6)-(lr=2.5e-2)-(86-params)",classic_NN_6-6,40
500.0,500,69492,CartPole-v1,"CP-ppo-ac-NN(6,6)-(lr=2.5e-2)-(86-params)",classic_NN_6-6,40
500.0,500,70764,CartPole-v1,"CP-ppo-ac-NN(6,6)-(lr=2.5e-2)-(86-params)",classic_NN_6-6,40
500.0,500,71064,CartPole-v1,"CP-ppo-ac-NN(6,6)-(lr=2.5e-2)-(86-params)",classic_NN_6-6,40
500.0,500,71468,CartPole-v1,"CP-ppo-ac-NN(6,6)-(lr=2.5e-2)-(86-params)",classic_NN_6-6,40
500.0,500,71492,CartPole-v1,"CP-ppo-ac-NN(6,6)-(lr=2.5e-2)-(86-params)",classic_NN_6-6,40
500.0,500,72764,CartPole-v1,"CP-ppo-ac-NN(6,6)-(lr=2.5e-2)-(86-params)",classic_NN_6-6,40
500.0,500,73064,CartPole-v1,"CP-ppo-ac-NN(6,6)-(lr=2.5e-2)-(86-params)",classic_NN_6-6,40
500.0,500,73468,CartPole-v1,"CP-ppo-ac-NN(6,6)-(lr=2.5e-2)-(86-params)",classic_NN_6-6,40
500.0,500,73492,CartPole-v1,"CP-ppo-ac-NN(6,6)-(lr=2.5e-2)-(86-params)",classic_NN_6-6,40
500.0,500,74764,CartPole-v1,"CP-ppo-ac-NN(6,6)-(lr=2.5e-2)-(86-params)",classic_NN_6-6,40
500.0,500,75064,CartPole-v1,"CP-ppo-ac-NN(6,6)-(lr=2.5e-2)-(86-params)",classic_NN_6-6,40
500.0,500,75468,CartPole-v1,"CP-ppo-ac-NN(6,6)-(lr=2.5e-2)-(86-params)",classic_NN_6-6,40
500.0,500,75492,CartPole-v1,"CP-ppo-ac-NN(6,6)-(lr=2.5e-2)-(86-params)",classic_NN_6-6,40
500.0,500,76764,CartPole-v1,"CP-ppo-ac-NN(6,6)-(lr=2.5e-2)-(86-params)",classic_NN_6-6,40
500.0,500,77064,CartPole-v1,"CP-ppo-ac-NN(6,6)-(lr=2.5e-2)-(86-params)",classic_NN_6-6,40
500.0,500,77468,CartPole-v1,"CP-ppo-ac-NN(6,6)-(lr=2.5e-2)-(86-params)",classic_NN_6-6,40
500.0,500,77492,CartPole-v1,"CP-ppo-ac-NN(6,6)-(lr=2.5e-2)-(86-params)",classic_NN_6-6,40
500.0,500,78764,CartPole-v1,"CP-ppo-ac-NN(6,6)-(lr=2.5e-2)-(86-params)",classic_NN_6-6,40
500.0,500,79064,CartPole-v1,"CP-ppo-ac-NN(6,6)-(lr=2.5e-2)-(86-params)",classic_NN_6-6,40
500.0,500,79468,CartPole-v1,"CP-ppo-ac-NN(6,6)-(lr=2.5e-2)-(86-params)",classic_NN_6-6,40
500.0,500,79492,CartPole-v1,"CP-ppo-ac-NN(6,6)-(lr=2.5e-2)-(86-params)",classic_NN_6-6,40
500.0,500,80764,CartPole-v1,"CP-ppo-ac-NN(6,6)-(lr=2.5e-2)-(86-params)",classic_NN_6-6,40
500.0,500,81064,CartPole-v1,"CP-ppo-ac-NN(6,6)-(lr=2.5e-2)-(86-params)",classic_NN_6-6,40
500.0,500,81468,CartPole-v1,"CP-ppo-ac-NN(6,6)-(lr=2.5e-2)-(86-params)",classic_NN_6-6,40
500.0,500,81492,CartPole-v1,"CP-ppo-ac-NN(6,6)-(lr=2.5e-2)-(86-params)",classic_NN_6-6,40
500.0,500,82764,CartPole-v1,"CP-ppo-ac-NN(6,6)-(lr=2.5e-2)-(86-params)",classic_NN_6-6,40
500.0,500,83064,CartPole-v1,"CP-ppo-ac-NN(6,6)-(lr=2.5e-2)-(86-params)",classic_NN_6-6,40
500.0,500,83468,CartPole-v1,"CP-ppo-ac-NN(6,6)-(lr=2.5e-2)-(86-params)",classic_NN_6-6,40
500.0,500,83492,CartPole-v1,"CP-ppo-ac-NN(6,6)-(lr=2.5e-2)-(86-params)",classic_NN_6-6,40
257.0,257,83792,CartPole-v1,"CP-ppo-ac-NN(6,6)-(lr=2.5e-2)-(86-params)",classic_NN_6-6,40
214.0,214,84324,CartPole-v1,"CP-ppo-ac-NN(6,6)-(lr=2.5e-2)-(86-params)",classic_NN_6-6,40
154.0,154,84408,CartPole-v1,"CP-ppo-ac-NN(6,6)-(lr=2.5e-2)-(86-params)",classic_NN_6-6,40
233.0,233,84424,CartPole-v1,"CP-ppo-ac-NN(6,6)-(lr=2.5e-2)-(86-params)",classic_NN_6-6,40
500.0,500,85064,CartPole-v1,"CP-ppo-ac-NN(6,6)-(lr=2.5e-2)-(86-params)",classic_NN_6-6,40
323.0,323,85616,CartPole-v1,"CP-ppo-ac-NN(6,6)-(lr=2.5e-2)-(86-params)",classic_NN_6-6,40
500.0,500,86408,CartPole-v1,"CP-ppo-ac-NN(6,6)-(lr=2.5e-2)-(86-params)",classic_NN_6-6,40
500.0,500,86424,CartPole-v1,"CP-ppo-ac-NN(6,6)-(lr=2.5e-2)-(86-params)",classic_NN_6-6,40
500.0,500,87064,CartPole-v1,"CP-ppo-ac-NN(6,6)-(lr=2.5e-2)-(86-params)",classic_NN_6-6,40
500.0,500,87616,CartPole-v1,"CP-ppo-ac-NN(6,6)-(lr=2.5e-2)-(86-params)",classic_NN_6-6,40
347.0,347,87812,CartPole-v1,"CP-ppo-ac-NN(6,6)-(lr=2.5e-2)-(86-params)",classic_NN_6-6,40
299.0,299,88260,CartPole-v1,"CP-ppo-ac-NN(6,6)-(lr=2.5e-2)-(86-params)",classic_NN_6-6,40
128.0,128,88324,CartPole-v1,"CP-ppo-ac-NN(6,6)-(lr=2.5e-2)-(86-params)",classic_NN_6-6,40
500.0,500,88408,CartPole-v1,"CP-ppo-ac-NN(6,6)-(lr=2.5e-2)-(86-params)",classic_NN_6-6,40
226.0,226,88520,CartPole-v1,"CP-ppo-ac-NN(6,6)-(lr=2.5e-2)-(86-params)",classic_NN_6-6,40
120.0,120,88740,CartPole-v1,"CP-ppo-ac-NN(6,6)-(lr=2.5e-2)-(86-params)",classic_NN_6-6,40
129.0,129,88840,CartPole-v1,"CP-ppo-ac-NN(6,6)-(lr=2.5e-2)-(86-params)",classic_NN_6-6,40
178.0,178,89232,CartPole-v1,"CP-ppo-ac-NN(6,6)-(lr=2.5e-2)-(86-params)",classic_NN_6-6,40
232.0,232,89336,CartPole-v1,"CP-ppo-ac-NN(6,6)-(lr=2.5e-2)-(86-params)",classic_NN_6-6,40
206.0,206,89664,CartPole-v1,"CP-ppo-ac-NN(6,6)-(lr=2.5e-2)-(86-params)",classic_NN_6-6,40
234.0,234,89676,CartPole-v1,"CP-ppo-ac-NN(6,6)-(lr=2.5e-2)-(86-params)",classic_NN_6-6,40
253.0,253,90348,CartPole-v1,"CP-ppo-ac-NN(6,6)-(lr=2.5e-2)-(86-params)",classic_NN_6-6,40
500.0,500,91232,CartPole-v1,"CP-ppo-ac-NN(6,6)-(lr=2.5e-2)-(86-params)",classic_NN_6-6,40
500.0,500,91664,CartPole-v1,"CP-ppo-ac-NN(6,6)-(lr=2.5e-2)-(86-params)",classic_NN_6-6,40
500.0,500,91676,CartPole-v1,"CP-ppo-ac-NN(6,6)-(lr=2.5e-2)-(86-params)",classic_NN_6-6,40
500.0,500,92348,CartPole-v1,"CP-ppo-ac-NN(6,6)-(lr=2.5e-2)-(86-params)",classic_NN_6-6,40
172.0,172,93036,CartPole-v1,"CP-ppo-ac-NN(6,6)-(lr=2.5e-2)-(86-params)",classic_NN_6-6,40
500.0,500,93232,CartPole-v1,"CP-ppo-ac-NN(6,6)-(lr=2.5e-2)-(86-params)",classic_NN_6-6,40
500.0,500,93664,CartPole-v1,"CP-ppo-ac-NN(6,6)-(lr=2.5e-2)-(86-params)",classic_NN_6-6,40
500.0,500,93676,CartPole-v1,"CP-ppo-ac-NN(6,6)-(lr=2.5e-2)-(86-params)",classic_NN_6-6,40
500.0,500,95036,CartPole-v1,"CP-ppo-ac-NN(6,6)-(lr=2.5e-2)-(86-params)",classic_NN_6-6,40
500.0,500,95232,CartPole-v1,"CP-ppo-ac-NN(6,6)-(lr=2.5e-2)-(86-params)",classic_NN_6-6,40
500.0,500,95664,CartPole-v1,"CP-ppo-ac-NN(6,6)-(lr=2.5e-2)-(86-params)",classic_NN_6-6,40
500.0,500,95676,CartPole-v1,"CP-ppo-ac-NN(6,6)-(lr=2.5e-2)-(86-params)",classic_NN_6-6,40
456.0,456,96860,CartPole-v1,"CP-ppo-ac-NN(6,6)-(lr=2.5e-2)-(86-params)",classic_NN_6-6,40
500.0,500,97232,CartPole-v1,"CP-ppo-ac-NN(6,6)-(lr=2.5e-2)-(86-params)",classic_NN_6-6,40
500.0,500,97664,CartPole-v1,"CP-ppo-ac-NN(6,6)-(lr=2.5e-2)-(86-params)",classic_NN_6-6,40
500.0,500,97676,CartPole-v1,"CP-ppo-ac-NN(6,6)-(lr=2.5e-2)-(86-params)",classic_NN_6-6,40
500.0,500,98860,CartPole-v1,"CP-ppo-ac-NN(6,6)-(lr=2.5e-2)-(86-params)",classic_NN_6-6,40
500.0,500,99232,CartPole-v1,"CP-ppo-ac-NN(6,6)-(lr=2.5e-2)-(86-params)",classic_NN_6-6,40
500.0,500,99664,CartPole-v1,"CP-ppo-ac-NN(6,6)-(lr=2.5e-2)-(86-params)",classic_NN_6-6,40
500.0,500,99676,CartPole-v1,"CP-ppo-ac-NN(6,6)-(lr=2.5e-2)-(86-params)",classic_NN_6-6,40
500.0,500,100860,CartPole-v1,"CP-ppo-ac-NN(6,6)-(lr=2.5e-2)-(86-params)",classic_NN_6-6,40
500.0,500,101232,CartPole-v1,"CP-ppo-ac-NN(6,6)-(lr=2.5e-2)-(86-params)",classic_NN_6-6,40
500.0,500,101664,CartPole-v1,"CP-ppo-ac-NN(6,6)-(lr=2.5e-2)-(86-params)",classic_NN_6-6,40
500.0,500,101676,CartPole-v1,"CP-ppo-ac-NN(6,6)-(lr=2.5e-2)-(86-params)",classic_NN_6-6,40
385.0,385,102400,CartPole-v1,"CP-ppo-ac-NN(6,6)-(lr=2.5e-2)-(86-params)",classic_NN_6-6,40
500.0,500,103232,CartPole-v1,"CP-ppo-ac-NN(6,6)-(lr=2.5e-2)-(86-params)",classic_NN_6-6,40
500.0,500,103664,CartPole-v1,"CP-ppo-ac-NN(6,6)-(lr=2.5e-2)-(86-params)",classic_NN_6-6,40
500.0,500,103676,CartPole-v1,"CP-ppo-ac-NN(6,6)-(lr=2.5e-2)-(86-params)",classic_NN_6-6,40
500.0,500,104400,CartPole-v1,"CP-ppo-ac-NN(6,6)-(lr=2.5e-2)-(86-params)",classic_NN_6-6,40
500.0,500,105232,CartPole-v1,"CP-ppo-ac-NN(6,6)-(lr=2.5e-2)-(86-params)",classic_NN_6-6,40
500.0,500,105664,CartPole-v1,"CP-ppo-ac-NN(6,6)-(lr=2.5e-2)-(86-params)",classic_NN_6-6,40
500.0,500,105676,CartPole-v1,"CP-ppo-ac-NN(6,6)-(lr=2.5e-2)-(86-params)",classic_NN_6-6,40
500.0,500,106400,CartPole-v1,"CP-ppo-ac-NN(6,6)-(lr=2.5e-2)-(86-params)",classic_NN_6-6,40
500.0,500,107232,CartPole-v1,"CP-ppo-ac-NN(6,6)-(lr=2.5e-2)-(86-params)",classic_NN_6-6,40
500.0,500,107664,CartPole-v1,"CP-ppo-ac-NN(6,6)-(lr=2.5e-2)-(86-params)",classic_NN_6-6,40
500.0,500,107676,CartPole-v1,"CP-ppo-ac-NN(6,6)-(lr=2.5e-2)-(86-params)",classic_NN_6-6,40
500.0,500,108400,CartPole-v1,"CP-ppo-ac-NN(6,6)-(lr=2.5e-2)-(86-params)",classic_NN_6-6,40
500.0,500,109232,CartPole-v1,"CP-ppo-ac-NN(6,6)-(lr=2.5e-2)-(86-params)",classic_NN_6-6,40
500.0,500,109664,CartPole-v1,"CP-ppo-ac-NN(6,6)-(lr=2.5e-2)-(86-params)",classic_NN_6-6,40
500.0,500,109676,CartPole-v1,"CP-ppo-ac-NN(6,6)-(lr=2.5e-2)-(86-params)",classic_NN_6-6,40
500.0,500,110400,CartPole-v1,"CP-ppo-ac-NN(6,6)-(lr=2.5e-2)-(86-params)",classic_NN_6-6,40
500.0,500,111232,CartPole-v1,"CP-ppo-ac-NN(6,6)-(lr=2.5e-2)-(86-params)",classic_NN_6-6,40
500.0,500,111664,CartPole-v1,"CP-ppo-ac-NN(6,6)-(lr=2.5e-2)-(86-params)",classic_NN_6-6,40
500.0,500,111676,CartPole-v1,"CP-ppo-ac-NN(6,6)-(lr=2.5e-2)-(86-params)",classic_NN_6-6,40
500.0,500,112400,CartPole-v1,"CP-ppo-ac-NN(6,6)-(lr=2.5e-2)-(86-params)",classic_NN_6-6,40
500.0,500,113232,CartPole-v1,"CP-ppo-ac-NN(6,6)-(lr=2.5e-2)-(86-params)",classic_NN_6-6,40
500.0,500,113664,CartPole-v1,"CP-ppo-ac-NN(6,6)-(lr=2.5e-2)-(86-params)",classic_NN_6-6,40
500.0,500,113676,CartPole-v1,"CP-ppo-ac-NN(6,6)-(lr=2.5e-2)-(86-params)",classic_NN_6-6,40
500.0,500,114400,CartPole-v1,"CP-ppo-ac-NN(6,6)-(lr=2.5e-2)-(86-params)",classic_NN_6-6,40
500.0,500,115232,CartPole-v1,"CP-ppo-ac-NN(6,6)-(lr=2.5e-2)-(86-params)",classic_NN_6-6,40
500.0,500,115664,CartPole-v1,"CP-ppo-ac-NN(6,6)-(lr=2.5e-2)-(86-params)",classic_NN_6-6,40
500.0,500,115676,CartPole-v1,"CP-ppo-ac-NN(6,6)-(lr=2.5e-2)-(86-params)",classic_NN_6-6,40
500.0,500,116400,CartPole-v1,"CP-ppo-ac-NN(6,6)-(lr=2.5e-2)-(86-params)",classic_NN_6-6,40
500.0,500,117232,CartPole-v1,"CP-ppo-ac-NN(6,6)-(lr=2.5e-2)-(86-params)",classic_NN_6-6,40
435.0,435,117416,CartPole-v1,"CP-ppo-ac-NN(6,6)-(lr=2.5e-2)-(86-params)",classic_NN_6-6,40
500.0,500,117664,CartPole-v1,"CP-ppo-ac-NN(6,6)-(lr=2.5e-2)-(86-params)",classic_NN_6-6,40
118.0,118,118136,CartPole-v1,"CP-ppo-ac-NN(6,6)-(lr=2.5e-2)-(86-params)",classic_NN_6-6,40
241.0,241,118380,CartPole-v1,"CP-ppo-ac-NN(6,6)-(lr=2.5e-2)-(86-params)",classic_NN_6-6,40
500.0,500,118400,CartPole-v1,"CP-ppo-ac-NN(6,6)-(lr=2.5e-2)-(86-params)",classic_NN_6-6,40
500.0,500,119232,CartPole-v1,"CP-ppo-ac-NN(6,6)-(lr=2.5e-2)-(86-params)",classic_NN_6-6,40
500.0,500,120136,CartPole-v1,"CP-ppo-ac-NN(6,6)-(lr=2.5e-2)-(86-params)",classic_NN_6-6,40
500.0,500,120380,CartPole-v1,"CP-ppo-ac-NN(6,6)-(lr=2.5e-2)-(86-params)",classic_NN_6-6,40
500.0,500,120400,CartPole-v1,"CP-ppo-ac-NN(6,6)-(lr=2.5e-2)-(86-params)",classic_NN_6-6,40
500.0,500,121232,CartPole-v1,"CP-ppo-ac-NN(6,6)-(lr=2.5e-2)-(86-params)",classic_NN_6-6,40
500.0,500,122136,CartPole-v1,"CP-ppo-ac-NN(6,6)-(lr=2.5e-2)-(86-params)",classic_NN_6-6,40
500.0,500,122380,CartPole-v1,"CP-ppo-ac-NN(6,6)-(lr=2.5e-2)-(86-params)",classic_NN_6-6,40
500.0,500,122400,CartPole-v1,"CP-ppo-ac-NN(6,6)-(lr=2.5e-2)-(86-params)",classic_NN_6-6,40
500.0,500,123232,CartPole-v1,"CP-ppo-ac-NN(6,6)-(lr=2.5e-2)-(86-params)",classic_NN_6-6,40
500.0,500,124136,CartPole-v1,"CP-ppo-ac-NN(6,6)-(lr=2.5e-2)-(86-params)",classic_NN_6-6,40
500.0,500,124380,CartPole-v1,"CP-ppo-ac-NN(6,6)-(lr=2.5e-2)-(86-params)",classic_NN_6-6,40
500.0,500,124400,CartPole-v1,"CP-ppo-ac-NN(6,6)-(lr=2.5e-2)-(86-params)",classic_NN_6-6,40
392.0,392,124800,CartPole-v1,"CP-ppo-ac-NN(6,6)-(lr=2.5e-2)-(86-params)",classic_NN_6-6,40
254.0,254,125152,CartPole-v1,"CP-ppo-ac-NN(6,6)-(lr=2.5e-2)-(86-params)",classic_NN_6-6,40
500.0,500,126380,CartPole-v1,"CP-ppo-ac-NN(6,6)-(lr=2.5e-2)-(86-params)",classic_NN_6-6,40
500.0,500,126400,CartPole-v1,"CP-ppo-ac-NN(6,6)-(lr=2.5e-2)-(86-params)",classic_NN_6-6,40
500.0,500,126800,CartPole-v1,"CP-ppo-ac-NN(6,6)-(lr=2.5e-2)-(86-params)",classic_NN_6-6,40
133.0,133,126912,CartPole-v1,"CP-ppo-ac-NN(6,6)-(lr=2.5e-2)-(86-params)",classic_NN_6-6,40
500.0,500,127152,CartPole-v1,"CP-ppo-ac-NN(6,6)-(lr=2.5e-2)-(86-params)",classic_NN_6-6,40
500.0,500,128400,CartPole-v1,"CP-ppo-ac-NN(6,6)-(lr=2.5e-2)-(86-params)",classic_NN_6-6,40
500.0,500,128800,CartPole-v1,"CP-ppo-ac-NN(6,6)-(lr=2.5e-2)-(86-params)",classic_NN_6-6,40
500.0,500,128912,CartPole-v1,"CP-ppo-ac-NN(6,6)-(lr=2.5e-2)-(86-params)",classic_NN_6-6,40
500.0,500,129152,CartPole-v1,"CP-ppo-ac-NN(6,6)-(lr=2.5e-2)-(86-params)",classic_NN_6-6,40
500.0,500,130400,CartPole-v1,"CP-ppo-ac-NN(6,6)-(lr=2.5e-2)-(86-params)",classic_NN_6-6,40
500.0,500,130800,CartPole-v1,"CP-ppo-ac-NN(6,6)-(lr=2.5e-2)-(86-params)",classic_NN_6-6,40
500.0,500,130912,CartPole-v1,"CP-ppo-ac-NN(6,6)-(lr=2.5e-2)-(86-params)",classic_NN_6-6,40
500.0,500,131152,CartPole-v1,"CP-ppo-ac-NN(6,6)-(lr=2.5e-2)-(86-params)",classic_NN_6-6,40
500.0,500,132400,CartPole-v1,"CP-ppo-ac-NN(6,6)-(lr=2.5e-2)-(86-params)",classic_NN_6-6,40
500.0,500,132800,CartPole-v1,"CP-ppo-ac-NN(6,6)-(lr=2.5e-2)-(86-params)",classic_NN_6-6,40
500.0,500,132912,CartPole-v1,"CP-ppo-ac-NN(6,6)-(lr=2.5e-2)-(86-params)",classic_NN_6-6,40
500.0,500,133152,CartPole-v1,"CP-ppo-ac-NN(6,6)-(lr=2.5e-2)-(86-params)",classic_NN_6-6,40
500.0,500,134400,CartPole-v1,"CP-ppo-ac-NN(6,6)-(lr=2.5e-2)-(86-params)",classic_NN_6-6,40
500.0,500,134800,CartPole-v1,"CP-ppo-ac-NN(6,6)-(lr=2.5e-2)-(86-params)",classic_NN_6-6,40
500.0,500,134912,CartPole-v1,"CP-ppo-ac-NN(6,6)-(lr=2.5e-2)-(86-params)",classic_NN_6-6,40
500.0,500,135152,CartPole-v1,"CP-ppo-ac-NN(6,6)-(lr=2.5e-2)-(86-params)",classic_NN_6-6,40
500.0,500,136400,CartPole-v1,"CP-ppo-ac-NN(6,6)-(lr=2.5e-2)-(86-params)",classic_NN_6-6,40
500.0,500,136800,CartPole-v1,"CP-ppo-ac-NN(6,6)-(lr=2.5e-2)-(86-params)",classic_NN_6-6,40
500.0,500,136912,CartPole-v1,"CP-ppo-ac-NN(6,6)-(lr=2.5e-2)-(86-params)",classic_NN_6-6,40
500.0,500,137152,CartPole-v1,"CP-ppo-ac-NN(6,6)-(lr=2.5e-2)-(86-params)",classic_NN_6-6,40
226.0,226,137304,CartPole-v1,"CP-ppo-ac-NN(6,6)-(lr=2.5e-2)-(86-params)",classic_NN_6-6,40
364.0,364,138760,CartPole-v1,"CP-ppo-ac-NN(6,6)-(lr=2.5e-2)-(86-params)",classic_NN_6-6,40
500.0,500,138800,CartPole-v1,"CP-ppo-ac-NN(6,6)-(lr=2.5e-2)-(86-params)",classic_NN_6-6,40
500.0,500,138912,CartPole-v1,"CP-ppo-ac-NN(6,6)-(lr=2.5e-2)-(86-params)",classic_NN_6-6,40
500.0,500,139152,CartPole-v1,"CP-ppo-ac-NN(6,6)-(lr=2.5e-2)-(86-params)",classic_NN_6-6,40
240.0,240,140112,CartPole-v1,"CP-ppo-ac-NN(6,6)-(lr=2.5e-2)-(86-params)",classic_NN_6-6,40
378.0,378,140272,CartPole-v1,"CP-ppo-ac-NN(6,6)-(lr=2.5e-2)-(86-params)",classic_NN_6-6,40
410.0,410,140440,CartPole-v1,"CP-ppo-ac-NN(6,6)-(lr=2.5e-2)-(86-params)",classic_NN_6-6,40
500.0,500,140912,CartPole-v1,"CP-ppo-ac-NN(6,6)-(lr=2.5e-2)-(86-params)",classic_NN_6-6,40
180.0,180,140992,CartPole-v1,"CP-ppo-ac-NN(6,6)-(lr=2.5e-2)-(86-params)",classic_NN_6-6,40
236.0,236,141384,CartPole-v1,"CP-ppo-ac-NN(6,6)-(lr=2.5e-2)-(86-params)",classic_NN_6-6,40
189.0,189,141748,CartPole-v1,"CP-ppo-ac-NN(6,6)-(lr=2.5e-2)-(86-params)",classic_NN_6-6,40
231.0,231,141836,CartPole-v1,"CP-ppo-ac-NN(6,6)-(lr=2.5e-2)-(86-params)",classic_NN_6-6,40
162.0,162,142032,CartPole-v1,"CP-ppo-ac-NN(6,6)-(lr=2.5e-2)-(86-params)",classic_NN_6-6,40
500.0,500,142112,CartPole-v1,"CP-ppo-ac-NN(6,6)-(lr=2.5e-2)-(86-params)",classic_NN_6-6,40
260.0,260,142788,CartPole-v1,"CP-ppo-ac-NN(6,6)-(lr=2.5e-2)-(86-params)",classic_NN_6-6,40
243.0,243,143004,CartPole-v1,"CP-ppo-ac-NN(6,6)-(lr=2.5e-2)-(86-params)",classic_NN_6-6,40
500.0,500,143836,CartPole-v1,"CP-ppo-ac-NN(6,6)-(lr=2.5e-2)-(86-params)",classic_NN_6-6,40
500.0,500,144112,CartPole-v1,"CP-ppo-ac-NN(6,6)-(lr=2.5e-2)-(86-params)",classic_NN_6-6,40
500.0,500,144788,CartPole-v1,"CP-ppo-ac-NN(6,6)-(lr=2.5e-2)-(86-params)",classic_NN_6-6,40
500.0,500,145004,CartPole-v1,"CP-ppo-ac-NN(6,6)-(lr=2.5e-2)-(86-params)",classic_NN_6-6,40
401.0,401,145440,CartPole-v1,"CP-ppo-ac-NN(6,6)-(lr=2.5e-2)-(86-params)",classic_NN_6-6,40
222.0,222,145676,CartPole-v1,"CP-ppo-ac-NN(6,6)-(lr=2.5e-2)-(86-params)",classic_NN_6-6,40
473.0,473,146004,CartPole-v1,"CP-ppo-ac-NN(6,6)-(lr=2.5e-2)-(86-params)",classic_NN_6-6,40
145.0,145,146020,CartPole-v1,"CP-ppo-ac-NN(6,6)-(lr=2.5e-2)-(86-params)",classic_NN_6-6,40
500.0,500,147004,CartPole-v1,"CP-ppo-ac-NN(6,6)-(lr=2.5e-2)-(86-params)",classic_NN_6-6,40
500.0,500,147676,CartPole-v1,"CP-ppo-ac-NN(6,6)-(lr=2.5e-2)-(86-params)",classic_NN_6-6,40
500.0,500,148004,CartPole-v1,"CP-ppo-ac-NN(6,6)-(lr=2.5e-2)-(86-params)",classic_NN_6-6,40
500.0,500,148020,CartPole-v1,"CP-ppo-ac-NN(6,6)-(lr=2.5e-2)-(86-params)",classic_NN_6-6,40
500.0,500,149004,CartPole-v1,"CP-ppo-ac-NN(6,6)-(lr=2.5e-2)-(86-params)",classic_NN_6-6,40
500.0,500,149676,CartPole-v1,"CP-ppo-ac-NN(6,6)-(lr=2.5e-2)-(86-params)",classic_NN_6-6,40
500.0,500,150004,CartPole-v1,"CP-ppo-ac-NN(6,6)-(lr=2.5e-2)-(86-params)",classic_NN_6-6,40
500.0,500,150020,CartPole-v1,"CP-ppo-ac-NN(6,6)-(lr=2.5e-2)-(86-params)",classic_NN_6-6,40
261.0,261,150720,CartPole-v1,"CP-ppo-ac-NN(6,6)-(lr=2.5e-2)-(86-params)",classic_NN_6-6,40
500.0,500,151004,CartPole-v1,"CP-ppo-ac-NN(6,6)-(lr=2.5e-2)-(86-params)",classic_NN_6-6,40
500.0,500,152004,CartPole-v1,"CP-ppo-ac-NN(6,6)-(lr=2.5e-2)-(86-params)",classic_NN_6-6,40
500.0,500,152020,CartPole-v1,"CP-ppo-ac-NN(6,6)-(lr=2.5e-2)-(86-params)",classic_NN_6-6,40
500.0,500,152720,CartPole-v1,"CP-ppo-ac-NN(6,6)-(lr=2.5e-2)-(86-params)",classic_NN_6-6,40
500.0,500,153004,CartPole-v1,"CP-ppo-ac-NN(6,6)-(lr=2.5e-2)-(86-params)",classic_NN_6-6,40
500.0,500,154004,CartPole-v1,"CP-ppo-ac-NN(6,6)-(lr=2.5e-2)-(86-params)",classic_NN_6-6,40
500.0,500,154020,CartPole-v1,"CP-ppo-ac-NN(6,6)-(lr=2.5e-2)-(86-params)",classic_NN_6-6,40
500.0,500,154720,CartPole-v1,"CP-ppo-ac-NN(6,6)-(lr=2.5e-2)-(86-params)",classic_NN_6-6,40
500.0,500,155004,CartPole-v1,"CP-ppo-ac-NN(6,6)-(lr=2.5e-2)-(86-params)",classic_NN_6-6,40
500.0,500,156004,CartPole-v1,"CP-ppo-ac-NN(6,6)-(lr=2.5e-2)-(86-params)",classic_NN_6-6,40
500.0,500,156020,CartPole-v1,"CP-ppo-ac-NN(6,6)-(lr=2.5e-2)-(86-params)",classic_NN_6-6,40
500.0,500,156720,CartPole-v1,"CP-ppo-ac-NN(6,6)-(lr=2.5e-2)-(86-params)",classic_NN_6-6,40
500.0,500,157004,CartPole-v1,"CP-ppo-ac-NN(6,6)-(lr=2.5e-2)-(86-params)",classic_NN_6-6,40
316.0,316,157268,CartPole-v1,"CP-ppo-ac-NN(6,6)-(lr=2.5e-2)-(86-params)",classic_NN_6-6,40
330.0,330,157340,CartPole-v1,"CP-ppo-ac-NN(6,6)-(lr=2.5e-2)-(86-params)",classic_NN_6-6,40
267.0,267,157788,CartPole-v1,"CP-ppo-ac-NN(6,6)-(lr=2.5e-2)-(86-params)",classic_NN_6-6,40
299.0,299,158464,CartPole-v1,"CP-ppo-ac-NN(6,6)-(lr=2.5e-2)-(86-params)",classic_NN_6-6,40
500.0,500,159004,CartPole-v1,"CP-ppo-ac-NN(6,6)-(lr=2.5e-2)-(86-params)",classic_NN_6-6,40
500.0,500,159340,CartPole-v1,"CP-ppo-ac-NN(6,6)-(lr=2.5e-2)-(86-params)",classic_NN_6-6,40
500.0,500,159788,CartPole-v1,"CP-ppo-ac-NN(6,6)-(lr=2.5e-2)-(86-params)",classic_NN_6-6,40
500.0,500,160464,CartPole-v1,"CP-ppo-ac-NN(6,6)-(lr=2.5e-2)-(86-params)",classic_NN_6-6,40
500.0,500,161004,CartPole-v1,"CP-ppo-ac-NN(6,6)-(lr=2.5e-2)-(86-params)",classic_NN_6-6,40
500.0,500,161340,CartPole-v1,"CP-ppo-ac-NN(6,6)-(lr=2.5e-2)-(86-params)",classic_NN_6-6,40
500.0,500,161788,CartPole-v1,"CP-ppo-ac-NN(6,6)-(lr=2.5e-2)-(86-params)",classic_NN_6-6,40
409.0,409,162100,CartPole-v1,"CP-ppo-ac-NN(6,6)-(lr=2.5e-2)-(86-params)",classic_NN_6-6,40
358.0,358,162436,CartPole-v1,"CP-ppo-ac-NN(6,6)-(lr=2.5e-2)-(86-params)",classic_NN_6-6,40
500.0,500,163340,CartPole-v1,"CP-ppo-ac-NN(6,6)-(lr=2.5e-2)-(86-params)",classic_NN_6-6,40
500.0,500,163788,CartPole-v1,"CP-ppo-ac-NN(6,6)-(lr=2.5e-2)-(86-params)",classic_NN_6-6,40
500.0,500,164100,CartPole-v1,"CP-ppo-ac-NN(6,6)-(lr=2.5e-2)-(86-params)",classic_NN_6-6,40
500.0,500,164436,CartPole-v1,"CP-ppo-ac-NN(6,6)-(lr=2.5e-2)-(86-params)",classic_NN_6-6,40
500.0,500,165340,CartPole-v1,"CP-ppo-ac-NN(6,6)-(lr=2.5e-2)-(86-params)",classic_NN_6-6,40
500.0,500,165788,CartPole-v1,"CP-ppo-ac-NN(6,6)-(lr=2.5e-2)-(86-params)",classic_NN_6-6,40
500.0,500,166100,CartPole-v1,"CP-ppo-ac-NN(6,6)-(lr=2.5e-2)-(86-params)",classic_NN_6-6,40
500.0,500,166436,CartPole-v1,"CP-ppo-ac-NN(6,6)-(lr=2.5e-2)-(86-params)",classic_NN_6-6,40
500.0,500,167340,CartPole-v1,"CP-ppo-ac-NN(6,6)-(lr=2.5e-2)-(86-params)",classic_NN_6-6,40
500.0,500,167788,CartPole-v1,"CP-ppo-ac-NN(6,6)-(lr=2.5e-2)-(86-params)",classic_NN_6-6,40
500.0,500,168100,CartPole-v1,"CP-ppo-ac-NN(6,6)-(lr=2.5e-2)-(86-params)",classic_NN_6-6,40
500.0,500,168436,CartPole-v1,"CP-ppo-ac-NN(6,6)-(lr=2.5e-2)-(86-params)",classic_NN_6-6,40
500.0,500,169340,CartPole-v1,"CP-ppo-ac-NN(6,6)-(lr=2.5e-2)-(86-params)",classic_NN_6-6,40
500.0,500,169788,CartPole-v1,"CP-ppo-ac-NN(6,6)-(lr=2.5e-2)-(86-params)",classic_NN_6-6,40
188.0,188,170092,CartPole-v1,"CP-ppo-ac-NN(6,6)-(lr=2.5e-2)-(86-params)",classic_NN_6-6,40
500.0,500,170100,CartPole-v1,"CP-ppo-ac-NN(6,6)-(lr=2.5e-2)-(86-params)",classic_NN_6-6,40
454.0,454,170252,CartPole-v1,"CP-ppo-ac-NN(6,6)-(lr=2.5e-2)-(86-params)",classic_NN_6-6,40
248.0,248,170780,CartPole-v1,"CP-ppo-ac-NN(6,6)-(lr=2.5e-2)-(86-params)",classic_NN_6-6,40
257.0,257,171128,CartPole-v1,"CP-ppo-ac-NN(6,6)-(lr=2.5e-2)-(86-params)",classic_NN_6-6,40
275.0,275,171192,CartPole-v1,"CP-ppo-ac-NN(6,6)-(lr=2.5e-2)-(86-params)",classic_NN_6-6,40
246.0,246,171236,CartPole-v1,"CP-ppo-ac-NN(6,6)-(lr=2.5e-2)-(86-params)",classic_NN_6-6,40
500.0,500,172780,CartPole-v1,"CP-ppo-ac-NN(6,6)-(lr=2.5e-2)-(86-params)",classic_NN_6-6,40
500.0,500,173128,CartPole-v1,"CP-ppo-ac-NN(6,6)-(lr=2.5e-2)-(86-params)",classic_NN_6-6,40
500.0,500,173192,CartPole-v1,"CP-ppo-ac-NN(6,6)-(lr=2.5e-2)-(86-params)",classic_NN_6-6,40
500.0,500,173236,CartPole-v1,"CP-ppo-ac-NN(6,6)-(lr=2.5e-2)-(86-params)",classic_NN_6-6,40
500.0,500,174780,CartPole-v1,"CP-ppo-ac-NN(6,6)-(lr=2.5e-2)-(86-params)",classic_NN_6-6,40
500.0,500,175128,CartPole-v1,"CP-ppo-ac-NN(6,6)-(lr=2.5e-2)-(86-params)",classic_NN_6-6,40
500.0,500,175192,CartPole-v1,"CP-ppo-ac-NN(6,6)-(lr=2.5e-2)-(86-params)",classic_NN_6-6,40
500.0,500,175236,CartPole-v1,"CP-ppo-ac-NN(6,6)-(lr=2.5e-2)-(86-params)",classic_NN_6-6,40
500.0,500,176780,CartPole-v1,"CP-ppo-ac-NN(6,6)-(lr=2.5e-2)-(86-params)",classic_NN_6-6,40
500.0,500,177128,CartPole-v1,"CP-ppo-ac-NN(6,6)-(lr=2.5e-2)-(86-params)",classic_NN_6-6,40
500.0,500,177192,CartPole-v1,"CP-ppo-ac-NN(6,6)-(lr=2.5e-2)-(86-params)",classic_NN_6-6,40
500.0,500,177236,CartPole-v1,"CP-ppo-ac-NN(6,6)-(lr=2.5e-2)-(86-params)",classic_NN_6-6,40
500.0,500,178780,CartPole-v1,"CP-ppo-ac-NN(6,6)-(lr=2.5e-2)-(86-params)",classic_NN_6-6,40
500.0,500,179128,CartPole-v1,"CP-ppo-ac-NN(6,6)-(lr=2.5e-2)-(86-params)",classic_NN_6-6,40
500.0,500,179192,CartPole-v1,"CP-ppo-ac-NN(6,6)-(lr=2.5e-2)-(86-params)",classic_NN_6-6,40
500.0,500,179236,CartPole-v1,"CP-ppo-ac-NN(6,6)-(lr=2.5e-2)-(86-params)",classic_NN_6-6,40
500.0,500,180780,CartPole-v1,"CP-ppo-ac-NN(6,6)-(lr=2.5e-2)-(86-params)",classic_NN_6-6,40
500.0,500,181128,CartPole-v1,"CP-ppo-ac-NN(6,6)-(lr=2.5e-2)-(86-params)",classic_NN_6-6,40
500.0,500,181192,CartPole-v1,"CP-ppo-ac-NN(6,6)-(lr=2.5e-2)-(86-params)",classic_NN_6-6,40
500.0,500,181236,CartPole-v1,"CP-ppo-ac-NN(6,6)-(lr=2.5e-2)-(86-params)",classic_NN_6-6,40
500.0,500,182780,CartPole-v1,"CP-ppo-ac-NN(6,6)-(lr=2.5e-2)-(86-params)",classic_NN_6-6,40
500.0,500,183128,CartPole-v1,"CP-ppo-ac-NN(6,6)-(lr=2.5e-2)-(86-params)",classic_NN_6-6,40
500.0,500,183192,CartPole-v1,"CP-ppo-ac-NN(6,6)-(lr=2.5e-2)-(86-params)",classic_NN_6-6,40
500.0,500,183236,CartPole-v1,"CP-ppo-ac-NN(6,6)-(lr=2.5e-2)-(86-params)",classic_NN_6-6,40
500.0,500,184780,CartPole-v1,"CP-ppo-ac-NN(6,6)-(lr=2.5e-2)-(86-params)",classic_NN_6-6,40
500.0,500,185128,CartPole-v1,"CP-ppo-ac-NN(6,6)-(lr=2.5e-2)-(86-params)",classic_NN_6-6,40
500.0,500,185192,CartPole-v1,"CP-ppo-ac-NN(6,6)-(lr=2.5e-2)-(86-params)",classic_NN_6-6,40
500.0,500,185236,CartPole-v1,"CP-ppo-ac-NN(6,6)-(lr=2.5e-2)-(86-params)",classic_NN_6-6,40
500.0,500,186780,CartPole-v1,"CP-ppo-ac-NN(6,6)-(lr=2.5e-2)-(86-params)",classic_NN_6-6,40
500.0,500,187128,CartPole-v1,"CP-ppo-ac-NN(6,6)-(lr=2.5e-2)-(86-params)",classic_NN_6-6,40
500.0,500,187192,CartPole-v1,"CP-ppo-ac-NN(6,6)-(lr=2.5e-2)-(86-params)",classic_NN_6-6,40
500.0,500,187236,CartPole-v1,"CP-ppo-ac-NN(6,6)-(lr=2.5e-2)-(86-params)",classic_NN_6-6,40
500.0,500,188780,CartPole-v1,"CP-ppo-ac-NN(6,6)-(lr=2.5e-2)-(86-params)",classic_NN_6-6,40
500.0,500,189128,CartPole-v1,"CP-ppo-ac-NN(6,6)-(lr=2.5e-2)-(86-params)",classic_NN_6-6,40
500.0,500,189192,CartPole-v1,"CP-ppo-ac-NN(6,6)-(lr=2.5e-2)-(86-params)",classic_NN_6-6,40
500.0,500,189236,CartPole-v1,"CP-ppo-ac-NN(6,6)-(lr=2.5e-2)-(86-params)",classic_NN_6-6,40
231.0,231,190052,CartPole-v1,"CP-ppo-ac-NN(6,6)-(lr=2.5e-2)-(86-params)",classic_NN_6-6,40
256.0,256,190216,CartPole-v1,"CP-ppo-ac-NN(6,6)-(lr=2.5e-2)-(86-params)",classic_NN_6-6,40
291.0,291,190400,CartPole-v1,"CP-ppo-ac-NN(6,6)-(lr=2.5e-2)-(86-params)",classic_NN_6-6,40
500.0,500,190780,CartPole-v1,"CP-ppo-ac-NN(6,6)-(lr=2.5e-2)-(86-params)",classic_NN_6-6,40
354.0,354,191468,CartPole-v1,"CP-ppo-ac-NN(6,6)-(lr=2.5e-2)-(86-params)",classic_NN_6-6,40
220.0,220,191660,CartPole-v1,"CP-ppo-ac-NN(6,6)-(lr=2.5e-2)-(86-params)",classic_NN_6-6,40
344.0,344,191776,CartPole-v1,"CP-ppo-ac-NN(6,6)-(lr=2.5e-2)-(86-params)",classic_NN_6-6,40
423.0,423,191908,CartPole-v1,"CP-ppo-ac-NN(6,6)-(lr=2.5e-2)-(86-params)",classic_NN_6-6,40
500.0,500,193468,CartPole-v1,"CP-ppo-ac-NN(6,6)-(lr=2.5e-2)-(86-params)",classic_NN_6-6,40
500.0,500,193660,CartPole-v1,"CP-ppo-ac-NN(6,6)-(lr=2.5e-2)-(86-params)",classic_NN_6-6,40
500.0,500,193776,CartPole-v1,"CP-ppo-ac-NN(6,6)-(lr=2.5e-2)-(86-params)",classic_NN_6-6,40
500.0,500,193908,CartPole-v1,"CP-ppo-ac-NN(6,6)-(lr=2.5e-2)-(86-params)",classic_NN_6-6,40
500.0,500,195468,CartPole-v1,"CP-ppo-ac-NN(6,6)-(lr=2.5e-2)-(86-params)",classic_NN_6-6,40
500.0,500,195660,CartPole-v1,"CP-ppo-ac-NN(6,6)-(lr=2.5e-2)-(86-params)",classic_NN_6-6,40
500.0,500,195776,CartPole-v1,"CP-ppo-ac-NN(6,6)-(lr=2.5e-2)-(86-params)",classic_NN_6-6,40
500.0,500,195908,CartPole-v1,"CP-ppo-ac-NN(6,6)-(lr=2.5e-2)-(86-params)",classic_NN_6-6,40
355.0,355,197196,CartPole-v1,"CP-ppo-ac-NN(6,6)-(lr=2.5e-2)-(86-params)",classic_NN_6-6,40
500.0,500,197468,CartPole-v1,"CP-ppo-ac-NN(6,6)-(lr=2.5e-2)-(86-params)",classic_NN_6-6,40
500.0,500,197660,CartPole-v1,"CP-ppo-ac-NN(6,6)-(lr=2.5e-2)-(86-params)",classic_NN_6-6,40
500.0,500,197908,CartPole-v1,"CP-ppo-ac-NN(6,6)-(lr=2.5e-2)-(86-params)",classic_NN_6-6,40
500.0,500,199196,CartPole-v1,"CP-ppo-ac-NN(6,6)-(lr=2.5e-2)-(86-params)",classic_NN_6-6,40
500.0,500,199468,CartPole-v1,"CP-ppo-ac-NN(6,6)-(lr=2.5e-2)-(86-params)",classic_NN_6-6,40
500.0,500,199660,CartPole-v1,"CP-ppo-ac-NN(6,6)-(lr=2.5e-2)-(86-params)",classic_NN_6-6,40
500.0,500,199908,CartPole-v1,"CP-ppo-ac-NN(6,6)-(lr=2.5e-2)-(86-params)",classic_NN_6-6,40
500.0,500,201196,CartPole-v1,"CP-ppo-ac-NN(6,6)-(lr=2.5e-2)-(86-params)",classic_NN_6-6,40
500.0,500,201468,CartPole-v1,"CP-ppo-ac-NN(6,6)-(lr=2.5e-2)-(86-params)",classic_NN_6-6,40
500.0,500,201660,CartPole-v1,"CP-ppo-ac-NN(6,6)-(lr=2.5e-2)-(86-params)",classic_NN_6-6,40
500.0,500,201908,CartPole-v1,"CP-ppo-ac-NN(6,6)-(lr=2.5e-2)-(86-params)",classic_NN_6-6,40
384.0,384,203004,CartPole-v1,"CP-ppo-ac-NN(6,6)-(lr=2.5e-2)-(86-params)",classic_NN_6-6,40
500.0,500,203196,CartPole-v1,"CP-ppo-ac-NN(6,6)-(lr=2.5e-2)-(86-params)",classic_NN_6-6,40
500.0,500,203660,CartPole-v1,"CP-ppo-ac-NN(6,6)-(lr=2.5e-2)-(86-params)",classic_NN_6-6,40
500.0,500,203908,CartPole-v1,"CP-ppo-ac-NN(6,6)-(lr=2.5e-2)-(86-params)",classic_NN_6-6,40
451.0,451,205000,CartPole-v1,"CP-ppo-ac-NN(6,6)-(lr=2.5e-2)-(86-params)",classic_NN_6-6,40
500.0,500,205004,CartPole-v1,"CP-ppo-ac-NN(6,6)-(lr=2.5e-2)-(86-params)",classic_NN_6-6,40
500.0,500,205660,CartPole-v1,"CP-ppo-ac-NN(6,6)-(lr=2.5e-2)-(86-params)",classic_NN_6-6,40
207.0,207,205828,CartPole-v1,"CP-ppo-ac-NN(6,6)-(lr=2.5e-2)-(86-params)",classic_NN_6-6,40
500.0,500,205908,CartPole-v1,"CP-ppo-ac-NN(6,6)-(lr=2.5e-2)-(86-params)",classic_NN_6-6,40
272.0,272,206996,CartPole-v1,"CP-ppo-ac-NN(6,6)-(lr=2.5e-2)-(86-params)",classic_NN_6-6,40
500.0,500,207004,CartPole-v1,"CP-ppo-ac-NN(6,6)-(lr=2.5e-2)-(86-params)",classic_NN_6-6,40
438.0,438,207412,CartPole-v1,"CP-ppo-ac-NN(6,6)-(lr=2.5e-2)-(86-params)",classic_NN_6-6,40
500.0,500,207828,CartPole-v1,"CP-ppo-ac-NN(6,6)-(lr=2.5e-2)-(86-params)",classic_NN_6-6,40
407.0,407,208624,CartPole-v1,"CP-ppo-ac-NN(6,6)-(lr=2.5e-2)-(86-params)",classic_NN_6-6,40
500.0,500,209004,CartPole-v1,"CP-ppo-ac-NN(6,6)-(lr=2.5e-2)-(86-params)",classic_NN_6-6,40
495.0,495,209392,CartPole-v1,"CP-ppo-ac-NN(6,6)-(lr=2.5e-2)-(86-params)",classic_NN_6-6,40
500.0,500,209828,CartPole-v1,"CP-ppo-ac-NN(6,6)-(lr=2.5e-2)-(86-params)",classic_NN_6-6,40
500.0,500,210624,CartPole-v1,"CP-ppo-ac-NN(6,6)-(lr=2.5e-2)-(86-params)",classic_NN_6-6,40
500.0,500,211004,CartPole-v1,"CP-ppo-ac-NN(6,6)-(lr=2.5e-2)-(86-params)",classic_NN_6-6,40
116.0,116,211088,CartPole-v1,"CP-ppo-ac-NN(6,6)-(lr=2.5e-2)-(86-params)",classic_NN_6-6,40
459.0,459,211228,CartPole-v1,"CP-ppo-ac-NN(6,6)-(lr=2.5e-2)-(86-params)",classic_NN_6-6,40
480.0,480,211748,CartPole-v1,"CP-ppo-ac-NN(6,6)-(lr=2.5e-2)-(86-params)",classic_NN_6-6,40
262.0,262,212276,CartPole-v1,"CP-ppo-ac-NN(6,6)-(lr=2.5e-2)-(86-params)",classic_NN_6-6,40
347.0,347,212476,CartPole-v1,"CP-ppo-ac-NN(6,6)-(lr=2.5e-2)-(86-params)",classic_NN_6-6,40
184.0,184,212484,CartPole-v1,"CP-ppo-ac-NN(6,6)-(lr=2.5e-2)-(86-params)",classic_NN_6-6,40
491.0,491,212968,CartPole-v1,"CP-ppo-ac-NN(6,6)-(lr=2.5e-2)-(86-params)",classic_NN_6-6,40
169.0,169,213644,CartPole-v1,"CP-ppo-ac-NN(6,6)-(lr=2.5e-2)-(86-params)",classic_NN_6-6,40
388.0,388,213828,CartPole-v1,"CP-ppo-ac-NN(6,6)-(lr=2.5e-2)-(86-params)",classic_NN_6-6,40
337.0,337,213832,CartPole-v1,"CP-ppo-ac-NN(6,6)-(lr=2.5e-2)-(86-params)",classic_NN_6-6,40
500.0,500,214476,CartPole-v1,"CP-ppo-ac-NN(6,6)-(lr=2.5e-2)-(86-params)",classic_NN_6-6,40
263.0,263,214696,CartPole-v1,"CP-ppo-ac-NN(6,6)-(lr=2.5e-2)-(86-params)",classic_NN_6-6,40
296.0,296,215012,CartPole-v1,"CP-ppo-ac-NN(6,6)-(lr=2.5e-2)-(86-params)",classic_NN_6-6,40
421.0,421,215516,CartPole-v1,"CP-ppo-ac-NN(6,6)-(lr=2.5e-2)-(86-params)",classic_NN_6-6,40
244.0,244,215672,CartPole-v1,"CP-ppo-ac-NN(6,6)-(lr=2.5e-2)-(86-params)",classic_NN_6-6,40
419.0,419,216152,CartPole-v1,"CP-ppo-ac-NN(6,6)-(lr=2.5e-2)-(86-params)",classic_NN_6-6,40
325.0,325,216312,CartPole-v1,"CP-ppo-ac-NN(6,6)-(lr=2.5e-2)-(86-params)",classic_NN_6-6,40
441.0,441,217280,CartPole-v1,"CP-ppo-ac-NN(6,6)-(lr=2.5e-2)-(86-params)",classic_NN_6-6,40
500.0,500,217672,CartPole-v1,"CP-ppo-ac-NN(6,6)-(lr=2.5e-2)-(86-params)",classic_NN_6-6,40
500.0,500,218152,CartPole-v1,"CP-ppo-ac-NN(6,6)-(lr=2.5e-2)-(86-params)",classic_NN_6-6,40
500.0,500,218312,CartPole-v1,"CP-ppo-ac-NN(6,6)-(lr=2.5e-2)-(86-params)",classic_NN_6-6,40
293.0,293,218844,CartPole-v1,"CP-ppo-ac-NN(6,6)-(lr=2.5e-2)-(86-params)",classic_NN_6-6,40
500.0,500,219280,CartPole-v1,"CP-ppo-ac-NN(6,6)-(lr=2.5e-2)-(86-params)",classic_NN_6-6,40
500.0,500,220152,CartPole-v1,"CP-ppo-ac-NN(6,6)-(lr=2.5e-2)-(86-params)",classic_NN_6-6,40
500.0,500,220312,CartPole-v1,"CP-ppo-ac-NN(6,6)-(lr=2.5e-2)-(86-params)",classic_NN_6-6,40
344.0,344,220656,CartPole-v1,"CP-ppo-ac-NN(6,6)-(lr=2.5e-2)-(86-params)",classic_NN_6-6,40
500.0,500,220844,CartPole-v1,"CP-ppo-ac-NN(6,6)-(lr=2.5e-2)-(86-params)",classic_NN_6-6,40
278.0,278,221424,CartPole-v1,"CP-ppo-ac-NN(6,6)-(lr=2.5e-2)-(86-params)",classic_NN_6-6,40
500.0,500,222152,CartPole-v1,"CP-ppo-ac-NN(6,6)-(lr=2.5e-2)-(86-params)",classic_NN_6-6,40
254.0,254,222440,CartPole-v1,"CP-ppo-ac-NN(6,6)-(lr=2.5e-2)-(86-params)",classic_NN_6-6,40
500.0,500,222656,CartPole-v1,"CP-ppo-ac-NN(6,6)-(lr=2.5e-2)-(86-params)",classic_NN_6-6,40
165.0,165,222812,CartPole-v1,"CP-ppo-ac-NN(6,6)-(lr=2.5e-2)-(86-params)",classic_NN_6-6,40
500.0,500,222844,CartPole-v1,"CP-ppo-ac-NN(6,6)-(lr=2.5e-2)-(86-params)",classic_NN_6-6,40
65.0,65,223104,CartPole-v1,"CP-ppo-ac-NN(6,6)-(lr=2.5e-2)-(86-params)",classic_NN_6-6,40
500.0,500,224440,CartPole-v1,"CP-ppo-ac-NN(6,6)-(lr=2.5e-2)-(86-params)",classic_NN_6-6,40
500.0,500,224656,CartPole-v1,"CP-ppo-ac-NN(6,6)-(lr=2.5e-2)-(86-params)",classic_NN_6-6,40
500.0,500,224812,CartPole-v1,"CP-ppo-ac-NN(6,6)-(lr=2.5e-2)-(86-params)",classic_NN_6-6,40
500.0,500,225104,CartPole-v1,"CP-ppo-ac-NN(6,6)-(lr=2.5e-2)-(86-params)",classic_NN_6-6,40
384.0,384,225976,CartPole-v1,"CP-ppo-ac-NN(6,6)-(lr=2.5e-2)-(86-params)",classic_NN_6-6,40
500.0,500,226656,CartPole-v1,"CP-ppo-ac-NN(6,6)-(lr=2.5e-2)-(86-params)",classic_NN_6-6,40
500.0,500,226812,CartPole-v1,"CP-ppo-ac-NN(6,6)-(lr=2.5e-2)-(86-params)",classic_NN_6-6,40
500.0,500,227104,CartPole-v1,"CP-ppo-ac-NN(6,6)-(lr=2.5e-2)-(86-params)",classic_NN_6-6,40
500.0,500,227976,CartPole-v1,"CP-ppo-ac-NN(6,6)-(lr=2.5e-2)-(86-params)",classic_NN_6-6,40
500.0,500,228656,CartPole-v1,"CP-ppo-ac-NN(6,6)-(lr=2.5e-2)-(86-params)",classic_NN_6-6,40
500.0,500,228812,CartPole-v1,"CP-ppo-ac-NN(6,6)-(lr=2.5e-2)-(86-params)",classic_NN_6-6,40
500.0,500,229104,CartPole-v1,"CP-ppo-ac-NN(6,6)-(lr=2.5e-2)-(86-params)",classic_NN_6-6,40
500.0,500,229976,CartPole-v1,"CP-ppo-ac-NN(6,6)-(lr=2.5e-2)-(86-params)",classic_NN_6-6,40
315.0,315,230072,CartPole-v1,"CP-ppo-ac-NN(6,6)-(lr=2.5e-2)-(86-params)",classic_NN_6-6,40
500.0,500,230656,CartPole-v1,"CP-ppo-ac-NN(6,6)-(lr=2.5e-2)-(86-params)",classic_NN_6-6,40
500.0,500,231104,CartPole-v1,"CP-ppo-ac-NN(6,6)-(lr=2.5e-2)-(86-params)",classic_NN_6-6,40
500.0,500,231976,CartPole-v1,"CP-ppo-ac-NN(6,6)-(lr=2.5e-2)-(86-params)",classic_NN_6-6,40
500.0,500,232072,CartPole-v1,"CP-ppo-ac-NN(6,6)-(lr=2.5e-2)-(86-params)",classic_NN_6-6,40
500.0,500,232656,CartPole-v1,"CP-ppo-ac-NN(6,6)-(lr=2.5e-2)-(86-params)",classic_NN_6-6,40
500.0,500,233104,CartPole-v1,"CP-ppo-ac-NN(6,6)-(lr=2.5e-2)-(86-params)",classic_NN_6-6,40
500.0,500,233976,CartPole-v1,"CP-ppo-ac-NN(6,6)-(lr=2.5e-2)-(86-params)",classic_NN_6-6,40
500.0,500,234072,CartPole-v1,"CP-ppo-ac-NN(6,6)-(lr=2.5e-2)-(86-params)",classic_NN_6-6,40
500.0,500,234656,CartPole-v1,"CP-ppo-ac-NN(6,6)-(lr=2.5e-2)-(86-params)",classic_NN_6-6,40
500.0,500,235104,CartPole-v1,"CP-ppo-ac-NN(6,6)-(lr=2.5e-2)-(86-params)",classic_NN_6-6,40
500.0,500,235976,CartPole-v1,"CP-ppo-ac-NN(6,6)-(lr=2.5e-2)-(86-params)",classic_NN_6-6,40
500.0,500,236072,CartPole-v1,"CP-ppo-ac-NN(6,6)-(lr=2.5e-2)-(86-params)",classic_NN_6-6,40
500.0,500,236656,CartPole-v1,"CP-ppo-ac-NN(6,6)-(lr=2.5e-2)-(86-params)",classic_NN_6-6,40
500.0,500,237104,CartPole-v1,"CP-ppo-ac-NN(6,6)-(lr=2.5e-2)-(86-params)",classic_NN_6-6,40
298.0,298,237848,CartPole-v1,"CP-ppo-ac-NN(6,6)-(lr=2.5e-2)-(86-params)",classic_NN_6-6,40
500.0,500,237976,CartPole-v1,"CP-ppo-ac-NN(6,6)-(lr=2.5e-2)-(86-params)",classic_NN_6-6,40
500.0,500,238072,CartPole-v1,"CP-ppo-ac-NN(6,6)-(lr=2.5e-2)-(86-params)",classic_NN_6-6,40
212.0,212,238920,CartPole-v1,"CP-ppo-ac-NN(6,6)-(lr=2.5e-2)-(86-params)",classic_NN_6-6,40
269.0,269,238924,CartPole-v1,"CP-ppo-ac-NN(6,6)-(lr=2.5e-2)-(86-params)",classic_NN_6-6,40
500.0,500,239104,CartPole-v1,"CP-ppo-ac-NN(6,6)-(lr=2.5e-2)-(86-params)",classic_NN_6-6,40
373.0,373,239468,CartPole-v1,"CP-ppo-ac-NN(6,6)-(lr=2.5e-2)-(86-params)",classic_NN_6-6,40
283.0,283,240056,CartPole-v1,"CP-ppo-ac-NN(6,6)-(lr=2.5e-2)-(86-params)",classic_NN_6-6,40
500.0,500,240920,CartPole-v1,"CP-ppo-ac-NN(6,6)-(lr=2.5e-2)-(86-params)",classic_NN_6-6,40
500.0,500,241104,CartPole-v1,"CP-ppo-ac-NN(6,6)-(lr=2.5e-2)-(86-params)",classic_NN_6-6,40
500.0,500,241468,CartPole-v1,"CP-ppo-ac-NN(6,6)-(lr=2.5e-2)-(86-params)",classic_NN_6-6,40
252.0,252,241928,CartPole-v1,"CP-ppo-ac-NN(6,6)-(lr=2.5e-2)-(86-params)",classic_NN_6-6,40
500.0,500,242056,CartPole-v1,"CP-ppo-ac-NN(6,6)-(lr=2.5e-2)-(86-params)",classic_NN_6-6,40
500.0,500,243104,CartPole-v1,"CP-ppo-ac-NN(6,6)-(lr=2.5e-2)-(86-params)",classic_NN_6-6,40
327.0,327,243236,CartPole-v1,"CP-ppo-ac-NN(6,6)-(lr=2.5e-2)-(86-params)",classic_NN_6-6,40
500.0,500,243468,CartPole-v1,"CP-ppo-ac-NN(6,6)-(lr=2.5e-2)-(86-params)",classic_NN_6-6,40
500.0,500,244056,CartPole-v1,"CP-ppo-ac-NN(6,6)-(lr=2.5e-2)-(86-params)",classic_NN_6-6,40
500.0,500,245104,CartPole-v1,"CP-ppo-ac-NN(6,6)-(lr=2.5e-2)-(86-params)",classic_NN_6-6,40
500.0,500,245236,CartPole-v1,"CP-ppo-ac-NN(6,6)-(lr=2.5e-2)-(86-params)",classic_NN_6-6,40
500.0,500,245468,CartPole-v1,"CP-ppo-ac-NN(6,6)-(lr=2.5e-2)-(86-params)",classic_NN_6-6,40
450.0,450,245856,CartPole-v1,"CP-ppo-ac-NN(6,6)-(lr=2.5e-2)-(86-params)",classic_NN_6-6,40
500.0,500,247104,CartPole-v1,"CP-ppo-ac-NN(6,6)-(lr=2.5e-2)-(86-params)",classic_NN_6-6,40
500.0,500,247236,CartPole-v1,"CP-ppo-ac-NN(6,6)-(lr=2.5e-2)-(86-params)",classic_NN_6-6,40
500.0,500,247468,CartPole-v1,"CP-ppo-ac-NN(6,6)-(lr=2.5e-2)-(86-params)",classic_NN_6-6,40
500.0,500,247856,CartPole-v1,"CP-ppo-ac-NN(6,6)-(lr=2.5e-2)-(86-params)",classic_NN_6-6,40
185.0,185,248208,CartPole-v1,"CP-ppo-ac-NN(6,6)-(lr=2.5e-2)-(86-params)",classic_NN_6-6,40
500.0,500,249104,CartPole-v1,"CP-ppo-ac-NN(6,6)-(lr=2.5e-2)-(86-params)",classic_NN_6-6,40
500.0,500,249236,CartPole-v1,"CP-ppo-ac-NN(6,6)-(lr=2.5e-2)-(86-params)",classic_NN_6-6,40
344.0,344,249584,CartPole-v1,"CP-ppo-ac-NN(6,6)-(lr=2.5e-2)-(86-params)",classic_NN_6-6,40
500.0,500,249856,CartPole-v1,"CP-ppo-ac-NN(6,6)-(lr=2.5e-2)-(86-params)",classic_NN_6-6,40
342.0,342,250472,CartPole-v1,"CP-ppo-ac-NN(6,6)-(lr=2.5e-2)-(86-params)",classic_NN_6-6,40
500.0,500,251236,CartPole-v1,"CP-ppo-ac-NN(6,6)-(lr=2.5e-2)-(86-params)",classic_NN_6-6,40
500.0,500,251584,CartPole-v1,"CP-ppo-ac-NN(6,6)-(lr=2.5e-2)-(86-params)",classic_NN_6-6,40
500.0,500,251856,CartPole-v1,"CP-ppo-ac-NN(6,6)-(lr=2.5e-2)-(86-params)",classic_NN_6-6,40
145.0,145,252164,CartPole-v1,"CP-ppo-ac-NN(6,6)-(lr=2.5e-2)-(86-params)",classic_NN_6-6,40
500.0,500,252472,CartPole-v1,"CP-ppo-ac-NN(6,6)-(lr=2.5e-2)-(86-params)",classic_NN_6-6,40
500.0,500,253236,CartPole-v1,"CP-ppo-ac-NN(6,6)-(lr=2.5e-2)-(86-params)",classic_NN_6-6,40
500.0,500,253856,CartPole-v1,"CP-ppo-ac-NN(6,6)-(lr=2.5e-2)-(86-params)",classic_NN_6-6,40
500.0,500,254164,CartPole-v1,"CP-ppo-ac-NN(6,6)-(lr=2.5e-2)-(86-params)",classic_NN_6-6,40
500.0,500,254472,CartPole-v1,"CP-ppo-ac-NN(6,6)-(lr=2.5e-2)-(86-params)",classic_NN_6-6,40
500.0,500,255236,CartPole-v1,"CP-ppo-ac-NN(6,6)-(lr=2.5e-2)-(86-params)",classic_NN_6-6,40
500.0,500,255856,CartPole-v1,"CP-ppo-ac-NN(6,6)-(lr=2.5e-2)-(86-params)",classic_NN_6-6,40
500.0,500,256164,CartPole-v1,"CP-ppo-ac-NN(6,6)-(lr=2.5e-2)-(86-params)",classic_NN_6-6,40
500.0,500,256472,CartPole-v1,"CP-ppo-ac-NN(6,6)-(lr=2.5e-2)-(86-params)",classic_NN_6-6,40
500.0,500,257236,CartPole-v1,"CP-ppo-ac-NN(6,6)-(lr=2.5e-2)-(86-params)",classic_NN_6-6,40
500.0,500,257856,CartPole-v1,"CP-ppo-ac-NN(6,6)-(lr=2.5e-2)-(86-params)",classic_NN_6-6,40
65.0,65,258116,CartPole-v1,"CP-ppo-ac-NN(6,6)-(lr=2.5e-2)-(86-params)",classic_NN_6-6,40
500.0,500,258164,CartPole-v1,"CP-ppo-ac-NN(6,6)-(lr=2.5e-2)-(86-params)",classic_NN_6-6,40
500.0,500,258472,CartPole-v1,"CP-ppo-ac-NN(6,6)-(lr=2.5e-2)-(86-params)",classic_NN_6-6,40
500.0,500,259236,CartPole-v1,"CP-ppo-ac-NN(6,6)-(lr=2.5e-2)-(86-params)",classic_NN_6-6,40
500.0,500,260116,CartPole-v1,"CP-ppo-ac-NN(6,6)-(lr=2.5e-2)-(86-params)",classic_NN_6-6,40
500.0,500,260164,CartPole-v1,"CP-ppo-ac-NN(6,6)-(lr=2.5e-2)-(86-params)",classic_NN_6-6,40
500.0,500,260472,CartPole-v1,"CP-ppo-ac-NN(6,6)-(lr=2.5e-2)-(86-params)",classic_NN_6-6,40
500.0,500,261236,CartPole-v1,"CP-ppo-ac-NN(6,6)-(lr=2.5e-2)-(86-params)",classic_NN_6-6,40
500.0,500,262116,CartPole-v1,"CP-ppo-ac-NN(6,6)-(lr=2.5e-2)-(86-params)",classic_NN_6-6,40
500.0,500,262164,CartPole-v1,"CP-ppo-ac-NN(6,6)-(lr=2.5e-2)-(86-params)",classic_NN_6-6,40
500.0,500,262472,CartPole-v1,"CP-ppo-ac-NN(6,6)-(lr=2.5e-2)-(86-params)",classic_NN_6-6,40
197.0,197,262904,CartPole-v1,"CP-ppo-ac-NN(6,6)-(lr=2.5e-2)-(86-params)",classic_NN_6-6,40
500.0,500,263236,CartPole-v1,"CP-ppo-ac-NN(6,6)-(lr=2.5e-2)-(86-params)",classic_NN_6-6,40
194.0,194,264012,CartPole-v1,"CP-ppo-ac-NN(6,6)-(lr=2.5e-2)-(86-params)",classic_NN_6-6,40
500.0,500,264164,CartPole-v1,"CP-ppo-ac-NN(6,6)-(lr=2.5e-2)-(86-params)",classic_NN_6-6,40
500.0,500,264472,CartPole-v1,"CP-ppo-ac-NN(6,6)-(lr=2.5e-2)-(86-params)",classic_NN_6-6,40
144.0,144,264740,CartPole-v1,"CP-ppo-ac-NN(6,6)-(lr=2.5e-2)-(86-params)",classic_NN_6-6,40
85.0,85,264812,CartPole-v1,"CP-ppo-ac-NN(6,6)-(lr=2.5e-2)-(86-params)",classic_NN_6-6,40
500.0,500,264904,CartPole-v1,"CP-ppo-ac-NN(6,6)-(lr=2.5e-2)-(86-params)",classic_NN_6-6,40
242.0,242,264980,CartPole-v1,"CP-ppo-ac-NN(6,6)-(lr=2.5e-2)-(86-params)",classic_NN_6-6,40
131.0,131,265336,CartPole-v1,"CP-ppo-ac-NN(6,6)-(lr=2.5e-2)-(86-params)",classic_NN_6-6,40
116.0,116,265368,CartPole-v1,"CP-ppo-ac-NN(6,6)-(lr=2.5e-2)-(86-params)",classic_NN_6-6,40
313.0,313,266232,CartPole-v1,"CP-ppo-ac-NN(6,6)-(lr=2.5e-2)-(86-params)",classic_NN_6-6,40
500.0,500,266740,CartPole-v1,"CP-ppo-ac-NN(6,6)-(lr=2.5e-2)-(86-params)",classic_NN_6-6,40
470.0,470,267248,CartPole-v1,"CP-ppo-ac-NN(6,6)-(lr=2.5e-2)-(86-params)",classic_NN_6-6,40
500.0,500,267336,CartPole-v1,"CP-ppo-ac-NN(6,6)-(lr=2.5e-2)-(86-params)",classic_NN_6-6,40
265.0,265,267800,CartPole-v1,"CP-ppo-ac-NN(6,6)-(lr=2.5e-2)-(86-params)",classic_NN_6-6,40
432.0,432,267960,CartPole-v1,"CP-ppo-ac-NN(6,6)-(lr=2.5e-2)-(86-params)",classic_NN_6-6,40
90.0,90,268320,CartPole-v1,"CP-ppo-ac-NN(6,6)-(lr=2.5e-2)-(86-params)",classic_NN_6-6,40
273.0,273,268428,CartPole-v1,"CP-ppo-ac-NN(6,6)-(lr=2.5e-2)-(86-params)",classic_NN_6-6,40
211.0,211,268644,CartPole-v1,"CP-ppo-ac-NN(6,6)-(lr=2.5e-2)-(86-params)",classic_NN_6-6,40
500.0,500,269248,CartPole-v1,"CP-ppo-ac-NN(6,6)-(lr=2.5e-2)-(86-params)",classic_NN_6-6,40
500.0,500,270320,CartPole-v1,"CP-ppo-ac-NN(6,6)-(lr=2.5e-2)-(86-params)",classic_NN_6-6,40
500.0,500,270428,CartPole-v1,"CP-ppo-ac-NN(6,6)-(lr=2.5e-2)-(86-params)",classic_NN_6-6,40
500.0,500,270644,CartPole-v1,"CP-ppo-ac-NN(6,6)-(lr=2.5e-2)-(86-params)",classic_NN_6-6,40
168.0,168,270992,CartPole-v1,"CP-ppo-ac-NN(6,6)-(lr=2.5e-2)-(86-params)",classic_NN_6-6,40
500.0,500,271248,CartPole-v1,"CP-ppo-ac-NN(6,6)-(lr=2.5e-2)-(86-params)",classic_NN_6-6,40
500.0,500,272428,CartPole-v1,"CP-ppo-ac-NN(6,6)-(lr=2.5e-2)-(86-params)",classic_NN_6-6,40
500.0,500,272644,CartPole-v1,"CP-ppo-ac-NN(6,6)-(lr=2.5e-2)-(86-params)",classic_NN_6-6,40
500.0,500,272992,CartPole-v1,"CP-ppo-ac-NN(6,6)-(lr=2.5e-2)-(86-params)",classic_NN_6-6,40
500.0,500,273248,CartPole-v1,"CP-ppo-ac-NN(6,6)-(lr=2.5e-2)-(86-params)",classic_NN_6-6,40
500.0,500,274428,CartPole-v1,"CP-ppo-ac-NN(6,6)-(lr=2.5e-2)-(86-params)",classic_NN_6-6,40
500.0,500,274644,CartPole-v1,"CP-ppo-ac-NN(6,6)-(lr=2.5e-2)-(86-params)",classic_NN_6-6,40
500.0,500,274992,CartPole-v1,"CP-ppo-ac-NN(6,6)-(lr=2.5e-2)-(86-params)",classic_NN_6-6,40
500.0,500,275248,CartPole-v1,"CP-ppo-ac-NN(6,6)-(lr=2.5e-2)-(86-params)",classic_NN_6-6,40
500.0,500,276428,CartPole-v1,"CP-ppo-ac-NN(6,6)-(lr=2.5e-2)-(86-params)",classic_NN_6-6,40
500.0,500,276644,CartPole-v1,"CP-ppo-ac-NN(6,6)-(lr=2.5e-2)-(86-params)",classic_NN_6-6,40
500.0,500,276992,CartPole-v1,"CP-ppo-ac-NN(6,6)-(lr=2.5e-2)-(86-params)",classic_NN_6-6,40
500.0,500,277248,CartPole-v1,"CP-ppo-ac-NN(6,6)-(lr=2.5e-2)-(86-params)",classic_NN_6-6,40
500.0,500,278428,CartPole-v1,"CP-ppo-ac-NN(6,6)-(lr=2.5e-2)-(86-params)",classic_NN_6-6,40
500.0,500,278644,CartPole-v1,"CP-ppo-ac-NN(6,6)-(lr=2.5e-2)-(86-params)",classic_NN_6-6,40
492.0,492,278960,CartPole-v1,"CP-ppo-ac-NN(6,6)-(lr=2.5e-2)-(86-params)",classic_NN_6-6,40
500.0,500,279248,CartPole-v1,"CP-ppo-ac-NN(6,6)-(lr=2.5e-2)-(86-params)",classic_NN_6-6,40
237.0,237,279592,CartPole-v1,"CP-ppo-ac-NN(6,6)-(lr=2.5e-2)-(86-params)",classic_NN_6-6,40
375.0,375,279928,CartPole-v1,"CP-ppo-ac-NN(6,6)-(lr=2.5e-2)-(86-params)",classic_NN_6-6,40
500.0,500,280960,CartPole-v1,"CP-ppo-ac-NN(6,6)-(lr=2.5e-2)-(86-params)",classic_NN_6-6,40
500.0,500,281248,CartPole-v1,"CP-ppo-ac-NN(6,6)-(lr=2.5e-2)-(86-params)",classic_NN_6-6,40
347.0,347,281316,CartPole-v1,"CP-ppo-ac-NN(6,6)-(lr=2.5e-2)-(86-params)",classic_NN_6-6,40
500.0,500,281592,CartPole-v1,"CP-ppo-ac-NN(6,6)-(lr=2.5e-2)-(86-params)",classic_NN_6-6,40
500.0,500,282960,CartPole-v1,"CP-ppo-ac-NN(6,6)-(lr=2.5e-2)-(86-params)",classic_NN_6-6,40
500.0,500,283248,CartPole-v1,"CP-ppo-ac-NN(6,6)-(lr=2.5e-2)-(86-params)",classic_NN_6-6,40
500.0,500,283316,CartPole-v1,"CP-ppo-ac-NN(6,6)-(lr=2.5e-2)-(86-params)",classic_NN_6-6,40
500.0,500,283592,CartPole-v1,"CP-ppo-ac-NN(6,6)-(lr=2.5e-2)-(86-params)",classic_NN_6-6,40
500.0,500,284960,CartPole-v1,"CP-ppo-ac-NN(6,6)-(lr=2.5e-2)-(86-params)",classic_NN_6-6,40
500.0,500,285248,CartPole-v1,"CP-ppo-ac-NN(6,6)-(lr=2.5e-2)-(86-params)",classic_NN_6-6,40
500.0,500,285316,CartPole-v1,"CP-ppo-ac-NN(6,6)-(lr=2.5e-2)-(86-params)",classic_NN_6-6,40
500.0,500,285592,CartPole-v1,"CP-ppo-ac-NN(6,6)-(lr=2.5e-2)-(86-params)",classic_NN_6-6,40
500.0,500,286960,CartPole-v1,"CP-ppo-ac-NN(6,6)-(lr=2.5e-2)-(86-params)",classic_NN_6-6,40
500.0,500,287248,CartPole-v1,"CP-ppo-ac-NN(6,6)-(lr=2.5e-2)-(86-params)",classic_NN_6-6,40
500.0,500,287316,CartPole-v1,"CP-ppo-ac-NN(6,6)-(lr=2.5e-2)-(86-params)",classic_NN_6-6,40
500.0,500,287592,CartPole-v1,"CP-ppo-ac-NN(6,6)-(lr=2.5e-2)-(86-params)",classic_NN_6-6,40
500.0,500,288960,CartPole-v1,"CP-ppo-ac-NN(6,6)-(lr=2.5e-2)-(86-params)",classic_NN_6-6,40
500.0,500,289248,CartPole-v1,"CP-ppo-ac-NN(6,6)-(lr=2.5e-2)-(86-params)",classic_NN_6-6,40
500.0,500,289316,CartPole-v1,"CP-ppo-ac-NN(6,6)-(lr=2.5e-2)-(86-params)",classic_NN_6-6,40
500.0,500,289592,CartPole-v1,"CP-ppo-ac-NN(6,6)-(lr=2.5e-2)-(86-params)",classic_NN_6-6,40
500.0,500,290960,CartPole-v1,"CP-ppo-ac-NN(6,6)-(lr=2.5e-2)-(86-params)",classic_NN_6-6,40
500.0,500,291248,CartPole-v1,"CP-ppo-ac-NN(6,6)-(lr=2.5e-2)-(86-params)",classic_NN_6-6,40
500.0,500,291316,CartPole-v1,"CP-ppo-ac-NN(6,6)-(lr=2.5e-2)-(86-params)",classic_NN_6-6,40
500.0,500,291592,CartPole-v1,"CP-ppo-ac-NN(6,6)-(lr=2.5e-2)-(86-params)",classic_NN_6-6,40
500.0,500,292960,CartPole-v1,"CP-ppo-ac-NN(6,6)-(lr=2.5e-2)-(86-params)",classic_NN_6-6,40
500.0,500,293248,CartPole-v1,"CP-ppo-ac-NN(6,6)-(lr=2.5e-2)-(86-params)",classic_NN_6-6,40
500.0,500,293316,CartPole-v1,"CP-ppo-ac-NN(6,6)-(lr=2.5e-2)-(86-params)",classic_NN_6-6,40
500.0,500,293592,CartPole-v1,"CP-ppo-ac-NN(6,6)-(lr=2.5e-2)-(86-params)",classic_NN_6-6,40
500.0,500,294960,CartPole-v1,"CP-ppo-ac-NN(6,6)-(lr=2.5e-2)-(86-params)",classic_NN_6-6,40
500.0,500,295248,CartPole-v1,"CP-ppo-ac-NN(6,6)-(lr=2.5e-2)-(86-params)",classic_NN_6-6,40
500.0,500,295316,CartPole-v1,"CP-ppo-ac-NN(6,6)-(lr=2.5e-2)-(86-params)",classic_NN_6-6,40
500.0,500,295592,CartPole-v1,"CP-ppo-ac-NN(6,6)-(lr=2.5e-2)-(86-params)",classic_NN_6-6,40
500.0,500,296960,CartPole-v1,"CP-ppo-ac-NN(6,6)-(lr=2.5e-2)-(86-params)",classic_NN_6-6,40
500.0,500,297248,CartPole-v1,"CP-ppo-ac-NN(6,6)-(lr=2.5e-2)-(86-params)",classic_NN_6-6,40
500.0,500,297316,CartPole-v1,"CP-ppo-ac-NN(6,6)-(lr=2.5e-2)-(86-params)",classic_NN_6-6,40
500.0,500,297592,CartPole-v1,"CP-ppo-ac-NN(6,6)-(lr=2.5e-2)-(86-params)",classic_NN_6-6,40
500.0,500,298960,CartPole-v1,"CP-ppo-ac-NN(6,6)-(lr=2.5e-2)-(86-params)",classic_NN_6-6,40
500.0,500,299248,CartPole-v1,"CP-ppo-ac-NN(6,6)-(lr=2.5e-2)-(86-params)",classic_NN_6-6,40
500.0,500,299316,CartPole-v1,"CP-ppo-ac-NN(6,6)-(lr=2.5e-2)-(86-params)",classic_NN_6-6,40
500.0,500,299592,CartPole-v1,"CP-ppo-ac-NN(6,6)-(lr=2.5e-2)-(86-params)",classic_NN_6-6,40
500.0,500,300960,CartPole-v1,"CP-ppo-ac-NN(6,6)-(lr=2.5e-2)-(86-params)",classic_NN_6-6,40
500.0,500,301248,CartPole-v1,"CP-ppo-ac-NN(6,6)-(lr=2.5e-2)-(86-params)",classic_NN_6-6,40
500.0,500,301316,CartPole-v1,"CP-ppo-ac-NN(6,6)-(lr=2.5e-2)-(86-params)",classic_NN_6-6,40
500.0,500,301592,CartPole-v1,"CP-ppo-ac-NN(6,6)-(lr=2.5e-2)-(86-params)",classic_NN_6-6,40
500.0,500,302960,CartPole-v1,"CP-ppo-ac-NN(6,6)-(lr=2.5e-2)-(86-params)",classic_NN_6-6,40
500.0,500,303248,CartPole-v1,"CP-ppo-ac-NN(6,6)-(lr=2.5e-2)-(86-params)",classic_NN_6-6,40
500.0,500,303316,CartPole-v1,"CP-ppo-ac-NN(6,6)-(lr=2.5e-2)-(86-params)",classic_NN_6-6,40
500.0,500,303592,CartPole-v1,"CP-ppo-ac-NN(6,6)-(lr=2.5e-2)-(86-params)",classic_NN_6-6,40
500.0,500,304960,CartPole-v1,"CP-ppo-ac-NN(6,6)-(lr=2.5e-2)-(86-params)",classic_NN_6-6,40
500.0,500,305248,CartPole-v1,"CP-ppo-ac-NN(6,6)-(lr=2.5e-2)-(86-params)",classic_NN_6-6,40
500.0,500,305316,CartPole-v1,"CP-ppo-ac-NN(6,6)-(lr=2.5e-2)-(86-params)",classic_NN_6-6,40
500.0,500,305592,CartPole-v1,"CP-ppo-ac-NN(6,6)-(lr=2.5e-2)-(86-params)",classic_NN_6-6,40
500.0,500,306960,CartPole-v1,"CP-ppo-ac-NN(6,6)-(lr=2.5e-2)-(86-params)",classic_NN_6-6,40
500.0,500,307248,CartPole-v1,"CP-ppo-ac-NN(6,6)-(lr=2.5e-2)-(86-params)",classic_NN_6-6,40
500.0,500,307316,CartPole-v1,"CP-ppo-ac-NN(6,6)-(lr=2.5e-2)-(86-params)",classic_NN_6-6,40
500.0,500,307592,CartPole-v1,"CP-ppo-ac-NN(6,6)-(lr=2.5e-2)-(86-params)",classic_NN_6-6,40
500.0,500,308960,CartPole-v1,"CP-ppo-ac-NN(6,6)-(lr=2.5e-2)-(86-params)",classic_NN_6-6,40
500.0,500,309248,CartPole-v1,"CP-ppo-ac-NN(6,6)-(lr=2.5e-2)-(86-params)",classic_NN_6-6,40
500.0,500,309316,CartPole-v1,"CP-ppo-ac-NN(6,6)-(lr=2.5e-2)-(86-params)",classic_NN_6-6,40
500.0,500,309592,CartPole-v1,"CP-ppo-ac-NN(6,6)-(lr=2.5e-2)-(86-params)",classic_NN_6-6,40
500.0,500,310960,CartPole-v1,"CP-ppo-ac-NN(6,6)-(lr=2.5e-2)-(86-params)",classic_NN_6-6,40
500.0,500,311248,CartPole-v1,"CP-ppo-ac-NN(6,6)-(lr=2.5e-2)-(86-params)",classic_NN_6-6,40
500.0,500,311316,CartPole-v1,"CP-ppo-ac-NN(6,6)-(lr=2.5e-2)-(86-params)",classic_NN_6-6,40
500.0,500,311592,CartPole-v1,"CP-ppo-ac-NN(6,6)-(lr=2.5e-2)-(86-params)",classic_NN_6-6,40
500.0,500,312960,CartPole-v1,"CP-ppo-ac-NN(6,6)-(lr=2.5e-2)-(86-params)",classic_NN_6-6,40
500.0,500,313248,CartPole-v1,"CP-ppo-ac-NN(6,6)-(lr=2.5e-2)-(86-params)",classic_NN_6-6,40
500.0,500,313316,CartPole-v1,"CP-ppo-ac-NN(6,6)-(lr=2.5e-2)-(86-params)",classic_NN_6-6,40
500.0,500,313592,CartPole-v1,"CP-ppo-ac-NN(6,6)-(lr=2.5e-2)-(86-params)",classic_NN_6-6,40
500.0,500,314960,CartPole-v1,"CP-ppo-ac-NN(6,6)-(lr=2.5e-2)-(86-params)",classic_NN_6-6,40
500.0,500,315248,CartPole-v1,"CP-ppo-ac-NN(6,6)-(lr=2.5e-2)-(86-params)",classic_NN_6-6,40
500.0,500,315316,CartPole-v1,"CP-ppo-ac-NN(6,6)-(lr=2.5e-2)-(86-params)",classic_NN_6-6,40
500.0,500,315592,CartPole-v1,"CP-ppo-ac-NN(6,6)-(lr=2.5e-2)-(86-params)",classic_NN_6-6,40
500.0,500,316960,CartPole-v1,"CP-ppo-ac-NN(6,6)-(lr=2.5e-2)-(86-params)",classic_NN_6-6,40
500.0,500,317248,CartPole-v1,"CP-ppo-ac-NN(6,6)-(lr=2.5e-2)-(86-params)",classic_NN_6-6,40
500.0,500,317316,CartPole-v1,"CP-ppo-ac-NN(6,6)-(lr=2.5e-2)-(86-params)",classic_NN_6-6,40
500.0,500,317592,CartPole-v1,"CP-ppo-ac-NN(6,6)-(lr=2.5e-2)-(86-params)",classic_NN_6-6,40
500.0,500,318960,CartPole-v1,"CP-ppo-ac-NN(6,6)-(lr=2.5e-2)-(86-params)",classic_NN_6-6,40
500.0,500,319248,CartPole-v1,"CP-ppo-ac-NN(6,6)-(lr=2.5e-2)-(86-params)",classic_NN_6-6,40
500.0,500,319316,CartPole-v1,"CP-ppo-ac-NN(6,6)-(lr=2.5e-2)-(86-params)",classic_NN_6-6,40
500.0,500,319592,CartPole-v1,"CP-ppo-ac-NN(6,6)-(lr=2.5e-2)-(86-params)",classic_NN_6-6,40
500.0,500,320960,CartPole-v1,"CP-ppo-ac-NN(6,6)-(lr=2.5e-2)-(86-params)",classic_NN_6-6,40
500.0,500,321248,CartPole-v1,"CP-ppo-ac-NN(6,6)-(lr=2.5e-2)-(86-params)",classic_NN_6-6,40
500.0,500,321316,CartPole-v1,"CP-ppo-ac-NN(6,6)-(lr=2.5e-2)-(86-params)",classic_NN_6-6,40
500.0,500,321592,CartPole-v1,"CP-ppo-ac-NN(6,6)-(lr=2.5e-2)-(86-params)",classic_NN_6-6,40
500.0,500,322960,CartPole-v1,"CP-ppo-ac-NN(6,6)-(lr=2.5e-2)-(86-params)",classic_NN_6-6,40
500.0,500,323248,CartPole-v1,"CP-ppo-ac-NN(6,6)-(lr=2.5e-2)-(86-params)",classic_NN_6-6,40
500.0,500,323316,CartPole-v1,"CP-ppo-ac-NN(6,6)-(lr=2.5e-2)-(86-params)",classic_NN_6-6,40
500.0,500,323592,CartPole-v1,"CP-ppo-ac-NN(6,6)-(lr=2.5e-2)-(86-params)",classic_NN_6-6,40
500.0,500,324960,CartPole-v1,"CP-ppo-ac-NN(6,6)-(lr=2.5e-2)-(86-params)",classic_NN_6-6,40
500.0,500,325248,CartPole-v1,"CP-ppo-ac-NN(6,6)-(lr=2.5e-2)-(86-params)",classic_NN_6-6,40
500.0,500,325316,CartPole-v1,"CP-ppo-ac-NN(6,6)-(lr=2.5e-2)-(86-params)",classic_NN_6-6,40
500.0,500,325592,CartPole-v1,"CP-ppo-ac-NN(6,6)-(lr=2.5e-2)-(86-params)",classic_NN_6-6,40
500.0,500,326960,CartPole-v1,"CP-ppo-ac-NN(6,6)-(lr=2.5e-2)-(86-params)",classic_NN_6-6,40
500.0,500,327248,CartPole-v1,"CP-ppo-ac-NN(6,6)-(lr=2.5e-2)-(86-params)",classic_NN_6-6,40
500.0,500,327316,CartPole-v1,"CP-ppo-ac-NN(6,6)-(lr=2.5e-2)-(86-params)",classic_NN_6-6,40
500.0,500,327592,CartPole-v1,"CP-ppo-ac-NN(6,6)-(lr=2.5e-2)-(86-params)",classic_NN_6-6,40
500.0,500,328960,CartPole-v1,"CP-ppo-ac-NN(6,6)-(lr=2.5e-2)-(86-params)",classic_NN_6-6,40
500.0,500,329248,CartPole-v1,"CP-ppo-ac-NN(6,6)-(lr=2.5e-2)-(86-params)",classic_NN_6-6,40
500.0,500,329316,CartPole-v1,"CP-ppo-ac-NN(6,6)-(lr=2.5e-2)-(86-params)",classic_NN_6-6,40
500.0,500,329592,CartPole-v1,"CP-ppo-ac-NN(6,6)-(lr=2.5e-2)-(86-params)",classic_NN_6-6,40
500.0,500,330960,CartPole-v1,"CP-ppo-ac-NN(6,6)-(lr=2.5e-2)-(86-params)",classic_NN_6-6,40
500.0,500,331248,CartPole-v1,"CP-ppo-ac-NN(6,6)-(lr=2.5e-2)-(86-params)",classic_NN_6-6,40
500.0,500,331316,CartPole-v1,"CP-ppo-ac-NN(6,6)-(lr=2.5e-2)-(86-params)",classic_NN_6-6,40
500.0,500,331592,CartPole-v1,"CP-ppo-ac-NN(6,6)-(lr=2.5e-2)-(86-params)",classic_NN_6-6,40
500.0,500,332960,CartPole-v1,"CP-ppo-ac-NN(6,6)-(lr=2.5e-2)-(86-params)",classic_NN_6-6,40
500.0,500,333248,CartPole-v1,"CP-ppo-ac-NN(6,6)-(lr=2.5e-2)-(86-params)",classic_NN_6-6,40
500.0,500,333316,CartPole-v1,"CP-ppo-ac-NN(6,6)-(lr=2.5e-2)-(86-params)",classic_NN_6-6,40
500.0,500,333592,CartPole-v1,"CP-ppo-ac-NN(6,6)-(lr=2.5e-2)-(86-params)",classic_NN_6-6,40
500.0,500,334960,CartPole-v1,"CP-ppo-ac-NN(6,6)-(lr=2.5e-2)-(86-params)",classic_NN_6-6,40
500.0,500,335248,CartPole-v1,"CP-ppo-ac-NN(6,6)-(lr=2.5e-2)-(86-params)",classic_NN_6-6,40
500.0,500,335316,CartPole-v1,"CP-ppo-ac-NN(6,6)-(lr=2.5e-2)-(86-params)",classic_NN_6-6,40
500.0,500,335592,CartPole-v1,"CP-ppo-ac-NN(6,6)-(lr=2.5e-2)-(86-params)",classic_NN_6-6,40
500.0,500,336960,CartPole-v1,"CP-ppo-ac-NN(6,6)-(lr=2.5e-2)-(86-params)",classic_NN_6-6,40
500.0,500,337248,CartPole-v1,"CP-ppo-ac-NN(6,6)-(lr=2.5e-2)-(86-params)",classic_NN_6-6,40
500.0,500,337316,CartPole-v1,"CP-ppo-ac-NN(6,6)-(lr=2.5e-2)-(86-params)",classic_NN_6-6,40
500.0,500,337592,CartPole-v1,"CP-ppo-ac-NN(6,6)-(lr=2.5e-2)-(86-params)",classic_NN_6-6,40
313.0,313,338212,CartPole-v1,"CP-ppo-ac-NN(6,6)-(lr=2.5e-2)-(86-params)",classic_NN_6-6,40
80.0,80,338532,CartPole-v1,"CP-ppo-ac-NN(6,6)-(lr=2.5e-2)-(86-params)",classic_NN_6-6,40
500.0,500,339248,CartPole-v1,"CP-ppo-ac-NN(6,6)-(lr=2.5e-2)-(86-params)",classic_NN_6-6,40
500.0,500,339316,CartPole-v1,"CP-ppo-ac-NN(6,6)-(lr=2.5e-2)-(86-params)",classic_NN_6-6,40
500.0,500,339592,CartPole-v1,"CP-ppo-ac-NN(6,6)-(lr=2.5e-2)-(86-params)",classic_NN_6-6,40
500.0,500,340532,CartPole-v1,"CP-ppo-ac-NN(6,6)-(lr=2.5e-2)-(86-params)",classic_NN_6-6,40
500.0,500,341248,CartPole-v1,"CP-ppo-ac-NN(6,6)-(lr=2.5e-2)-(86-params)",classic_NN_6-6,40
500.0,500,341316,CartPole-v1,"CP-ppo-ac-NN(6,6)-(lr=2.5e-2)-(86-params)",classic_NN_6-6,40
500.0,500,341592,CartPole-v1,"CP-ppo-ac-NN(6,6)-(lr=2.5e-2)-(86-params)",classic_NN_6-6,40
500.0,500,342532,CartPole-v1,"CP-ppo-ac-NN(6,6)-(lr=2.5e-2)-(86-params)",classic_NN_6-6,40
500.0,500,343248,CartPole-v1,"CP-ppo-ac-NN(6,6)-(lr=2.5e-2)-(86-params)",classic_NN_6-6,40
500.0,500,343316,CartPole-v1,"CP-ppo-ac-NN(6,6)-(lr=2.5e-2)-(86-params)",classic_NN_6-6,40
500.0,500,343592,CartPole-v1,"CP-ppo-ac-NN(6,6)-(lr=2.5e-2)-(86-params)",classic_NN_6-6,40
500.0,500,344532,CartPole-v1,"CP-ppo-ac-NN(6,6)-(lr=2.5e-2)-(86-params)",classic_NN_6-6,40
500.0,500,345248,CartPole-v1,"CP-ppo-ac-NN(6,6)-(lr=2.5e-2)-(86-params)",classic_NN_6-6,40
500.0,500,345316,CartPole-v1,"CP-ppo-ac-NN(6,6)-(lr=2.5e-2)-(86-params)",classic_NN_6-6,40
500.0,500,345592,CartPole-v1,"CP-ppo-ac-NN(6,6)-(lr=2.5e-2)-(86-params)",classic_NN_6-6,40
395.0,395,346112,CartPole-v1,"CP-ppo-ac-NN(6,6)-(lr=2.5e-2)-(86-params)",classic_NN_6-6,40
288.0,288,346468,CartPole-v1,"CP-ppo-ac-NN(6,6)-(lr=2.5e-2)-(86-params)",classic_NN_6-6,40
389.0,389,346804,CartPole-v1,"CP-ppo-ac-NN(6,6)-(lr=2.5e-2)-(86-params)",classic_NN_6-6,40
324.0,324,346888,CartPole-v1,"CP-ppo-ac-NN(6,6)-(lr=2.5e-2)-(86-params)",classic_NN_6-6,40
247.0,247,347456,CartPole-v1,"CP-ppo-ac-NN(6,6)-(lr=2.5e-2)-(86-params)",classic_NN_6-6,40
500.0,500,348112,CartPole-v1,"CP-ppo-ac-NN(6,6)-(lr=2.5e-2)-(86-params)",classic_NN_6-6,40
392.0,392,348456,CartPole-v1,"CP-ppo-ac-NN(6,6)-(lr=2.5e-2)-(86-params)",classic_NN_6-6,40
500.0,500,348804,CartPole-v1,"CP-ppo-ac-NN(6,6)-(lr=2.5e-2)-(86-params)",classic_NN_6-6,40
500.0,500,349456,CartPole-v1,"CP-ppo-ac-NN(6,6)-(lr=2.5e-2)-(86-params)",classic_NN_6-6,40
500.0,500,350112,CartPole-v1,"CP-ppo-ac-NN(6,6)-(lr=2.5e-2)-(86-params)",classic_NN_6-6,40
500.0,500,350456,CartPole-v1,"CP-ppo-ac-NN(6,6)-(lr=2.5e-2)-(86-params)",classic_NN_6-6,40
500.0,500,350804,CartPole-v1,"CP-ppo-ac-NN(6,6)-(lr=2.5e-2)-(86-params)",classic_NN_6-6,40
500.0,500,351456,CartPole-v1,"CP-ppo-ac-NN(6,6)-(lr=2.5e-2)-(86-params)",classic_NN_6-6,40
500.0,500,352112,CartPole-v1,"CP-ppo-ac-NN(6,6)-(lr=2.5e-2)-(86-params)",classic_NN_6-6,40
500.0,500,352456,CartPole-v1,"CP-ppo-ac-NN(6,6)-(lr=2.5e-2)-(86-params)",classic_NN_6-6,40
500.0,500,352804,CartPole-v1,"CP-ppo-ac-NN(6,6)-(lr=2.5e-2)-(86-params)",classic_NN_6-6,40
500.0,500,353456,CartPole-v1,"CP-ppo-ac-NN(6,6)-(lr=2.5e-2)-(86-params)",classic_NN_6-6,40
192.0,192,353572,CartPole-v1,"CP-ppo-ac-NN(6,6)-(lr=2.5e-2)-(86-params)",classic_NN_6-6,40
500.0,500,354112,CartPole-v1,"CP-ppo-ac-NN(6,6)-(lr=2.5e-2)-(86-params)",classic_NN_6-6,40
500.0,500,354456,CartPole-v1,"CP-ppo-ac-NN(6,6)-(lr=2.5e-2)-(86-params)",classic_NN_6-6,40
500.0,500,355456,CartPole-v1,"CP-ppo-ac-NN(6,6)-(lr=2.5e-2)-(86-params)",classic_NN_6-6,40
500.0,500,355572,CartPole-v1,"CP-ppo-ac-NN(6,6)-(lr=2.5e-2)-(86-params)",classic_NN_6-6,40
500.0,500,356112,CartPole-v1,"CP-ppo-ac-NN(6,6)-(lr=2.5e-2)-(86-params)",classic_NN_6-6,40
500.0,500,356456,CartPole-v1,"CP-ppo-ac-NN(6,6)-(lr=2.5e-2)-(86-params)",classic_NN_6-6,40
500.0,500,357456,CartPole-v1,"CP-ppo-ac-NN(6,6)-(lr=2.5e-2)-(86-params)",classic_NN_6-6,40
500.0,500,357572,CartPole-v1,"CP-ppo-ac-NN(6,6)-(lr=2.5e-2)-(86-params)",classic_NN_6-6,40
500.0,500,358112,CartPole-v1,"CP-ppo-ac-NN(6,6)-(lr=2.5e-2)-(86-params)",classic_NN_6-6,40
500.0,500,358456,CartPole-v1,"CP-ppo-ac-NN(6,6)-(lr=2.5e-2)-(86-params)",classic_NN_6-6,40
500.0,500,359456,CartPole-v1,"CP-ppo-ac-NN(6,6)-(lr=2.5e-2)-(86-params)",classic_NN_6-6,40
500.0,500,359572,CartPole-v1,"CP-ppo-ac-NN(6,6)-(lr=2.5e-2)-(86-params)",classic_NN_6-6,40
500.0,500,360112,CartPole-v1,"CP-ppo-ac-NN(6,6)-(lr=2.5e-2)-(86-params)",classic_NN_6-6,40
500.0,500,360456,CartPole-v1,"CP-ppo-ac-NN(6,6)-(lr=2.5e-2)-(86-params)",classic_NN_6-6,40
385.0,385,360996,CartPole-v1,"CP-ppo-ac-NN(6,6)-(lr=2.5e-2)-(86-params)",classic_NN_6-6,40
500.0,500,361572,CartPole-v1,"CP-ppo-ac-NN(6,6)-(lr=2.5e-2)-(86-params)",classic_NN_6-6,40
500.0,500,362112,CartPole-v1,"CP-ppo-ac-NN(6,6)-(lr=2.5e-2)-(86-params)",classic_NN_6-6,40
500.0,500,362456,CartPole-v1,"CP-ppo-ac-NN(6,6)-(lr=2.5e-2)-(86-params)",classic_NN_6-6,40
500.0,500,362996,CartPole-v1,"CP-ppo-ac-NN(6,6)-(lr=2.5e-2)-(86-params)",classic_NN_6-6,40
500.0,500,363572,CartPole-v1,"CP-ppo-ac-NN(6,6)-(lr=2.5e-2)-(86-params)",classic_NN_6-6,40
500.0,500,364112,CartPole-v1,"CP-ppo-ac-NN(6,6)-(lr=2.5e-2)-(86-params)",classic_NN_6-6,40
500.0,500,364456,CartPole-v1,"CP-ppo-ac-NN(6,6)-(lr=2.5e-2)-(86-params)",classic_NN_6-6,40
500.0,500,364996,CartPole-v1,"CP-ppo-ac-NN(6,6)-(lr=2.5e-2)-(86-params)",classic_NN_6-6,40
500.0,500,365572,CartPole-v1,"CP-ppo-ac-NN(6,6)-(lr=2.5e-2)-(86-params)",classic_NN_6-6,40
500.0,500,366112,CartPole-v1,"CP-ppo-ac-NN(6,6)-(lr=2.5e-2)-(86-params)",classic_NN_6-6,40
500.0,500,366456,CartPole-v1,"CP-ppo-ac-NN(6,6)-(lr=2.5e-2)-(86-params)",classic_NN_6-6,40
500.0,500,366996,CartPole-v1,"CP-ppo-ac-NN(6,6)-(lr=2.5e-2)-(86-params)",classic_NN_6-6,40
500.0,500,367572,CartPole-v1,"CP-ppo-ac-NN(6,6)-(lr=2.5e-2)-(86-params)",classic_NN_6-6,40
500.0,500,368112,CartPole-v1,"CP-ppo-ac-NN(6,6)-(lr=2.5e-2)-(86-params)",classic_NN_6-6,40
500.0,500,368456,CartPole-v1,"CP-ppo-ac-NN(6,6)-(lr=2.5e-2)-(86-params)",classic_NN_6-6,40
500.0,500,368996,CartPole-v1,"CP-ppo-ac-NN(6,6)-(lr=2.5e-2)-(86-params)",classic_NN_6-6,40
500.0,500,369572,CartPole-v1,"CP-ppo-ac-NN(6,6)-(lr=2.5e-2)-(86-params)",classic_NN_6-6,40
500.0,500,370112,CartPole-v1,"CP-ppo-ac-NN(6,6)-(lr=2.5e-2)-(86-params)",classic_NN_6-6,40
500.0,500,370456,CartPole-v1,"CP-ppo-ac-NN(6,6)-(lr=2.5e-2)-(86-params)",classic_NN_6-6,40
500.0,500,370996,CartPole-v1,"CP-ppo-ac-NN(6,6)-(lr=2.5e-2)-(86-params)",classic_NN_6-6,40
500.0,500,371572,CartPole-v1,"CP-ppo-ac-NN(6,6)-(lr=2.5e-2)-(86-params)",classic_NN_6-6,40
500.0,500,372112,CartPole-v1,"CP-ppo-ac-NN(6,6)-(lr=2.5e-2)-(86-params)",classic_NN_6-6,40
500.0,500,372456,CartPole-v1,"CP-ppo-ac-NN(6,6)-(lr=2.5e-2)-(86-params)",classic_NN_6-6,40
500.0,500,372996,CartPole-v1,"CP-ppo-ac-NN(6,6)-(lr=2.5e-2)-(86-params)",classic_NN_6-6,40
500.0,500,373572,CartPole-v1,"CP-ppo-ac-NN(6,6)-(lr=2.5e-2)-(86-params)",classic_NN_6-6,40
500.0,500,374112,CartPole-v1,"CP-ppo-ac-NN(6,6)-(lr=2.5e-2)-(86-params)",classic_NN_6-6,40
500.0,500,374456,CartPole-v1,"CP-ppo-ac-NN(6,6)-(lr=2.5e-2)-(86-params)",classic_NN_6-6,40
500.0,500,374996,CartPole-v1,"CP-ppo-ac-NN(6,6)-(lr=2.5e-2)-(86-params)",classic_NN_6-6,40
500.0,500,375572,CartPole-v1,"CP-ppo-ac-NN(6,6)-(lr=2.5e-2)-(86-params)",classic_NN_6-6,40
500.0,500,376112,CartPole-v1,"CP-ppo-ac-NN(6,6)-(lr=2.5e-2)-(86-params)",classic_NN_6-6,40
500.0,500,376456,CartPole-v1,"CP-ppo-ac-NN(6,6)-(lr=2.5e-2)-(86-params)",classic_NN_6-6,40
500.0,500,376996,CartPole-v1,"CP-ppo-ac-NN(6,6)-(lr=2.5e-2)-(86-params)",classic_NN_6-6,40
500.0,500,377572,CartPole-v1,"CP-ppo-ac-NN(6,6)-(lr=2.5e-2)-(86-params)",classic_NN_6-6,40
500.0,500,378112,CartPole-v1,"CP-ppo-ac-NN(6,6)-(lr=2.5e-2)-(86-params)",classic_NN_6-6,40
500.0,500,378456,CartPole-v1,"CP-ppo-ac-NN(6,6)-(lr=2.5e-2)-(86-params)",classic_NN_6-6,40
500.0,500,378996,CartPole-v1,"CP-ppo-ac-NN(6,6)-(lr=2.5e-2)-(86-params)",classic_NN_6-6,40
500.0,500,379572,CartPole-v1,"CP-ppo-ac-NN(6,6)-(lr=2.5e-2)-(86-params)",classic_NN_6-6,40
488.0,488,380064,CartPole-v1,"CP-ppo-ac-NN(6,6)-(lr=2.5e-2)-(86-params)",classic_NN_6-6,40
328.0,328,380308,CartPole-v1,"CP-ppo-ac-NN(6,6)-(lr=2.5e-2)-(86-params)",classic_NN_6-6,40
500.0,500,380456,CartPole-v1,"CP-ppo-ac-NN(6,6)-(lr=2.5e-2)-(86-params)",classic_NN_6-6,40
169.0,169,380740,CartPole-v1,"CP-ppo-ac-NN(6,6)-(lr=2.5e-2)-(86-params)",classic_NN_6-6,40
500.0,500,381572,CartPole-v1,"CP-ppo-ac-NN(6,6)-(lr=2.5e-2)-(86-params)",classic_NN_6-6,40
500.0,500,382308,CartPole-v1,"CP-ppo-ac-NN(6,6)-(lr=2.5e-2)-(86-params)",classic_NN_6-6,40
500.0,500,382456,CartPole-v1,"CP-ppo-ac-NN(6,6)-(lr=2.5e-2)-(86-params)",classic_NN_6-6,40
500.0,500,382740,CartPole-v1,"CP-ppo-ac-NN(6,6)-(lr=2.5e-2)-(86-params)",classic_NN_6-6,40
500.0,500,383572,CartPole-v1,"CP-ppo-ac-NN(6,6)-(lr=2.5e-2)-(86-params)",classic_NN_6-6,40
500.0,500,384308,CartPole-v1,"CP-ppo-ac-NN(6,6)-(lr=2.5e-2)-(86-params)",classic_NN_6-6,40
500.0,500,384456,CartPole-v1,"CP-ppo-ac-NN(6,6)-(lr=2.5e-2)-(86-params)",classic_NN_6-6,40
500.0,500,384740,CartPole-v1,"CP-ppo-ac-NN(6,6)-(lr=2.5e-2)-(86-params)",classic_NN_6-6,40
99.0,99,384852,CartPole-v1,"CP-ppo-ac-NN(6,6)-(lr=2.5e-2)-(86-params)",classic_NN_6-6,40
500.0,500,385572,CartPole-v1,"CP-ppo-ac-NN(6,6)-(lr=2.5e-2)-(86-params)",classic_NN_6-6,40
500.0,500,386308,CartPole-v1,"CP-ppo-ac-NN(6,6)-(lr=2.5e-2)-(86-params)",classic_NN_6-6,40
500.0,500,386740,CartPole-v1,"CP-ppo-ac-NN(6,6)-(lr=2.5e-2)-(86-params)",classic_NN_6-6,40
500.0,500,386852,CartPole-v1,"CP-ppo-ac-NN(6,6)-(lr=2.5e-2)-(86-params)",classic_NN_6-6,40
500.0,500,387572,CartPole-v1,"CP-ppo-ac-NN(6,6)-(lr=2.5e-2)-(86-params)",classic_NN_6-6,40
500.0,500,388308,CartPole-v1,"CP-ppo-ac-NN(6,6)-(lr=2.5e-2)-(86-params)",classic_NN_6-6,40
500.0,500,388740,CartPole-v1,"CP-ppo-ac-NN(6,6)-(lr=2.5e-2)-(86-params)",classic_NN_6-6,40
500.0,500,388852,CartPole-v1,"CP-ppo-ac-NN(6,6)-(lr=2.5e-2)-(86-params)",classic_NN_6-6,40
500.0,500,389572,CartPole-v1,"CP-ppo-ac-NN(6,6)-(lr=2.5e-2)-(86-params)",classic_NN_6-6,40
244.0,244,389716,CartPole-v1,"CP-ppo-ac-NN(6,6)-(lr=2.5e-2)-(86-params)",classic_NN_6-6,40
500.0,500,390308,CartPole-v1,"CP-ppo-ac-NN(6,6)-(lr=2.5e-2)-(86-params)",classic_NN_6-6,40
169.0,169,390392,CartPole-v1,"CP-ppo-ac-NN(6,6)-(lr=2.5e-2)-(86-params)",classic_NN_6-6,40
500.0,500,390852,CartPole-v1,"CP-ppo-ac-NN(6,6)-(lr=2.5e-2)-(86-params)",classic_NN_6-6,40
500.0,500,391572,CartPole-v1,"CP-ppo-ac-NN(6,6)-(lr=2.5e-2)-(86-params)",classic_NN_6-6,40
500.0,500,392308,CartPole-v1,"CP-ppo-ac-NN(6,6)-(lr=2.5e-2)-(86-params)",classic_NN_6-6,40
500.0,500,392392,CartPole-v1,"CP-ppo-ac-NN(6,6)-(lr=2.5e-2)-(86-params)",classic_NN_6-6,40
500.0,500,392852,CartPole-v1,"CP-ppo-ac-NN(6,6)-(lr=2.5e-2)-(86-params)",classic_NN_6-6,40
500.0,500,393572,CartPole-v1,"CP-ppo-ac-NN(6,6)-(lr=2.5e-2)-(86-params)",classic_NN_6-6,40
419.0,419,394068,CartPole-v1,"CP-ppo-ac-NN(6,6)-(lr=2.5e-2)-(86-params)",classic_NN_6-6,40
500.0,500,394308,CartPole-v1,"CP-ppo-ac-NN(6,6)-(lr=2.5e-2)-(86-params)",classic_NN_6-6,40
309.0,309,394808,CartPole-v1,"CP-ppo-ac-NN(6,6)-(lr=2.5e-2)-(86-params)",classic_NN_6-6,40
500.0,500,394852,CartPole-v1,"CP-ppo-ac-NN(6,6)-(lr=2.5e-2)-(86-params)",classic_NN_6-6,40
500.0,500,396068,CartPole-v1,"CP-ppo-ac-NN(6,6)-(lr=2.5e-2)-(86-params)",classic_NN_6-6,40
500.0,500,396308,CartPole-v1,"CP-ppo-ac-NN(6,6)-(lr=2.5e-2)-(86-params)",classic_NN_6-6,40
118.0,118,396780,CartPole-v1,"CP-ppo-ac-NN(6,6)-(lr=2.5e-2)-(86-params)",classic_NN_6-6,40
500.0,500,396808,CartPole-v1,"CP-ppo-ac-NN(6,6)-(lr=2.5e-2)-(86-params)",classic_NN_6-6,40
500.0,500,396852,CartPole-v1,"CP-ppo-ac-NN(6,6)-(lr=2.5e-2)-(86-params)",classic_NN_6-6,40
391.0,391,397632,CartPole-v1,"CP-ppo-ac-NN(6,6)-(lr=2.5e-2)-(86-params)",classic_NN_6-6,40
262.0,262,397828,CartPole-v1,"CP-ppo-ac-NN(6,6)-(lr=2.5e-2)-(86-params)",classic_NN_6-6,40
338.0,338,398160,CartPole-v1,"CP-ppo-ac-NN(6,6)-(lr=2.5e-2)-(86-params)",classic_NN_6-6,40
330.0,330,398172,CartPole-v1,"CP-ppo-ac-NN(6,6)-(lr=2.5e-2)-(86-params)",classic_NN_6-6,40
211.0,211,398476,CartPole-v1,"CP-ppo-ac-NN(6,6)-(lr=2.5e-2)-(86-params)",classic_NN_6-6,40
500.0,500,399828,CartPole-v1,"CP-ppo-ac-NN(6,6)-(lr=2.5e-2)-(86-params)",classic_NN_6-6,40
500.0,500,400160,CartPole-v1,"CP-ppo-ac-NN(6,6)-(lr=2.5e-2)-(86-params)",classic_NN_6-6,40
500.0,500,400172,CartPole-v1,"CP-ppo-ac-NN(6,6)-(lr=2.5e-2)-(86-params)",classic_NN_6-6,40
500.0,500,400476,CartPole-v1,"CP-ppo-ac-NN(6,6)-(lr=2.5e-2)-(86-params)",classic_NN_6-6,40
500.0,500,401828,CartPole-v1,"CP-ppo-ac-NN(6,6)-(lr=2.5e-2)-(86-params)",classic_NN_6-6,40
500.0,500,402160,CartPole-v1,"CP-ppo-ac-NN(6,6)-(lr=2.5e-2)-(86-params)",classic_NN_6-6,40
500.0,500,402172,CartPole-v1,"CP-ppo-ac-NN(6,6)-(lr=2.5e-2)-(86-params)",classic_NN_6-6,40
500.0,500,402476,CartPole-v1,"CP-ppo-ac-NN(6,6)-(lr=2.5e-2)-(86-params)",classic_NN_6-6,40
500.0,500,403828,CartPole-v1,"CP-ppo-ac-NN(6,6)-(lr=2.5e-2)-(86-params)",classic_NN_6-6,40
500.0,500,404160,CartPole-v1,"CP-ppo-ac-NN(6,6)-(lr=2.5e-2)-(86-params)",classic_NN_6-6,40
500.0,500,404172,CartPole-v1,"CP-ppo-ac-NN(6,6)-(lr=2.5e-2)-(86-params)",classic_NN_6-6,40
500.0,500,404476,CartPole-v1,"CP-ppo-ac-NN(6,6)-(lr=2.5e-2)-(86-params)",classic_NN_6-6,40
270.0,270,405556,CartPole-v1,"CP-ppo-ac-NN(6,6)-(lr=2.5e-2)-(86-params)",classic_NN_6-6,40
500.0,500,405828,CartPole-v1,"CP-ppo-ac-NN(6,6)-(lr=2.5e-2)-(86-params)",classic_NN_6-6,40
500.0,500,406160,CartPole-v1,"CP-ppo-ac-NN(6,6)-(lr=2.5e-2)-(86-params)",classic_NN_6-6,40
500.0,500,406172,CartPole-v1,"CP-ppo-ac-NN(6,6)-(lr=2.5e-2)-(86-params)",classic_NN_6-6,40
409.0,409,407192,CartPole-v1,"CP-ppo-ac-NN(6,6)-(lr=2.5e-2)-(86-params)",classic_NN_6-6,40
380.0,380,407348,CartPole-v1,"CP-ppo-ac-NN(6,6)-(lr=2.5e-2)-(86-params)",classic_NN_6-6,40
500.0,500,408160,CartPole-v1,"CP-ppo-ac-NN(6,6)-(lr=2.5e-2)-(86-params)",classic_NN_6-6,40
500.0,500,408172,CartPole-v1,"CP-ppo-ac-NN(6,6)-(lr=2.5e-2)-(86-params)",classic_NN_6-6,40
149.0,149,408768,CartPole-v1,"CP-ppo-ac-NN(6,6)-(lr=2.5e-2)-(86-params)",classic_NN_6-6,40
500.0,500,409192,CartPole-v1,"CP-ppo-ac-NN(6,6)-(lr=2.5e-2)-(86-params)",classic_NN_6-6,40
500.0,500,409348,CartPole-v1,"CP-ppo-ac-NN(6,6)-(lr=2.5e-2)-(86-params)",classic_NN_6-6,40
500.0,500,410160,CartPole-v1,"CP-ppo-ac-NN(6,6)-(lr=2.5e-2)-(86-params)",classic_NN_6-6,40
500.0,500,410768,CartPole-v1,"CP-ppo-ac-NN(6,6)-(lr=2.5e-2)-(86-params)",classic_NN_6-6,40
500.0,500,411192,CartPole-v1,"CP-ppo-ac-NN(6,6)-(lr=2.5e-2)-(86-params)",classic_NN_6-6,40
500.0,500,411348,CartPole-v1,"CP-ppo-ac-NN(6,6)-(lr=2.5e-2)-(86-params)",classic_NN_6-6,40
500.0,500,412160,CartPole-v1,"CP-ppo-ac-NN(6,6)-(lr=2.5e-2)-(86-params)",classic_NN_6-6,40
500.0,500,412768,CartPole-v1,"CP-ppo-ac-NN(6,6)-(lr=2.5e-2)-(86-params)",classic_NN_6-6,40
500.0,500,413192,CartPole-v1,"CP-ppo-ac-NN(6,6)-(lr=2.5e-2)-(86-params)",classic_NN_6-6,40
500.0,500,413348,CartPole-v1,"CP-ppo-ac-NN(6,6)-(lr=2.5e-2)-(86-params)",classic_NN_6-6,40
500.0,500,414160,CartPole-v1,"CP-ppo-ac-NN(6,6)-(lr=2.5e-2)-(86-params)",classic_NN_6-6,40
500.0,500,414768,CartPole-v1,"CP-ppo-ac-NN(6,6)-(lr=2.5e-2)-(86-params)",classic_NN_6-6,40
500.0,500,415192,CartPole-v1,"CP-ppo-ac-NN(6,6)-(lr=2.5e-2)-(86-params)",classic_NN_6-6,40
500.0,500,415348,CartPole-v1,"CP-ppo-ac-NN(6,6)-(lr=2.5e-2)-(86-params)",classic_NN_6-6,40
326.0,326,415464,CartPole-v1,"CP-ppo-ac-NN(6,6)-(lr=2.5e-2)-(86-params)",classic_NN_6-6,40
500.0,500,416768,CartPole-v1,"CP-ppo-ac-NN(6,6)-(lr=2.5e-2)-(86-params)",classic_NN_6-6,40
500.0,500,417192,CartPole-v1,"CP-ppo-ac-NN(6,6)-(lr=2.5e-2)-(86-params)",classic_NN_6-6,40
500.0,500,417348,CartPole-v1,"CP-ppo-ac-NN(6,6)-(lr=2.5e-2)-(86-params)",classic_NN_6-6,40
500.0,500,417464,CartPole-v1,"CP-ppo-ac-NN(6,6)-(lr=2.5e-2)-(86-params)",classic_NN_6-6,40
500.0,500,418768,CartPole-v1,"CP-ppo-ac-NN(6,6)-(lr=2.5e-2)-(86-params)",classic_NN_6-6,40
500.0,500,419192,CartPole-v1,"CP-ppo-ac-NN(6,6)-(lr=2.5e-2)-(86-params)",classic_NN_6-6,40
500.0,500,419348,CartPole-v1,"CP-ppo-ac-NN(6,6)-(lr=2.5e-2)-(86-params)",classic_NN_6-6,40
500.0,500,419464,CartPole-v1,"CP-ppo-ac-NN(6,6)-(lr=2.5e-2)-(86-params)",classic_NN_6-6,40
500.0,500,420768,CartPole-v1,"CP-ppo-ac-NN(6,6)-(lr=2.5e-2)-(86-params)",classic_NN_6-6,40
500.0,500,421192,CartPole-v1,"CP-ppo-ac-NN(6,6)-(lr=2.5e-2)-(86-params)",classic_NN_6-6,40
500.0,500,421348,CartPole-v1,"CP-ppo-ac-NN(6,6)-(lr=2.5e-2)-(86-params)",classic_NN_6-6,40
500.0,500,421464,CartPole-v1,"CP-ppo-ac-NN(6,6)-(lr=2.5e-2)-(86-params)",classic_NN_6-6,40
500.0,500,422768,CartPole-v1,"CP-ppo-ac-NN(6,6)-(lr=2.5e-2)-(86-params)",classic_NN_6-6,40
500.0,500,423192,CartPole-v1,"CP-ppo-ac-NN(6,6)-(lr=2.5e-2)-(86-params)",classic_NN_6-6,40
500.0,500,423348,CartPole-v1,"CP-ppo-ac-NN(6,6)-(lr=2.5e-2)-(86-params)",classic_NN_6-6,40
500.0,500,423464,CartPole-v1,"CP-ppo-ac-NN(6,6)-(lr=2.5e-2)-(86-params)",classic_NN_6-6,40
168.0,168,423864,CartPole-v1,"CP-ppo-ac-NN(6,6)-(lr=2.5e-2)-(86-params)",classic_NN_6-6,40
299.0,299,423964,CartPole-v1,"CP-ppo-ac-NN(6,6)-(lr=2.5e-2)-(86-params)",classic_NN_6-6,40
141.0,141,424428,CartPole-v1,"CP-ppo-ac-NN(6,6)-(lr=2.5e-2)-(86-params)",classic_NN_6-6,40
158.0,158,425060,CartPole-v1,"CP-ppo-ac-NN(6,6)-(lr=2.5e-2)-(86-params)",classic_NN_6-6,40
500.0,500,425348,CartPole-v1,"CP-ppo-ac-NN(6,6)-(lr=2.5e-2)-(86-params)",classic_NN_6-6,40
500.0,500,425464,CartPole-v1,"CP-ppo-ac-NN(6,6)-(lr=2.5e-2)-(86-params)",classic_NN_6-6,40
500.0,500,425964,CartPole-v1,"CP-ppo-ac-NN(6,6)-(lr=2.5e-2)-(86-params)",classic_NN_6-6,40
156.0,156,426588,CartPole-v1,"CP-ppo-ac-NN(6,6)-(lr=2.5e-2)-(86-params)",classic_NN_6-6,40
500.0,500,427060,CartPole-v1,"CP-ppo-ac-NN(6,6)-(lr=2.5e-2)-(86-params)",classic_NN_6-6,40
500.0,500,427348,CartPole-v1,"CP-ppo-ac-NN(6,6)-(lr=2.5e-2)-(86-params)",classic_NN_6-6,40
500.0,500,427464,CartPole-v1,"CP-ppo-ac-NN(6,6)-(lr=2.5e-2)-(86-params)",classic_NN_6-6,40
500.0,500,428588,CartPole-v1,"CP-ppo-ac-NN(6,6)-(lr=2.5e-2)-(86-params)",classic_NN_6-6,40
500.0,500,429060,CartPole-v1,"CP-ppo-ac-NN(6,6)-(lr=2.5e-2)-(86-params)",classic_NN_6-6,40
500.0,500,429348,CartPole-v1,"CP-ppo-ac-NN(6,6)-(lr=2.5e-2)-(86-params)",classic_NN_6-6,40
500.0,500,429464,CartPole-v1,"CP-ppo-ac-NN(6,6)-(lr=2.5e-2)-(86-params)",classic_NN_6-6,40
500.0,500,430588,CartPole-v1,"CP-ppo-ac-NN(6,6)-(lr=2.5e-2)-(86-params)",classic_NN_6-6,40
425.0,425,431048,CartPole-v1,"CP-ppo-ac-NN(6,6)-(lr=2.5e-2)-(86-params)",classic_NN_6-6,40
500.0,500,431060,CartPole-v1,"CP-ppo-ac-NN(6,6)-(lr=2.5e-2)-(86-params)",classic_NN_6-6,40
500.0,500,431464,CartPole-v1,"CP-ppo-ac-NN(6,6)-(lr=2.5e-2)-(86-params)",classic_NN_6-6,40
500.0,500,432588,CartPole-v1,"CP-ppo-ac-NN(6,6)-(lr=2.5e-2)-(86-params)",classic_NN_6-6,40
500.0,500,433048,CartPole-v1,"CP-ppo-ac-NN(6,6)-(lr=2.5e-2)-(86-params)",classic_NN_6-6,40
500.0,500,433060,CartPole-v1,"CP-ppo-ac-NN(6,6)-(lr=2.5e-2)-(86-params)",classic_NN_6-6,40
500.0,500,433464,CartPole-v1,"CP-ppo-ac-NN(6,6)-(lr=2.5e-2)-(86-params)",classic_NN_6-6,40
500.0,500,434588,CartPole-v1,"CP-ppo-ac-NN(6,6)-(lr=2.5e-2)-(86-params)",classic_NN_6-6,40
500.0,500,435048,CartPole-v1,"CP-ppo-ac-NN(6,6)-(lr=2.5e-2)-(86-params)",classic_NN_6-6,40
500.0,500,435060,CartPole-v1,"CP-ppo-ac-NN(6,6)-(lr=2.5e-2)-(86-params)",classic_NN_6-6,40
500.0,500,435464,CartPole-v1,"CP-ppo-ac-NN(6,6)-(lr=2.5e-2)-(86-params)",classic_NN_6-6,40
500.0,500,436588,CartPole-v1,"CP-ppo-ac-NN(6,6)-(lr=2.5e-2)-(86-params)",classic_NN_6-6,40
500.0,500,437048,CartPole-v1,"CP-ppo-ac-NN(6,6)-(lr=2.5e-2)-(86-params)",classic_NN_6-6,40
500.0,500,437060,CartPole-v1,"CP-ppo-ac-NN(6,6)-(lr=2.5e-2)-(86-params)",classic_NN_6-6,40
500.0,500,437464,CartPole-v1,"CP-ppo-ac-NN(6,6)-(lr=2.5e-2)-(86-params)",classic_NN_6-6,40
500.0,500,438588,CartPole-v1,"CP-ppo-ac-NN(6,6)-(lr=2.5e-2)-(86-params)",classic_NN_6-6,40
500.0,500,439048,CartPole-v1,"CP-ppo-ac-NN(6,6)-(lr=2.5e-2)-(86-params)",classic_NN_6-6,40
500.0,500,439060,CartPole-v1,"CP-ppo-ac-NN(6,6)-(lr=2.5e-2)-(86-params)",classic_NN_6-6,40
500.0,500,439464,CartPole-v1,"CP-ppo-ac-NN(6,6)-(lr=2.5e-2)-(86-params)",classic_NN_6-6,40
500.0,500,440588,CartPole-v1,"CP-ppo-ac-NN(6,6)-(lr=2.5e-2)-(86-params)",classic_NN_6-6,40
500.0,500,441048,CartPole-v1,"CP-ppo-ac-NN(6,6)-(lr=2.5e-2)-(86-params)",classic_NN_6-6,40
500.0,500,441060,CartPole-v1,"CP-ppo-ac-NN(6,6)-(lr=2.5e-2)-(86-params)",classic_NN_6-6,40
500.0,500,441464,CartPole-v1,"CP-ppo-ac-NN(6,6)-(lr=2.5e-2)-(86-params)",classic_NN_6-6,40
500.0,500,442588,CartPole-v1,"CP-ppo-ac-NN(6,6)-(lr=2.5e-2)-(86-params)",classic_NN_6-6,40
500.0,500,443048,CartPole-v1,"CP-ppo-ac-NN(6,6)-(lr=2.5e-2)-(86-params)",classic_NN_6-6,40
500.0,500,443060,CartPole-v1,"CP-ppo-ac-NN(6,6)-(lr=2.5e-2)-(86-params)",classic_NN_6-6,40
500.0,500,443464,CartPole-v1,"CP-ppo-ac-NN(6,6)-(lr=2.5e-2)-(86-params)",classic_NN_6-6,40
223.0,223,443952,CartPole-v1,"CP-ppo-ac-NN(6,6)-(lr=2.5e-2)-(86-params)",classic_NN_6-6,40
241.0,241,444428,CartPole-v1,"CP-ppo-ac-NN(6,6)-(lr=2.5e-2)-(86-params)",classic_NN_6-6,40
500.0,500,444588,CartPole-v1,"CP-ppo-ac-NN(6,6)-(lr=2.5e-2)-(86-params)",classic_NN_6-6,40
500.0,500,445048,CartPole-v1,"CP-ppo-ac-NN(6,6)-(lr=2.5e-2)-(86-params)",classic_NN_6-6,40
221.0,221,445312,CartPole-v1,"CP-ppo-ac-NN(6,6)-(lr=2.5e-2)-(86-params)",classic_NN_6-6,40
203.0,203,445400,CartPole-v1,"CP-ppo-ac-NN(6,6)-(lr=2.5e-2)-(86-params)",classic_NN_6-6,40
500.0,500,445952,CartPole-v1,"CP-ppo-ac-NN(6,6)-(lr=2.5e-2)-(86-params)",classic_NN_6-6,40
263.0,263,446100,CartPole-v1,"CP-ppo-ac-NN(6,6)-(lr=2.5e-2)-(86-params)",classic_NN_6-6,40
218.0,218,446272,CartPole-v1,"CP-ppo-ac-NN(6,6)-(lr=2.5e-2)-(86-params)",classic_NN_6-6,40
152.0,152,446708,CartPole-v1,"CP-ppo-ac-NN(6,6)-(lr=2.5e-2)-(86-params)",classic_NN_6-6,40
235.0,235,446892,CartPole-v1,"CP-ppo-ac-NN(6,6)-(lr=2.5e-2)-(86-params)",classic_NN_6-6,40
185.0,185,447012,CartPole-v1,"CP-ppo-ac-NN(6,6)-(lr=2.5e-2)-(86-params)",classic_NN_6-6,40
500.0,500,447312,CartPole-v1,"CP-ppo-ac-NN(6,6)-(lr=2.5e-2)-(86-params)",classic_NN_6-6,40
500.0,500,448708,CartPole-v1,"CP-ppo-ac-NN(6,6)-(lr=2.5e-2)-(86-params)",classic_NN_6-6,40
500.0,500,448892,CartPole-v1,"CP-ppo-ac-NN(6,6)-(lr=2.5e-2)-(86-params)",classic_NN_6-6,40
500.0,500,449012,CartPole-v1,"CP-ppo-ac-NN(6,6)-(lr=2.5e-2)-(86-params)",classic_NN_6-6,40
500.0,500,449312,CartPole-v1,"CP-ppo-ac-NN(6,6)-(lr=2.5e-2)-(86-params)",classic_NN_6-6,40
500.0,500,450708,CartPole-v1,"CP-ppo-ac-NN(6,6)-(lr=2.5e-2)-(86-params)",classic_NN_6-6,40
500.0,500,450892,CartPole-v1,"CP-ppo-ac-NN(6,6)-(lr=2.5e-2)-(86-params)",classic_NN_6-6,40
500.0,500,451012,CartPole-v1,"CP-ppo-ac-NN(6,6)-(lr=2.5e-2)-(86-params)",classic_NN_6-6,40
500.0,500,451312,CartPole-v1,"CP-ppo-ac-NN(6,6)-(lr=2.5e-2)-(86-params)",classic_NN_6-6,40
500.0,500,452708,CartPole-v1,"CP-ppo-ac-NN(6,6)-(lr=2.5e-2)-(86-params)",classic_NN_6-6,40
500.0,500,452892,CartPole-v1,"CP-ppo-ac-NN(6,6)-(lr=2.5e-2)-(86-params)",classic_NN_6-6,40
500.0,500,453012,CartPole-v1,"CP-ppo-ac-NN(6,6)-(lr=2.5e-2)-(86-params)",classic_NN_6-6,40
89.0,89,453064,CartPole-v1,"CP-ppo-ac-NN(6,6)-(lr=2.5e-2)-(86-params)",classic_NN_6-6,40
500.0,500,453312,CartPole-v1,"CP-ppo-ac-NN(6,6)-(lr=2.5e-2)-(86-params)",classic_NN_6-6,40
106.0,106,453316,CartPole-v1,"CP-ppo-ac-NN(6,6)-(lr=2.5e-2)-(86-params)",classic_NN_6-6,40
71.0,71,453348,CartPole-v1,"CP-ppo-ac-NN(6,6)-(lr=2.5e-2)-(86-params)",classic_NN_6-6,40
90.0,90,453372,CartPole-v1,"CP-ppo-ac-NN(6,6)-(lr=2.5e-2)-(86-params)",classic_NN_6-6,40
48.0,48,453540,CartPole-v1,"CP-ppo-ac-NN(6,6)-(lr=2.5e-2)-(86-params)",classic_NN_6-6,40
71.0,71,453596,CartPole-v1,"CP-ppo-ac-NN(6,6)-(lr=2.5e-2)-(86-params)",classic_NN_6-6,40
55.0,55,453816,CartPole-v1,"CP-ppo-ac-NN(6,6)-(lr=2.5e-2)-(86-params)",classic_NN_6-6,40
126.0,126,453820,CartPole-v1,"CP-ppo-ac-NN(6,6)-(lr=2.5e-2)-(86-params)",classic_NN_6-6,40
45.0,45,454000,CartPole-v1,"CP-ppo-ac-NN(6,6)-(lr=2.5e-2)-(86-params)",classic_NN_6-6,40
500.0,500,455372,CartPole-v1,"CP-ppo-ac-NN(6,6)-(lr=2.5e-2)-(86-params)",classic_NN_6-6,40
500.0,500,455540,CartPole-v1,"CP-ppo-ac-NN(6,6)-(lr=2.5e-2)-(86-params)",classic_NN_6-6,40
54.0,54,455588,CartPole-v1,"CP-ppo-ac-NN(6,6)-(lr=2.5e-2)-(86-params)",classic_NN_6-6,40
500.0,500,455816,CartPole-v1,"CP-ppo-ac-NN(6,6)-(lr=2.5e-2)-(86-params)",classic_NN_6-6,40
500.0,500,456000,CartPole-v1,"CP-ppo-ac-NN(6,6)-(lr=2.5e-2)-(86-params)",classic_NN_6-6,40
500.0,500,457540,CartPole-v1,"CP-ppo-ac-NN(6,6)-(lr=2.5e-2)-(86-params)",classic_NN_6-6,40
500.0,500,457588,CartPole-v1,"CP-ppo-ac-NN(6,6)-(lr=2.5e-2)-(86-params)",classic_NN_6-6,40
500.0,500,457816,CartPole-v1,"CP-ppo-ac-NN(6,6)-(lr=2.5e-2)-(86-params)",classic_NN_6-6,40
500.0,500,458000,CartPole-v1,"CP-ppo-ac-NN(6,6)-(lr=2.5e-2)-(86-params)",classic_NN_6-6,40
500.0,500,459540,CartPole-v1,"CP-ppo-ac-NN(6,6)-(lr=2.5e-2)-(86-params)",classic_NN_6-6,40
500.0,500,459588,CartPole-v1,"CP-ppo-ac-NN(6,6)-(lr=2.5e-2)-(86-params)",classic_NN_6-6,40
500.0,500,459816,CartPole-v1,"CP-ppo-ac-NN(6,6)-(lr=2.5e-2)-(86-params)",classic_NN_6-6,40
500.0,500,460000,CartPole-v1,"CP-ppo-ac-NN(6,6)-(lr=2.5e-2)-(86-params)",classic_NN_6-6,40
500.0,500,461540,CartPole-v1,"CP-ppo-ac-NN(6,6)-(lr=2.5e-2)-(86-params)",classic_NN_6-6,40
500.0,500,461588,CartPole-v1,"CP-ppo-ac-NN(6,6)-(lr=2.5e-2)-(86-params)",classic_NN_6-6,40
500.0,500,461816,CartPole-v1,"CP-ppo-ac-NN(6,6)-(lr=2.5e-2)-(86-params)",classic_NN_6-6,40
500.0,500,462000,CartPole-v1,"CP-ppo-ac-NN(6,6)-(lr=2.5e-2)-(86-params)",classic_NN_6-6,40
500.0,500,463540,CartPole-v1,"CP-ppo-ac-NN(6,6)-(lr=2.5e-2)-(86-params)",classic_NN_6-6,40
500.0,500,463588,CartPole-v1,"CP-ppo-ac-NN(6,6)-(lr=2.5e-2)-(86-params)",classic_NN_6-6,40
500.0,500,463816,CartPole-v1,"CP-ppo-ac-NN(6,6)-(lr=2.5e-2)-(86-params)",classic_NN_6-6,40
500.0,500,464000,CartPole-v1,"CP-ppo-ac-NN(6,6)-(lr=2.5e-2)-(86-params)",classic_NN_6-6,40
500.0,500,465540,CartPole-v1,"CP-ppo-ac-NN(6,6)-(lr=2.5e-2)-(86-params)",classic_NN_6-6,40
500.0,500,465588,CartPole-v1,"CP-ppo-ac-NN(6,6)-(lr=2.5e-2)-(86-params)",classic_NN_6-6,40
500.0,500,465816,CartPole-v1,"CP-ppo-ac-NN(6,6)-(lr=2.5e-2)-(86-params)",classic_NN_6-6,40
500.0,500,466000,CartPole-v1,"CP-ppo-ac-NN(6,6)-(lr=2.5e-2)-(86-params)",classic_NN_6-6,40
80.0,80,466320,CartPole-v1,"CP-ppo-ac-NN(6,6)-(lr=2.5e-2)-(86-params)",classic_NN_6-6,40
41.0,41,466484,CartPole-v1,"CP-ppo-ac-NN(6,6)-(lr=2.5e-2)-(86-params)",classic_NN_6-6,40
220.0,220,466696,CartPole-v1,"CP-ppo-ac-NN(6,6)-(lr=2.5e-2)-(86-params)",classic_NN_6-6,40
500.0,500,467540,CartPole-v1,"CP-ppo-ac-NN(6,6)-(lr=2.5e-2)-(86-params)",classic_NN_6-6,40
500.0,500,467588,CartPole-v1,"CP-ppo-ac-NN(6,6)-(lr=2.5e-2)-(86-params)",classic_NN_6-6,40
500.0,500,468484,CartPole-v1,"CP-ppo-ac-NN(6,6)-(lr=2.5e-2)-(86-params)",classic_NN_6-6,40
254.0,254,468604,CartPole-v1,"CP-ppo-ac-NN(6,6)-(lr=2.5e-2)-(86-params)",classic_NN_6-6,40
500.0,500,468696,CartPole-v1,"CP-ppo-ac-NN(6,6)-(lr=2.5e-2)-(86-params)",classic_NN_6-6,40
500.0,500,469540,CartPole-v1,"CP-ppo-ac-NN(6,6)-(lr=2.5e-2)-(86-params)",classic_NN_6-6,40
500.0,500,470484,CartPole-v1,"CP-ppo-ac-NN(6,6)-(lr=2.5e-2)-(86-params)",classic_NN_6-6,40
500.0,500,470604,CartPole-v1,"CP-ppo-ac-NN(6,6)-(lr=2.5e-2)-(86-params)",classic_NN_6-6,40
500.0,500,470696,CartPole-v1,"CP-ppo-ac-NN(6,6)-(lr=2.5e-2)-(86-params)",classic_NN_6-6,40
500.0,500,471540,CartPole-v1,"CP-ppo-ac-NN(6,6)-(lr=2.5e-2)-(86-params)",classic_NN_6-6,40
500.0,500,472484,CartPole-v1,"CP-ppo-ac-NN(6,6)-(lr=2.5e-2)-(86-params)",classic_NN_6-6,40
500.0,500,472604,CartPole-v1,"CP-ppo-ac-NN(6,6)-(lr=2.5e-2)-(86-params)",classic_NN_6-6,40
500.0,500,472696,CartPole-v1,"CP-ppo-ac-NN(6,6)-(lr=2.5e-2)-(86-params)",classic_NN_6-6,40
500.0,500,473540,CartPole-v1,"CP-ppo-ac-NN(6,6)-(lr=2.5e-2)-(86-params)",classic_NN_6-6,40
500.0,500,474484,CartPole-v1,"CP-ppo-ac-NN(6,6)-(lr=2.5e-2)-(86-params)",classic_NN_6-6,40
500.0,500,474604,CartPole-v1,"CP-ppo-ac-NN(6,6)-(lr=2.5e-2)-(86-params)",classic_NN_6-6,40
500.0,500,474696,CartPole-v1,"CP-ppo-ac-NN(6,6)-(lr=2.5e-2)-(86-params)",classic_NN_6-6,40
500.0,500,475540,CartPole-v1,"CP-ppo-ac-NN(6,6)-(lr=2.5e-2)-(86-params)",classic_NN_6-6,40
500.0,500,476484,CartPole-v1,"CP-ppo-ac-NN(6,6)-(lr=2.5e-2)-(86-params)",classic_NN_6-6,40
500.0,500,476604,CartPole-v1,"CP-ppo-ac-NN(6,6)-(lr=2.5e-2)-(86-params)",classic_NN_6-6,40
500.0,500,476696,CartPole-v1,"CP-ppo-ac-NN(6,6)-(lr=2.5e-2)-(86-params)",classic_NN_6-6,40
500.0,500,477540,CartPole-v1,"CP-ppo-ac-NN(6,6)-(lr=2.5e-2)-(86-params)",classic_NN_6-6,40
500.0,500,478484,CartPole-v1,"CP-ppo-ac-NN(6,6)-(lr=2.5e-2)-(86-params)",classic_NN_6-6,40
500.0,500,478604,CartPole-v1,"CP-ppo-ac-NN(6,6)-(lr=2.5e-2)-(86-params)",classic_NN_6-6,40
500.0,500,478696,CartPole-v1,"CP-ppo-ac-NN(6,6)-(lr=2.5e-2)-(86-params)",classic_NN_6-6,40
232.0,232,479532,CartPole-v1,"CP-ppo-ac-NN(6,6)-(lr=2.5e-2)-(86-params)",classic_NN_6-6,40
500.0,500,479540,CartPole-v1,"CP-ppo-ac-NN(6,6)-(lr=2.5e-2)-(86-params)",classic_NN_6-6,40
392.0,392,480052,CartPole-v1,"CP-ppo-ac-NN(6,6)-(lr=2.5e-2)-(86-params)",classic_NN_6-6,40
365.0,365,480156,CartPole-v1,"CP-ppo-ac-NN(6,6)-(lr=2.5e-2)-(86-params)",classic_NN_6-6,40
500.0,500,481532,CartPole-v1,"CP-ppo-ac-NN(6,6)-(lr=2.5e-2)-(86-params)",classic_NN_6-6,40
500.0,500,481540,CartPole-v1,"CP-ppo-ac-NN(6,6)-(lr=2.5e-2)-(86-params)",classic_NN_6-6,40
500.0,500,482052,CartPole-v1,"CP-ppo-ac-NN(6,6)-(lr=2.5e-2)-(86-params)",classic_NN_6-6,40
500.0,500,482156,CartPole-v1,"CP-ppo-ac-NN(6,6)-(lr=2.5e-2)-(86-params)",classic_NN_6-6,40
500.0,500,483532,CartPole-v1,"CP-ppo-ac-NN(6,6)-(lr=2.5e-2)-(86-params)",classic_NN_6-6,40
500.0,500,483540,CartPole-v1,"CP-ppo-ac-NN(6,6)-(lr=2.5e-2)-(86-params)",classic_NN_6-6,40
500.0,500,484052,CartPole-v1,"CP-ppo-ac-NN(6,6)-(lr=2.5e-2)-(86-params)",classic_NN_6-6,40
500.0,500,484156,CartPole-v1,"CP-ppo-ac-NN(6,6)-(lr=2.5e-2)-(86-params)",classic_NN_6-6,40
500.0,500,485532,CartPole-v1,"CP-ppo-ac-NN(6,6)-(lr=2.5e-2)-(86-params)",classic_NN_6-6,40
500.0,500,485540,CartPole-v1,"CP-ppo-ac-NN(6,6)-(lr=2.5e-2)-(86-params)",classic_NN_6-6,40
500.0,500,486052,CartPole-v1,"CP-ppo-ac-NN(6,6)-(lr=2.5e-2)-(86-params)",classic_NN_6-6,40
500.0,500,486156,CartPole-v1,"CP-ppo-ac-NN(6,6)-(lr=2.5e-2)-(86-params)",classic_NN_6-6,40
434.0,434,487268,CartPole-v1,"CP-ppo-ac-NN(6,6)-(lr=2.5e-2)-(86-params)",classic_NN_6-6,40
500.0,500,487540,CartPole-v1,"CP-ppo-ac-NN(6,6)-(lr=2.5e-2)-(86-params)",classic_NN_6-6,40
500.0,500,488052,CartPole-v1,"CP-ppo-ac-NN(6,6)-(lr=2.5e-2)-(86-params)",classic_NN_6-6,40
500.0,500,488156,CartPole-v1,"CP-ppo-ac-NN(6,6)-(lr=2.5e-2)-(86-params)",classic_NN_6-6,40
374.0,374,488764,CartPole-v1,"CP-ppo-ac-NN(6,6)-(lr=2.5e-2)-(86-params)",classic_NN_6-6,40
500.0,500,489540,CartPole-v1,"CP-ppo-ac-NN(6,6)-(lr=2.5e-2)-(86-params)",classic_NN_6-6,40
500.0,500,490052,CartPole-v1,"CP-ppo-ac-NN(6,6)-(lr=2.5e-2)-(86-params)",classic_NN_6-6,40
500.0,500,490156,CartPole-v1,"CP-ppo-ac-NN(6,6)-(lr=2.5e-2)-(86-params)",classic_NN_6-6,40
205.0,205,490360,CartPole-v1,"CP-ppo-ac-NN(6,6)-(lr=2.5e-2)-(86-params)",classic_NN_6-6,40
468.0,468,490636,CartPole-v1,"CP-ppo-ac-NN(6,6)-(lr=2.5e-2)-(86-params)",classic_NN_6-6,40
145.0,145,490736,CartPole-v1,"CP-ppo-ac-NN(6,6)-(lr=2.5e-2)-(86-params)",classic_NN_6-6,40
352.0,352,491460,CartPole-v1,"CP-ppo-ac-NN(6,6)-(lr=2.5e-2)-(86-params)",classic_NN_6-6,40
241.0,241,491600,CartPole-v1,"CP-ppo-ac-NN(6,6)-(lr=2.5e-2)-(86-params)",classic_NN_6-6,40
496.0,496,492344,CartPole-v1,"CP-ppo-ac-NN(6,6)-(lr=2.5e-2)-(86-params)",classic_NN_6-6,40
234.0,234,492396,CartPole-v1,"CP-ppo-ac-NN(6,6)-(lr=2.5e-2)-(86-params)",classic_NN_6-6,40
500.0,500,492736,CartPole-v1,"CP-ppo-ac-NN(6,6)-(lr=2.5e-2)-(86-params)",classic_NN_6-6,40
500.0,500,493600,CartPole-v1,"CP-ppo-ac-NN(6,6)-(lr=2.5e-2)-(86-params)",classic_NN_6-6,40
500.0,500,494344,CartPole-v1,"CP-ppo-ac-NN(6,6)-(lr=2.5e-2)-(86-params)",classic_NN_6-6,40
500.0,500,494396,CartPole-v1,"CP-ppo-ac-NN(6,6)-(lr=2.5e-2)-(86-params)",classic_NN_6-6,40
283.0,283,494732,CartPole-v1,"CP-ppo-ac-NN(6,6)-(lr=2.5e-2)-(86-params)",classic_NN_6-6,40
500.0,500,494736,CartPole-v1,"CP-ppo-ac-NN(6,6)-(lr=2.5e-2)-(86-params)",classic_NN_6-6,40
500.0,500,496344,CartPole-v1,"CP-ppo-ac-NN(6,6)-(lr=2.5e-2)-(86-params)",classic_NN_6-6,40
500.0,500,496396,CartPole-v1,"CP-ppo-ac-NN(6,6)-(lr=2.5e-2)-(86-params)",classic_NN_6-6,40
431.0,431,496456,CartPole-v1,"CP-ppo-ac-NN(6,6)-(lr=2.5e-2)-(86-params)",classic_NN_6-6,40
500.0,500,496736,CartPole-v1,"CP-ppo-ac-NN(6,6)-(lr=2.5e-2)-(86-params)",classic_NN_6-6,40
233.0,233,497328,CartPole-v1,"CP-ppo-ac-NN(6,6)-(lr=2.5e-2)-(86-params)",classic_NN_6-6,40
414.0,414,498112,CartPole-v1,"CP-ppo-ac-NN(6,6)-(lr=2.5e-2)-(86-params)",classic_NN_6-6,40
347.0,347,498124,CartPole-v1,"CP-ppo-ac-NN(6,6)-(lr=2.5e-2)-(86-params)",classic_NN_6-6,40
500.0,500,498344,CartPole-v1,"CP-ppo-ac-NN(6,6)-(lr=2.5e-2)-(86-params)",classic_NN_6-6,40
500.0,500,499328,CartPole-v1,"CP-ppo-ac-NN(6,6)-(lr=2.5e-2)-(86-params)",classic_NN_6-6,40
