learning_rate,qlearning_rate,value_loss,policy_loss,entropy,loss,old_approx_kl,approx_kl,clipfrac,explained_variance,SPS,output_scaleing,global_step,gym_id,exp_name,circuit,seed
0.00025,0.001,0.019742347300052643,-0.0013887137174606323,1.3173662424087524,-0.0046912021934986115,-0.00038035912439227104,0.00010576052591204643,0.0,-9.55211353302002,7,1,512,Deterministic-ShortestPath-4x4-FrozenLake-v0,qppo-Hgog-qlr1.0e-3,Hgog,30
0.00025,0.001,0.0035878317430615425,-0.001688927412033081,1.3156604766845703,-0.01305161602795124,-0.00025316886603832245,2.6588328182697296e-05,0.0,-5.409112453460693,7,1,1024,Deterministic-ShortestPath-4x4-FrozenLake-v0,qppo-Hgog-qlr1.0e-3,Hgog,30
0.00025,0.001,0.000580302148591727,-0.004266353324055672,1.3079122304916382,-0.017055323347449303,0.002025067340582609,0.00010328833013772964,0.0,-3.6163930892944336,7,1,1536,Deterministic-ShortestPath-4x4-FrozenLake-v0,qppo-Hgog-qlr1.0e-3,Hgog,30
0.00025,0.001,0.0015086022904142737,-0.00587153434753418,1.3108117580413818,-0.018225351348519325,-0.0010517872869968414,0.00032985489815473557,0.0,-0.004963397979736328,7,1,2048,Deterministic-ShortestPath-4x4-FrozenLake-v0,qppo-Hgog-qlr1.0e-3,Hgog,30
0.00025,0.001,0.001791908754967153,-0.0005508791655302048,1.30928373336792,-0.01274776179343462,0.0053796311840415,0.00038704369217157364,0.0,0.0629957914352417,7,1,2560,Deterministic-ShortestPath-4x4-FrozenLake-v0,qppo-Hgog-qlr1.0e-3,Hgog,30
0.00025,0.001,0.0011611699592322111,-0.0022487323731184006,1.3196699619293213,-0.01486484706401825,0.0030404827557504177,0.0005663987249135971,0.0,0.20356106758117676,7,1,3072,Deterministic-ShortestPath-4x4-FrozenLake-v0,qppo-Hgog-qlr1.0e-3,Hgog,30
0.00025,0.001,0.0013645216822624207,-0.0023504886776208878,1.323720097541809,-0.014905428513884544,-0.0009099650196731091,0.0005206982605159283,0.0,0.09813928604125977,7,1,3584,Deterministic-ShortestPath-4x4-FrozenLake-v0,qppo-Hgog-qlr1.0e-3,Hgog,30
0.00025,0.001,0.0013275177916511893,-0.00916287675499916,1.326684594154358,-0.02176596410572529,-0.0020875195041298866,0.0005341987125575542,0.0,0.10777151584625244,7,1,4096,Deterministic-ShortestPath-4x4-FrozenLake-v0,qppo-Hgog-qlr1.0e-3,Hgog,30
0.00025,0.001,0.0008111635688692331,-0.01375777367502451,1.3326083421707153,-0.02667827531695366,-0.005340161733329296,0.0007266108877956867,0.0,0.1060517430305481,7,1,4608,Deterministic-ShortestPath-4x4-FrozenLake-v0,qppo-Hgog-qlr1.0e-3,Hgog,30
0.00025,0.001,0.02161155827343464,-0.001958739012479782,1.340908169746399,-0.004562041722238064,-0.004881926812231541,0.0004888484254479408,0.0,0.041697919368743896,7,1,5120,Deterministic-ShortestPath-4x4-FrozenLake-v0,qppo-Hgog-qlr1.0e-3,Hgog,30
0.00025,0.001,0.0005485945148393512,-0.011688197031617165,1.3429228067398071,-0.0248431283980608,-0.0036355615593492985,0.0007487218827009201,0.0,0.1809024214744568,7,1,5632,Deterministic-ShortestPath-4x4-FrozenLake-v0,qppo-Hgog-qlr1.0e-3,Hgog,30
0.00025,0.001,0.0005535731907002628,-0.01677958481013775,1.3359036445617676,-0.02986183390021324,-0.00446589570492506,0.0008522202260792255,0.0,0.0976683497428894,7,1,6144,Deterministic-ShortestPath-4x4-FrozenLake-v0,qppo-Hgog-qlr1.0e-3,Hgog,30
0.00025,0.001,0.0011301040649414062,-0.009157650172710419,1.3366410732269287,-0.021959008648991585,0.0012630727142095566,0.0006738007068634033,0.0,0.05489766597747803,7,1,6656,Deterministic-ShortestPath-4x4-FrozenLake-v0,qppo-Hgog-qlr1.0e-3,Hgog,30
0.00025,0.001,0.00046954143908806145,-0.014789432287216187,1.3210692405700684,-0.02776535227894783,-0.0007198951207101345,0.0007267170585691929,0.0,0.1880662441253662,7,1,7168,Deterministic-ShortestPath-4x4-FrozenLake-v0,qppo-Hgog-qlr1.0e-3,Hgog,30
0.00025,0.001,0.0004974513431079686,-0.006947271525859833,1.3189032077789307,-0.01988757774233818,0.0006302418187260628,0.0006955028511583805,0.0,0.11199510097503662,7,1,7680,Deterministic-ShortestPath-4x4-FrozenLake-v0,qppo-Hgog-qlr1.0e-3,Hgog,30
0.00025,0.001,0.0005490763578563929,-0.011933431029319763,1.311188817024231,-0.02477077953517437,-0.004420015029609203,0.0008003204129636288,0.0,0.1674404740333557,7,1,8192,Deterministic-ShortestPath-4x4-FrozenLake-v0,qppo-Hgog-qlr1.0e-3,Hgog,30
0.00025,0.001,0.00044302811147645116,-0.01510191336274147,1.3051985502243042,-0.027932384982705116,-0.002472206950187683,0.0009994814172387123,0.0,0.21996283531188965,7,1,8704,Deterministic-ShortestPath-4x4-FrozenLake-v0,qppo-Hgog-qlr1.0e-3,Hgog,30
0.00025,0.001,0.000767172547057271,-0.010728053748607635,1.3000563383102417,-0.02334503084421158,0.0027112248353660107,0.0006635133177042007,0.0,0.12960392236709595,7,1,9216,Deterministic-ShortestPath-4x4-FrozenLake-v0,qppo-Hgog-qlr1.0e-3,Hgog,30
0.00025,0.001,0.0005005401326343417,-0.01132628507912159,1.276840329170227,-0.023844417184591293,0.0005193911492824554,0.0005466816946864128,0.0,0.16376489400863647,7,1,9728,Deterministic-ShortestPath-4x4-FrozenLake-v0,qppo-Hgog-qlr1.0e-3,Hgog,30
0.00025,0.001,0.0005118206609040499,-0.009695906192064285,1.268263816833496,-0.022122634574770927,0.002528955228626728,0.0006911046802997589,0.0,0.17853468656539917,7,1,10240,Deterministic-ShortestPath-4x4-FrozenLake-v0,qppo-Hgog-qlr1.0e-3,Hgog,30
0.00025,0.001,0.00023507312289439142,-0.01247531920671463,1.2577755451202393,-0.024935537949204445,-0.0025004656054079533,0.0006631086580455303,0.0,0.1949704885482788,7,1,10752,Deterministic-ShortestPath-4x4-FrozenLake-v0,qppo-Hgog-qlr1.0e-3,Hgog,30
0.00025,0.001,0.00034468050580471754,-0.006040044128894806,1.2432184219360352,-0.0182998888194561,0.0032885922119021416,0.0004673423245549202,0.0,0.07688373327255249,7,1,11264,Deterministic-ShortestPath-4x4-FrozenLake-v0,qppo-Hgog-qlr1.0e-3,Hgog,30
0.00025,0.001,0.0003764519060496241,-0.007267553359270096,1.2392977476119995,-0.019472304731607437,-0.00041365064680576324,0.0002986416220664978,0.0,0.16788160800933838,7,1,11776,Deterministic-ShortestPath-4x4-FrozenLake-v0,qppo-Hgog-qlr1.0e-3,Hgog,30
0.00025,0.001,0.0040980614721775055,-0.002285577356815338,1.2270169258117676,-0.012506715953350067,0.0003890823572874069,0.00017784582450985909,0.0,0.04348421096801758,7,1,12288,Deterministic-ShortestPath-4x4-FrozenLake-v0,qppo-Hgog-qlr1.0e-3,Hgog,30
0.00025,0.001,0.0002134615060640499,-0.005097167566418648,1.214314341545105,-0.017133580520749092,0.0007817503064870834,0.00022774795070290565,0.0,0.027253031730651855,7,1,12800,Deterministic-ShortestPath-4x4-FrozenLake-v0,qppo-Hgog-qlr1.0e-3,Hgog,30
0.00025,0.001,0.0002533640363253653,-0.006247308105230331,1.2204630374908447,-0.018325256183743477,-0.0005988082848489285,0.00020106462761759758,0.0,-0.09184694290161133,7,1,13312,Deterministic-ShortestPath-4x4-FrozenLake-v0,qppo-Hgog-qlr1.0e-3,Hgog,30
0.00025,0.001,0.007379222195595503,-0.0018064482137560844,1.209714651107788,-0.010213983245193958,-0.0002495548687875271,7.384736090898514e-05,0.0,0.07839387655258179,7,1,13824,Deterministic-ShortestPath-4x4-FrozenLake-v0,qppo-Hgog-qlr1.0e-3,Hgog,30
0.00025,0.001,0.0002673619310371578,-0.005314567591995001,1.1997499465942383,-0.017178386449813843,-0.0003369254991412163,7.72206112742424e-05,0.0,-0.32157278060913086,7,1,14336,Deterministic-ShortestPath-4x4-FrozenLake-v0,qppo-Hgog-qlr1.0e-3,Hgog,30
0.00025,0.001,0.00046689840382896364,-0.002402588725090027,1.1915967464447021,-0.014085106551647186,0.000969290267676115,7.403315976262093e-05,0.0,-0.29073917865753174,7,1,14848,Deterministic-ShortestPath-4x4-FrozenLake-v0,qppo-Hgog-qlr1.0e-3,Hgog,30
0.00025,0.001,0.00023681082529947162,-0.0048063406720757484,1.1821151971817017,-0.01650908775627613,0.0029547782614827156,0.00011377595365047455,0.0,0.25940144062042236,7,1,15360,Deterministic-ShortestPath-4x4-FrozenLake-v0,qppo-Hgog-qlr1.0e-3,Hgog,30
0.00025,0.001,0.0005262307240627706,-0.002826613374054432,1.1839196681976318,-0.014402694068849087,-0.0015603103674948215,5.085626617074013e-05,0.0,0.06313973665237427,7,1,15872,Deterministic-ShortestPath-4x4-FrozenLake-v0,qppo-Hgog-qlr1.0e-3,Hgog,30
0.00025,0.001,0.00017267890507355332,-0.002637110650539398,1.1725302934646606,-0.01427607424557209,-0.0005160514265298843,8.290726691484451e-05,0.0,0.18111640214920044,7,1,16384,Deterministic-ShortestPath-4x4-FrozenLake-v0,qppo-Hgog-qlr1.0e-3,Hgog,30
0.00025,0.001,0.00038622834836132824,-0.003041204996407032,1.1635273694992065,-0.014483364298939705,0.0010743411257863045,8.691195398569107e-05,0.0,0.11082172393798828,7,1,16896,Deterministic-ShortestPath-4x4-FrozenLake-v0,qppo-Hgog-qlr1.0e-3,Hgog,30
0.00025,0.001,0.00015540095046162605,-0.0009087398648262024,1.1633875370025635,-0.012464914470911026,-0.002242310903966427,9.29483212530613e-05,0.0,-0.039907217025756836,7,1,17408,Deterministic-ShortestPath-4x4-FrozenLake-v0,qppo-Hgog-qlr1.0e-3,Hgog,30
0.00025,0.001,0.00016461813356727362,-0.002212021965533495,1.1601991653442383,-0.013731704093515873,0.001574973575770855,0.00014935992658138275,0.0,0.14455604553222656,7,1,17920,Deterministic-ShortestPath-4x4-FrozenLake-v0,qppo-Hgog-qlr1.0e-3,Hgog,30
0.00025,0.001,0.0002391264570178464,-0.0036065243184566498,1.1629754304885864,-0.015116714872419834,-0.00021684635430574417,0.00011190678924322128,0.0,0.2286902666091919,7,1,18432,Deterministic-ShortestPath-4x4-FrozenLake-v0,qppo-Hgog-qlr1.0e-3,Hgog,30
0.00025,0.001,0.00016205436259042472,-0.0015297038480639458,1.1550102233886719,-0.01299877930432558,-0.0016474691219627857,4.119100049138069e-05,0.0,0.2690814137458801,7,1,18944,Deterministic-ShortestPath-4x4-FrozenLake-v0,qppo-Hgog-qlr1.0e-3,Hgog,30
0.00025,0.001,0.00016590663290116936,-0.002204548567533493,1.1522517204284668,-0.013644112274050713,2.071075141429901e-05,2.905307337641716e-05,0.0,0.24393635988235474,7,1,19456,Deterministic-ShortestPath-4x4-FrozenLake-v0,qppo-Hgog-qlr1.0e-3,Hgog,30
0.00025,0.001,0.00016805068298708647,-0.0017687194049358368,1.1519896984100342,-0.013204590417444706,0.0005573146045207977,2.2517051547765732e-05,0.0,0.30225569009780884,7,1,19968,Deterministic-ShortestPath-4x4-FrozenLake-v0,qppo-Hgog-qlr1.0e-3,Hgog,30
0.00025,0.001,0.0002586720511317253,0.00034177862107753754,1.162672758102417,-0.011155612766742706,0.00028961244970560074,3.9693433791399e-05,0.0,-0.25060927867889404,7,1,20480,Deterministic-ShortestPath-4x4-FrozenLake-v0,qppo-Hgog-qlr1.0e-3,Hgog,30
0.00025,0.001,0.0001572831388330087,-0.0017830990254878998,1.1562845706939697,-0.013267302885651588,-0.00070145633071661,2.806819975376129e-05,0.0,0.19803285598754883,7,1,20992,Deterministic-ShortestPath-4x4-FrozenLake-v0,qppo-Hgog-qlr1.0e-3,Hgog,30
0.00025,0.001,0.00019932922441512346,-0.002211896702647209,1.158258318901062,-0.013694815337657928,0.0006662150844931602,4.310067743062973e-05,0.0,0.1659848690032959,7,1,21504,Deterministic-ShortestPath-4x4-FrozenLake-v0,qppo-Hgog-qlr1.0e-3,Hgog,30
0.00025,0.001,0.0001676092651905492,-0.0016431249678134918,1.1506946086883545,-0.013066265732049942,0.0003778296522796154,4.256516695022583e-05,0.0,0.26748186349868774,7,1,22016,Deterministic-ShortestPath-4x4-FrozenLake-v0,qppo-Hgog-qlr1.0e-3,Hgog,30
0.00025,0.001,0.00010493303125258535,-0.0008258800953626633,1.1503127813339233,-0.012276541441679,0.0007521118968725204,1.4508608728647232e-05,0.0,0.3125290870666504,7,1,22528,Deterministic-ShortestPath-4x4-FrozenLake-v0,qppo-Hgog-qlr1.0e-3,Hgog,30
0.00025,0.001,0.007362759672105312,0.0004201643168926239,1.1493384838104248,-0.007391840685158968,-0.00028508761897683144,4.27616760134697e-06,0.0,0.09245377779006958,7,1,23040,Deterministic-ShortestPath-4x4-FrozenLake-v0,qppo-Hgog-qlr1.0e-3,Hgog,30
0.00025,0.001,0.00023839906498324126,-0.0012471750378608704,1.1583385467529297,-0.0127113601192832,0.0004898007027804852,1.813843846321106e-05,0.0,-1.1553399562835693,7,1,23552,Deterministic-ShortestPath-4x4-FrozenLake-v0,qppo-Hgog-qlr1.0e-3,Hgog,30
0.00025,0.001,0.00016833255358505994,0.0008647637441754341,1.1429957151412964,-0.010481026954948902,0.0002488349564373493,1.488812267780304e-05,0.0,0.22397750616073608,7,1,24064,Deterministic-ShortestPath-4x4-FrozenLake-v0,qppo-Hgog-qlr1.0e-3,Hgog,30
0.00025,0.001,0.00021046900656074286,0.00021353736519813538,1.1536256074905396,-0.011217483319342136,1.4339573681354523e-05,5.975831300020218e-06,0.0,0.06701767444610596,7,1,24576,Deterministic-ShortestPath-4x4-FrozenLake-v0,qppo-Hgog-qlr1.0e-3,Hgog,30
0.00025,0.001,0.0002305439265910536,-0.001275219488888979,1.1457303762435913,-0.01261725090444088,0.0008879275992512703,2.6020221412181854e-05,0.0,0.23467719554901123,7,1,25088,Deterministic-ShortestPath-4x4-FrozenLake-v0,qppo-Hgog-qlr1.0e-3,Hgog,30
0.00025,0.001,0.00015642285870853812,-0.0008403100073337555,1.150148630142212,-0.01226358488202095,-0.0004580635577440262,5.204975605010986e-05,0.0,0.19310754537582397,7,1,25600,Deterministic-ShortestPath-4x4-FrozenLake-v0,qppo-Hgog-qlr1.0e-3,Hgog,30
0.00025,0.001,0.0075449817813932896,-0.0004364084452390671,1.1516048908233643,-0.008179966360330582,0.0001554815098643303,2.3793894797563553e-05,0.0,0.13483542203903198,7,1,26112,Deterministic-ShortestPath-4x4-FrozenLake-v0,qppo-Hgog-qlr1.0e-3,Hgog,30
0.00025,0.001,0.00023524912830907851,-0.0008013136684894562,1.1457936763763428,-0.012141626328229904,0.0003417651169002056,2.3234635591506958e-05,0.0,-0.9595968723297119,7,1,26624,Deterministic-ShortestPath-4x4-FrozenLake-v0,qppo-Hgog-qlr1.0e-3,Hgog,30
0.00025,0.001,0.00015100627206265926,-0.0005256254225969315,1.1492513418197632,-0.011942635290324688,0.00036969175562262535,3.6603305488824844e-05,0.0,-0.8827972412109375,7,1,27136,Deterministic-ShortestPath-4x4-FrozenLake-v0,qppo-Hgog-qlr1.0e-3,Hgog,30
0.00025,0.001,0.021530132740736008,-0.0022688377648591995,1.152930736541748,-0.0030330782756209373,-0.0010289223864674568,0.00010736286640167236,0.0,0.22258639335632324,7,1,27648,Deterministic-ShortestPath-4x4-FrozenLake-v0,qppo-Hgog-qlr1.0e-3,Hgog,30
0.00025,0.001,0.00020783874788321555,-0.0028023943305015564,1.1375352144241333,-0.014073826372623444,0.0019172495231032372,0.0001233578659594059,0.0,-3.8842430114746094,7,1,28160,Deterministic-ShortestPath-4x4-FrozenLake-v0,qppo-Hgog-qlr1.0e-3,Hgog,30
0.00025,0.001,0.0029101192485541105,-0.0016054809093475342,1.1581896543502808,-0.011732317507266998,-0.00046272948384284973,5.860021337866783e-05,0.0,-0.26001226902008057,7,1,28672,Deterministic-ShortestPath-4x4-FrozenLake-v0,qppo-Hgog-qlr1.0e-3,Hgog,30
0.00025,0.001,0.00021360552636906505,-0.0007632952183485031,1.1519585847854614,-0.01217607781291008,0.000985768623650074,8.242810145020485e-05,0.0,-1.317755937576294,7,1,29184,Deterministic-ShortestPath-4x4-FrozenLake-v0,qppo-Hgog-qlr1.0e-3,Hgog,30
0.00025,0.001,0.0002367303241044283,-0.002035178244113922,1.1561012268066406,-0.013477824628353119,0.0015105088241398335,8.779997006058693e-05,0.0,0.05639636516571045,7,1,29696,Deterministic-ShortestPath-4x4-FrozenLake-v0,qppo-Hgog-qlr1.0e-3,Hgog,30
0.00025,0.001,0.00025919583276845515,0.0001414511352777481,1.1504079103469849,-0.011233029887080193,0.00014402344822883606,1.3660639524459839e-05,0.0,0.20992010831832886,7,1,30208,Deterministic-ShortestPath-4x4-FrozenLake-v0,qppo-Hgog-qlr1.0e-3,Hgog,30
0.00025,0.001,0.0001830876717576757,-0.0008371733129024506,1.155815839767456,-0.012303788214921951,3.8844067603349686e-05,2.2469554096460342e-05,0.0,0.34141266345977783,7,1,30720,Deterministic-ShortestPath-4x4-FrozenLake-v0,qppo-Hgog-qlr1.0e-3,Hgog,30
0.00025,0.001,0.00035838826443068683,-0.0004921825602650642,1.1513172388076782,-0.011826160363852978,-0.00013663806021213531,3.5860575735569e-06,0.0,0.2279433012008667,7,1,31232,Deterministic-ShortestPath-4x4-FrozenLake-v0,qppo-Hgog-qlr1.0e-3,Hgog,30
0.00025,0.001,0.000257473555393517,-0.00027475645765662193,1.151195764541626,-0.011657977476716042,0.00016570324078202248,4.5318156480789185e-06,0.0,0.36435508728027344,7,1,31744,Deterministic-ShortestPath-4x4-FrozenLake-v0,qppo-Hgog-qlr1.0e-3,Hgog,30
0.00025,0.001,0.008486558683216572,-0.0007815975695848465,1.1557352542877197,-0.008095670491456985,-0.0005542743019759655,1.479312777519226e-05,0.0,-0.0557551383972168,7,1,32256,Deterministic-ShortestPath-4x4-FrozenLake-v0,qppo-Hgog-qlr1.0e-3,Hgog,30
0.00025,0.001,0.006893003825098276,-0.0004819035530090332,1.1528552770614624,-0.008563954383134842,0.00030126748606562614,3.419257700443268e-05,0.0,0.1389176845550537,7,1,32768,Deterministic-ShortestPath-4x4-FrozenLake-v0,qppo-Hgog-qlr1.0e-3,Hgog,30
0.00025,0.001,0.01707029528915882,-0.004217440262436867,1.1681145429611206,-0.007363437674939632,0.0031097889877855778,0.00012754928320646286,0.0,0.2045918107032776,7,1,33280,Deterministic-ShortestPath-4x4-FrozenLake-v0,qppo-Hgog-qlr1.0e-3,Hgog,30
0.00025,0.001,0.00023468531435355544,0.000879182480275631,1.153644323348999,-0.010539917275309563,0.0003932034596800804,8.782278746366501e-05,0.0,-0.9996836185455322,7,1,33792,Deterministic-ShortestPath-4x4-FrozenLake-v0,qppo-Hgog-qlr1.0e-3,Hgog,30
0.00025,0.001,0.00011979387636529282,-0.002934100106358528,1.15865957736969,-0.014460798352956772,-0.0008100774139165878,0.00013224082067608833,0.0,-0.6694736480712891,7,1,34304,Deterministic-ShortestPath-4x4-FrozenLake-v0,qppo-Hgog-qlr1.0e-3,Hgog,30
0.00025,0.001,0.007979492656886578,-3.8181664422154427e-05,1.16725754737854,-0.0077210101298987865,-0.00042723026126623154,5.4953619837760925e-05,0.0,0.1294676661491394,7,1,34816,Deterministic-ShortestPath-4x4-FrozenLake-v0,qppo-Hgog-qlr1.0e-3,Hgog,30
0.00025,0.001,0.002265524584800005,-0.001019238494336605,1.168419361114502,-0.011570669710636139,-0.0011272067204117775,3.561330959200859e-05,0.0,-4.860867977142334,7,1,35328,Deterministic-ShortestPath-4x4-FrozenLake-v0,qppo-Hgog-qlr1.0e-3,Hgog,30
0.00025,0.001,0.006799164228141308,-0.0010901112109422684,1.1579020023345947,-0.009269548580050468,-0.0009625549428164959,3.7649646401405334e-05,0.0,0.15508633852005005,7,1,35840,Deterministic-ShortestPath-4x4-FrozenLake-v0,qppo-Hgog-qlr1.0e-3,Hgog,30
0.00025,0.001,0.004267929587513208,-0.0007272697985172272,1.1678950786590576,-0.010272256098687649,0.0004632933996617794,2.368306741118431e-05,0.0,0.22913765907287598,7,1,36352,Deterministic-ShortestPath-4x4-FrozenLake-v0,qppo-Hgog-qlr1.0e-3,Hgog,30
0.00025,0.001,0.005031057633459568,-0.0007666051387786865,1.1637189388275146,-0.009888265281915665,0.0003531249240040779,1.4750752598047256e-05,0.0,0.12737399339675903,7,1,36864,Deterministic-ShortestPath-4x4-FrozenLake-v0,qppo-Hgog-qlr1.0e-3,Hgog,30
0.00025,0.001,0.006532122381031513,4.51505184173584e-05,1.163398027420044,-0.008322767913341522,0.0012518735602498055,5.523860454559326e-05,0.0,0.2672683000564575,7,1,37376,Deterministic-ShortestPath-4x4-FrozenLake-v0,qppo-Hgog-qlr1.0e-3,Hgog,30
0.00025,0.001,0.0019468246027827263,9.490549564361572e-05,1.1669187545776367,-0.010600868612527847,-0.00021664844825863838,1.3814307749271393e-05,0.0,-7.8898773193359375,7,1,37888,Deterministic-ShortestPath-4x4-FrozenLake-v0,qppo-Hgog-qlr1.0e-3,Hgog,30
0.00025,0.001,0.011719326488673687,-0.0009514410048723221,1.1567986011505127,-0.006659763399511576,0.0007021748460829258,1.6938894987106323e-05,0.0,0.3196985721588135,7,1,38400,Deterministic-ShortestPath-4x4-FrozenLake-v0,qppo-Hgog-qlr1.0e-3,Hgog,30
0.00025,0.001,0.0002695394796319306,-0.0014572180807590485,1.1576135158538818,-0.012898582965135574,0.0012073405086994171,1.5207566320896149e-05,0.0,-14.785987854003906,7,1,38912,Deterministic-ShortestPath-4x4-FrozenLake-v0,qppo-Hgog-qlr1.0e-3,Hgog,30
0.00025,0.001,0.019042545929551125,-0.0003706999123096466,1.1575742959976196,-0.0024251695722341537,9.55476425588131e-05,9.386800229549408e-06,0.0,0.20684391260147095,7,1,39424,Deterministic-ShortestPath-4x4-FrozenLake-v0,qppo-Hgog-qlr1.0e-3,Hgog,30
0.00025,0.001,0.0007374250562861562,0.0006638802587985992,1.1589173078536987,-0.010556580498814583,-0.00010285712778568268,7.249414920806885e-06,0.0,-16.34876251220703,7,1,39936,Deterministic-ShortestPath-4x4-FrozenLake-v0,qppo-Hgog-qlr1.0e-3,Hgog,30
0.00025,0.001,0.0006333879427984357,-0.0018439553678035736,1.1577374935150146,-0.013104635290801525,6.72689639031887e-05,2.843094989657402e-05,0.0,-0.8237210512161255,7,1,40448,Deterministic-ShortestPath-4x4-FrozenLake-v0,qppo-Hgog-qlr1.0e-3,Hgog,30
0.00025,0.001,0.0016521394718438387,-0.0005950257182121277,1.1542482376098633,-0.01131143793463707,0.0004708310589194298,2.331892028450966e-05,0.0,-2.6292688846588135,7,1,40960,Deterministic-ShortestPath-4x4-FrozenLake-v0,qppo-Hgog-qlr1.0e-3,Hgog,30
0.00025,0.001,0.0017463266849517822,-0.00010852515697479248,1.1602720022201538,-0.010838081128895283,-0.0003803451545536518,7.405364885926247e-05,0.0,-5.10411262512207,7,1,41472,Deterministic-ShortestPath-4x4-FrozenLake-v0,qppo-Hgog-qlr1.0e-3,Hgog,30
0.00025,0.001,0.0002505664015188813,0.00013162009418010712,1.1538852453231812,-0.011281948536634445,0.0006827833130955696,3.5245902836322784e-05,0.0,-0.33683478832244873,7,1,41984,Deterministic-ShortestPath-4x4-FrozenLake-v0,qppo-Hgog-qlr1.0e-3,Hgog,30
0.00025,0.001,0.00024108172510750592,-0.0016811471432447433,1.1513465642929077,-0.013074071146547794,-0.0005534589290618896,5.1211100071668625e-05,0.0,0.2682644724845886,7,1,42496,Deterministic-ShortestPath-4x4-FrozenLake-v0,qppo-Hgog-qlr1.0e-3,Hgog,30
0.00025,0.001,0.00021951019880361855,0.00028928183019161224,1.1550841331481934,-0.011151803657412529,5.430541932582855e-05,2.8127804398536682e-05,0.0,0.1779536008834839,7,1,43008,Deterministic-ShortestPath-4x4-FrozenLake-v0,qppo-Hgog-qlr1.0e-3,Hgog,30
0.00025,0.001,0.00018035304674413055,-0.0006072055548429489,1.1492762565612793,-0.012009792029857635,-0.0005122795701026917,1.959037035703659e-05,0.0,0.19964849948883057,7,1,43520,Deterministic-ShortestPath-4x4-FrozenLake-v0,qppo-Hgog-qlr1.0e-3,Hgog,30
0.00025,0.001,0.00022693834034726024,-0.0013559181243181229,1.1485731601715088,-0.012728179804980755,0.0002397475764155388,2.9517337679862976e-05,0.0,0.19659262895584106,7,1,44032,Deterministic-ShortestPath-4x4-FrozenLake-v0,qppo-Hgog-qlr1.0e-3,Hgog,30
0.00025,0.001,0.0034861955791711807,-3.277882933616638e-05,1.1537001132965088,-0.009826681576669216,8.343998342752457e-05,3.153923898935318e-06,0.0,0.058946430683135986,7,1,44544,Deterministic-ShortestPath-4x4-FrozenLake-v0,qppo-Hgog-qlr1.0e-3,Hgog,30
0.00025,0.001,0.019257452338933945,-0.0013678036630153656,1.1615267992019653,-0.0033543454483151436,-0.00013440754264593124,4.2961910367012024e-05,0.0,0.13177704811096191,7,1,45056,Deterministic-ShortestPath-4x4-FrozenLake-v0,qppo-Hgog-qlr1.0e-3,Hgog,30
0.00025,0.001,0.011136176995933056,-0.00022041983902454376,1.1587214469909668,-0.006239545997232199,0.0009527555666863918,4.192395135760307e-05,0.0,0.08404535055160522,7,1,45568,Deterministic-ShortestPath-4x4-FrozenLake-v0,qppo-Hgog-qlr1.0e-3,Hgog,30
0.00025,0.001,0.009809241630136967,0.00040954677388072014,1.1570839881896973,-0.006256671156734228,-0.001185243483632803,3.7260353565216064e-05,0.0,0.11214596033096313,7,1,46080,Deterministic-ShortestPath-4x4-FrozenLake-v0,qppo-Hgog-qlr1.0e-3,Hgog,30
0.00025,0.001,0.0003373369690962136,-0.0006256401538848877,1.1517648696899414,-0.011974620632827282,0.0001967884600162506,2.9187649488449097e-05,0.0,-6.4794440269470215,7,1,46592,Deterministic-ShortestPath-4x4-FrozenLake-v0,qppo-Hgog-qlr1.0e-3,Hgog,30
0.00025,0.001,0.0003068567020818591,-0.000809449702501297,1.146395206451416,-0.012119974009692669,0.0012904959730803967,3.789737820625305e-05,0.0,-1.6351211071014404,7,1,47104,Deterministic-ShortestPath-4x4-FrozenLake-v0,qppo-Hgog-qlr1.0e-3,Hgog,30
0.00025,0.001,0.0010733092203736305,-0.0027684830129146576,1.1526893377304077,-0.013758720830082893,0.002270180732011795,0.0001037493348121643,0.0,-0.7013115882873535,7,1,47616,Deterministic-ShortestPath-4x4-FrozenLake-v0,qppo-Hgog-qlr1.0e-3,Hgog,30
0.00025,0.001,0.00020016491180285811,-1.3947486877441406e-05,1.1604628562927246,-0.011518493294715881,-0.0002943398430943489,2.144835889339447e-06,0.0,-1.883237361907959,7,1,48128,Deterministic-ShortestPath-4x4-FrozenLake-v0,qppo-Hgog-qlr1.0e-3,Hgog,30
0.00025,0.001,0.00033600599272176623,-0.0001790747046470642,1.1528419256210327,-0.011539490893483162,2.358201891183853e-05,1.9090715795755386e-05,0.0,-0.29853904247283936,7,1,48640,Deterministic-ShortestPath-4x4-FrozenLake-v0,qppo-Hgog-qlr1.0e-3,Hgog,30
0.00025,0.001,0.00011999630078207701,0.0006724391132593155,1.1433708667755127,-0.010701270774006844,0.001029715407639742,2.353079617023468e-05,0.0,0.1932847499847412,7,1,49152,Deterministic-ShortestPath-4x4-FrozenLake-v0,qppo-Hgog-qlr1.0e-3,Hgog,30
0.00025,0.001,0.0003017364360857755,-0.00023728609085083008,1.149562954902649,-0.011582046747207642,0.0001673954539000988,1.9500497728586197e-05,0.0,-0.12440371513366699,7,1,49664,Deterministic-ShortestPath-4x4-FrozenLake-v0,qppo-Hgog-qlr1.0e-3,Hgog,30
0.00025,0.001,0.007825568318367004,-0.0006733667105436325,1.1564972400665283,-0.008325554430484772,-0.00016024382784962654,7.462222129106522e-06,0.0,0.07912689447402954,7,1,50176,Deterministic-ShortestPath-4x4-FrozenLake-v0,qppo-Hgog-qlr1.0e-3,Hgog,30
0.00025,0.001,0.009170874021947384,-0.00288960337638855,1.1489205360412598,-0.009793370962142944,0.0007780874148011208,3.135763108730316e-05,0.0,0.05474865436553955,7,1,50688,Deterministic-ShortestPath-4x4-FrozenLake-v0,qppo-Hgog-qlr1.0e-3,Hgog,30
0.00025,0.001,0.00011720319162122905,-0.0004558935761451721,1.1522611379623413,-0.011919902637600899,0.0004148753359913826,2.5478657335042953e-05,0.0,-5.878024101257324,7,1,51200,Deterministic-ShortestPath-4x4-FrozenLake-v0,qppo-Hgog-qlr1.0e-3,Hgog,30
0.00025,0.001,0.0004987292340956628,-0.0001508733257651329,1.1451506614685059,-0.011353014968335629,0.00012088613584637642,9.942334145307541e-06,0.0,-0.5270681381225586,7,1,51712,Deterministic-ShortestPath-4x4-FrozenLake-v0,qppo-Hgog-qlr1.0e-3,Hgog,30
0.00025,0.001,0.00020973449863959104,-0.0024828165769577026,1.146256923675537,-0.01384051889181137,-0.0011985921300947666,3.310013562440872e-05,0.0,0.2870391011238098,7,1,52224,Deterministic-ShortestPath-4x4-FrozenLake-v0,qppo-Hgog-qlr1.0e-3,Hgog,30
0.00025,0.001,0.0003441722074057907,-0.0009019691497087479,1.15701162815094,-0.012299998663365841,0.0001648259349167347,1.655658707022667e-05,0.0,-0.4680516719818115,7,1,52736,Deterministic-ShortestPath-4x4-FrozenLake-v0,qppo-Hgog-qlr1.0e-3,Hgog,30
0.00025,0.001,0.01098261121660471,-0.0011577308177947998,1.155202031135559,-0.007218445185571909,0.000577936414629221,2.3027881979942322e-05,0.0,0.24265992641448975,7,1,53248,Deterministic-ShortestPath-4x4-FrozenLake-v0,qppo-Hgog-qlr1.0e-3,Hgog,30
0.00025,0.001,0.002628700342029333,-0.000768665224313736,1.1500438451766968,-0.010954752564430237,0.00025889789685606956,4.4366344809532166e-05,0.0,-14.198311805725098,7,1,53760,Deterministic-ShortestPath-4x4-FrozenLake-v0,qppo-Hgog-qlr1.0e-3,Hgog,30
0.00025,0.001,0.008587739430367947,-0.001174265518784523,1.1518837213516235,-0.008399233222007751,0.0006930739618837833,4.154723137617111e-05,0.0,0.18687939643859863,7,1,54272,Deterministic-ShortestPath-4x4-FrozenLake-v0,qppo-Hgog-qlr1.0e-3,Hgog,30
0.00025,0.001,0.005827834829688072,0.00042466819286346436,1.1520134210586548,-0.008181548677384853,-0.00010523619130253792,1.8755905330181122e-05,0.0,0.24728673696517944,7,1,54784,Deterministic-ShortestPath-4x4-FrozenLake-v0,qppo-Hgog-qlr1.0e-3,Hgog,30
0.00025,0.001,0.012482138350605965,-0.00025895610451698303,1.1537140607833862,-0.005555027164518833,-0.00016543781384825706,5.718320608139038e-06,0.0,0.3318184018135071,7,1,55296,Deterministic-ShortestPath-4x4-FrozenLake-v0,qppo-Hgog-qlr1.0e-3,Hgog,30
0.00025,0.001,0.0002952461945824325,-0.0007049161940813065,1.1523408889770508,-0.012080701999366283,0.0001875758171081543,6.848480552434921e-06,0.0,-3.791081428527832,7,1,55808,Deterministic-ShortestPath-4x4-FrozenLake-v0,qppo-Hgog-qlr1.0e-3,Hgog,30
0.00025,0.001,0.010813168250024319,-0.0012709423899650574,1.1458475589752197,-0.0073228334076702595,0.0004677516408264637,2.0070932805538177e-05,0.0,-0.0030205249786376953,7,1,56320,Deterministic-ShortestPath-4x4-FrozenLake-v0,qppo-Hgog-qlr1.0e-3,Hgog,30
0.00025,0.001,0.0049263788387179375,-0.0016677845269441605,1.1557259559631348,-0.01076185517013073,0.0009895148687064648,2.1789222955703735e-05,0.0,-0.07291042804718018,7,1,56832,Deterministic-ShortestPath-4x4-FrozenLake-v0,qppo-Hgog-qlr1.0e-3,Hgog,30
0.00025,0.001,0.0011911358451470733,0.00021258369088172913,1.1527371406555176,-0.010719220153987408,0.0004908209666609764,5.979090929031372e-06,0.0,-5.279426574707031,7,1,57344,Deterministic-ShortestPath-4x4-FrozenLake-v0,qppo-Hgog-qlr1.0e-3,Hgog,30
0.00025,0.001,0.007708559278398752,-0.0001789666712284088,1.1431026458740234,-0.007755713537335396,0.00013726856559515,2.3511238396167755e-06,0.0,0.11681872606277466,7,1,57856,Deterministic-ShortestPath-4x4-FrozenLake-v0,qppo-Hgog-qlr1.0e-3,Hgog,30
0.00025,0.001,0.008880926296114922,-0.0008918270468711853,1.1485164165496826,-0.007936527952551842,-0.0004306277260184288,6.591901183128357e-06,0.0,0.21751892566680908,7,1,58368,Deterministic-ShortestPath-4x4-FrozenLake-v0,qppo-Hgog-qlr1.0e-3,Hgog,30
0.00025,0.001,0.010208708234131336,-0.00040039606392383575,1.144758939743042,-0.006743630860000849,2.0090024918317795e-05,5.611218512058258e-06,0.0,0.14352625608444214,7,1,58880,Deterministic-ShortestPath-4x4-FrozenLake-v0,qppo-Hgog-qlr1.0e-3,Hgog,30
0.00025,0.001,0.0005963825387880206,-7.271766662597656e-05,1.1403276920318604,-0.01117780338972807,6.678374484181404e-05,3.497116267681122e-07,0.0,-0.5578535795211792,7,1,59392,Deterministic-ShortestPath-4x4-FrozenLake-v0,qppo-Hgog-qlr1.0e-3,Hgog,30
0.00025,0.001,0.0008953490760177374,-0.0012487508356571198,1.1500297784805298,-0.012301373295485973,0.0010031769052147865,2.6126857846975327e-05,0.0,-0.16898441314697266,7,1,59904,Deterministic-ShortestPath-4x4-FrozenLake-v0,qppo-Hgog-qlr1.0e-3,Hgog,30
0.00025,0.001,0.011519324034452438,-0.0001640021800994873,1.1486181020736694,-0.0058905212208628654,0.0008482253178954124,7.189810276031494e-06,0.0,0.16269421577453613,7,1,60416,Deterministic-ShortestPath-4x4-FrozenLake-v0,qppo-Hgog-qlr1.0e-3,Hgog,30
0.00025,0.001,0.0052792406640946865,-0.0002472288906574249,1.1548446416854858,-0.009156054817140102,0.0005375961773097515,1.0041054338216782e-05,0.0,0.3350425362586975,7,1,60928,Deterministic-ShortestPath-4x4-FrozenLake-v0,qppo-Hgog-qlr1.0e-3,Hgog,30
0.00025,0.001,0.00015760594396851957,-6.845034658908844e-05,1.1513280868530273,-0.011502928100526333,0.0002074912190437317,1.4964025467634201e-05,0.0,-7.634302139282227,7,1,61440,Deterministic-ShortestPath-4x4-FrozenLake-v0,qppo-Hgog-qlr1.0e-3,Hgog,30
0.00025,0.001,0.014319841749966145,-0.0002896822988986969,1.157368540763855,-0.0047034467570483685,7.914984598755836e-05,5.391892045736313e-06,0.0,0.40414321422576904,7,1,61952,Deterministic-ShortestPath-4x4-FrozenLake-v0,qppo-Hgog-qlr1.0e-3,Hgog,30
0.00025,0.001,0.005975939333438873,-0.0009633591398596764,1.1499316692352295,-0.009474705904722214,0.0002139904536306858,1.2672040611505508e-05,0.0,0.5936099588871002,7,1,62464,Deterministic-ShortestPath-4x4-FrozenLake-v0,qppo-Hgog-qlr1.0e-3,Hgog,30
0.00025,0.001,0.016083113849163055,-0.0007399804890155792,1.1586177349090576,-0.004284600727260113,0.0008691661059856415,2.1607615053653717e-05,0.0,0.446721613407135,7,1,62976,Deterministic-ShortestPath-4x4-FrozenLake-v0,qppo-Hgog-qlr1.0e-3,Hgog,30
0.00025,0.001,0.0025199437513947487,-0.0008133705705404282,1.151694655418396,-0.011070344597101212,0.0007800660096108913,2.434477210044861e-05,0.0,-6.944854259490967,7,1,63488,Deterministic-ShortestPath-4x4-FrozenLake-v0,qppo-Hgog-qlr1.0e-3,Hgog,30
0.00025,0.001,0.006056312937289476,0.00011476129293441772,1.1567765474319458,-0.008424847386777401,0.0004648510366678238,5.51808625459671e-06,0.0,0.1748703122138977,7,1,64000,Deterministic-ShortestPath-4x4-FrozenLake-v0,qppo-Hgog-qlr1.0e-3,Hgog,30
0.00025,0.001,0.0001735190744511783,-0.0008616745471954346,1.1508194208145142,-0.01228310912847519,0.00013178912922739983,1.6004778444766998e-05,0.0,-1.8108656406402588,7,1,64512,Deterministic-ShortestPath-4x4-FrozenLake-v0,qppo-Hgog-qlr1.0e-3,Hgog,30
0.00025,0.001,0.004906366113573313,-2.527981996536255e-05,1.1550005674362183,-0.00912210252135992,0.00027254270389676094,6.539281457662582e-06,0.0,0.4227636456489563,7,1,65024,Deterministic-ShortestPath-4x4-FrozenLake-v0,qppo-Hgog-qlr1.0e-3,Hgog,30
0.00025,0.001,0.0003117121523246169,-2.1148473024368286e-05,1.145084023475647,-0.011316132731735706,-0.0001088147982954979,7.666647434234619e-06,0.0,-0.7035572528839111,7,1,65536,Deterministic-ShortestPath-4x4-FrozenLake-v0,qppo-Hgog-qlr1.0e-3,Hgog,30
0.00025,0.001,0.006864482536911964,-0.000509951263666153,1.1534264087677002,-0.008611973375082016,-0.00011988263577222824,6.8568624556064606e-06,0.0,-0.015223145484924316,7,1,66048,Deterministic-ShortestPath-4x4-FrozenLake-v0,qppo-Hgog-qlr1.0e-3,Hgog,30
0.00025,0.001,0.00015955550770740956,-0.0005085300654172897,1.1619268655776978,-0.012048020027577877,-0.0003576125018298626,6.898771971464157e-06,0.0,-0.9067493677139282,7,1,66560,Deterministic-ShortestPath-4x4-FrozenLake-v0,qppo-Hgog-qlr1.0e-3,Hgog,30
0.00025,0.001,0.0011139468988403678,5.961209535598755e-05,1.1506253480911255,-0.010889667086303234,2.695247530937195e-06,2.8638169169425964e-07,0.0,0.2517254948616028,7,1,67072,Deterministic-ShortestPath-4x4-FrozenLake-v0,qppo-Hgog-qlr1.0e-3,Hgog,30
0.00025,0.001,0.0004939293139614165,-0.00018588081002235413,1.1551491022109985,-0.011490407399833202,0.0006624646484851837,1.1355150490999222e-05,0.0,-1.9732410907745361,7,1,67584,Deterministic-ShortestPath-4x4-FrozenLake-v0,qppo-Hgog-qlr1.0e-3,Hgog,30
0.00025,0.001,0.000660604564473033,-0.0006338879466056824,1.1382644176483154,-0.011686230078339577,-0.0005371430888772011,1.3399869203567505e-05,0.0,0.1733042597770691,7,1,68096,Deterministic-ShortestPath-4x4-FrozenLake-v0,qppo-Hgog-qlr1.0e-3,Hgog,30
0.00025,0.001,0.0007626754231750965,-0.00023467279970645905,1.1461440324783325,-0.011314775794744492,1.742970198392868e-05,2.9830262064933777e-06,0.0,0.08814597129821777,7,1,68608,Deterministic-ShortestPath-4x4-FrozenLake-v0,qppo-Hgog-qlr1.0e-3,Hgog,30
0.00025,0.001,0.007109752856194973,-0.00036208704113960266,1.160451054573059,-0.008411720395088196,-0.00019034184515476227,7.451046258211136e-06,0.0,0.13165634870529175,7,1,69120,Deterministic-ShortestPath-4x4-FrozenLake-v0,qppo-Hgog-qlr1.0e-3,Hgog,30
0.00025,0.001,0.0003424847382120788,-0.0007320530712604523,1.152587652206421,-0.012086686678230762,-0.00011630821973085403,5.8086588978767395e-06,0.0,0.046248793601989746,7,1,69632,Deterministic-ShortestPath-4x4-FrozenLake-v0,qppo-Hgog-qlr1.0e-3,Hgog,30
0.00025,0.001,0.002431761007755995,-0.0002540741115808487,1.155861735343933,-0.010596810840070248,-0.0002787145785987377,1.4949589967727661e-05,0.0,-6.147276401519775,7,1,70144,Deterministic-ShortestPath-4x4-FrozenLake-v0,qppo-Hgog-qlr1.0e-3,Hgog,30
0.00025,0.001,0.015378506854176521,-0.00019722245633602142,1.150586485862732,-0.004013833589851856,0.00018480420112609863,1.9082799553871155e-06,0.0,0.28579622507095337,7,1,70656,Deterministic-ShortestPath-4x4-FrozenLake-v0,qppo-Hgog-qlr1.0e-3,Hgog,30
0.00025,0.001,0.0003264946863055229,-0.0003043822944164276,1.155932068824768,-0.011700455099344254,-0.00016945507377386093,1.6544945538043976e-06,0.0,-5.5314812660217285,7,1,71168,Deterministic-ShortestPath-4x4-FrozenLake-v0,qppo-Hgog-qlr1.0e-3,Hgog,30
0.00025,0.001,0.001801090664230287,-0.0007820706814527512,1.151632308959961,-0.011397847905755043,6.427941843867302e-05,1.0316725820302963e-05,0.0,-1.707611083984375,7,1,71680,Deterministic-ShortestPath-4x4-FrozenLake-v0,qppo-Hgog-qlr1.0e-3,Hgog,30
0.00025,0.001,0.004938386380672455,-7.819756865501404e-05,1.1497892141342163,-0.009106895886361599,-0.0001762709580361843,7.331371307373047e-06,0.0,0.04907292127609253,7,1,72192,Deterministic-ShortestPath-4x4-FrozenLake-v0,qppo-Hgog-qlr1.0e-3,Hgog,30
0.00025,0.001,0.0013849798124283552,-0.0002990448847413063,1.1418795585632324,-0.011025350540876389,-4.769861698150635e-05,4.961155354976654e-06,0.0,-5.402234077453613,7,1,72704,Deterministic-ShortestPath-4x4-FrozenLake-v0,qppo-Hgog-qlr1.0e-3,Hgog,30
0.00025,0.001,0.004842033144086599,0.00019555538892745972,1.1570944786071777,-0.008954372256994247,-0.00032909028232097626,2.711452543735504e-05,0.0,0.33199018239974976,7,1,73216,Deterministic-ShortestPath-4x4-FrozenLake-v0,qppo-Hgog-qlr1.0e-3,Hgog,30
0.00025,0.001,0.0033537938725203276,-0.00040521658957004547,1.1494749784469604,-0.010223069228231907,2.0756851881742477e-05,1.1999160051345825e-05,0.0,0.1816800832748413,7,1,73728,Deterministic-ShortestPath-4x4-FrozenLake-v0,qppo-Hgog-qlr1.0e-3,Hgog,30
0.00025,0.001,0.0034655998460948467,-0.0011272551491856575,1.1534979343414307,-0.01092943362891674,0.001082089263945818,2.2129155695438385e-05,0.0,-0.4870789051055908,7,1,74240,Deterministic-ShortestPath-4x4-FrozenLake-v0,qppo-Hgog-qlr1.0e-3,Hgog,30
0.00025,0.001,0.0007934538298286498,0.00022952817380428314,1.161841869354248,-0.01099216379225254,4.247389733791351e-05,4.925299435853958e-06,0.0,-2.9899230003356934,7,1,74752,Deterministic-ShortestPath-4x4-FrozenLake-v0,qppo-Hgog-qlr1.0e-3,Hgog,30
0.00025,0.001,0.0015675005270168185,-7.766485214233398e-05,1.1518990993499756,-0.010812905617058277,-0.0001331828534603119,6.2445178627967834e-06,0.0,-0.3543480634689331,7,1,75264,Deterministic-ShortestPath-4x4-FrozenLake-v0,qppo-Hgog-qlr1.0e-3,Hgog,30
0.00025,0.001,0.0003594624577090144,-0.0005543110892176628,1.1500985622406006,-0.01187556516379118,0.00010366318747401237,7.166992872953415e-06,0.0,-0.014682412147521973,7,1,75776,Deterministic-ShortestPath-4x4-FrozenLake-v0,qppo-Hgog-qlr1.0e-3,Hgog,30
0.00025,0.001,0.018817225471138954,-0.0002963133156299591,1.1511508226394653,-0.0023992089554667473,-0.00012360932305455208,1.271720975637436e-06,0.0,0.2712361812591553,7,1,76288,Deterministic-ShortestPath-4x4-FrozenLake-v0,qppo-Hgog-qlr1.0e-3,Hgog,30
0.00025,0.001,0.01361892744898796,-0.000710541382431984,1.1465994119644165,-0.005367071367800236,-0.00042352592572569847,3.143586218357086e-05,0.0,0.20253151655197144,7,1,76800,Deterministic-ShortestPath-4x4-FrozenLake-v0,qppo-Hgog-qlr1.0e-3,Hgog,30
0.00025,0.001,0.00025852315593510866,-0.00037935376167297363,1.1642277240753174,-0.011892369017004967,-8.45314934849739e-06,1.1274125427007675e-05,0.0,-1.1135196685791016,7,1,77312,Deterministic-ShortestPath-4x4-FrozenLake-v0,qppo-Hgog-qlr1.0e-3,Hgog,30
0.00025,0.001,0.0014387379633262753,-0.0018373038619756699,1.1490726470947266,-0.012608660385012627,-5.0327740609645844e-05,7.82730057835579e-06,0.0,-10.448088645935059,7,1,77824,Deterministic-ShortestPath-4x4-FrozenLake-v0,qppo-Hgog-qlr1.0e-3,Hgog,30
0.00025,0.001,0.002381459344178438,-0.0003287810832262039,1.1542274951934814,-0.010680326260626316,-0.0005850419402122498,9.740237146615982e-06,0.0,0.32217544317245483,7,1,78336,Deterministic-ShortestPath-4x4-FrozenLake-v0,qppo-Hgog-qlr1.0e-3,Hgog,30
0.00025,0.001,0.014302035793662071,-0.0002003982663154602,1.1510279178619385,-0.004559659399092197,5.923351272940636e-05,2.257060259580612e-06,0.0,0.2659369707107544,7,1,78848,Deterministic-ShortestPath-4x4-FrozenLake-v0,qppo-Hgog-qlr1.0e-3,Hgog,30
0.00025,0.001,0.010710099712014198,-0.0005857516080141068,1.1473628282546997,-0.006704329513013363,0.0004483484663069248,1.4693010598421097e-05,0.0,0.27029263973236084,7,1,79360,Deterministic-ShortestPath-4x4-FrozenLake-v0,qppo-Hgog-qlr1.0e-3,Hgog,30
0.00025,0.001,0.0037192662712186575,-0.0001423526555299759,1.163551926612854,-0.009918238036334515,0.0006701587699353695,1.625344157218933e-05,0.0,0.22818243503570557,7,1,79872,Deterministic-ShortestPath-4x4-FrozenLake-v0,qppo-Hgog-qlr1.0e-3,Hgog,30
0.00025,0.001,0.029212305322289467,-0.002502722665667534,1.150967001914978,0.0005937600508332253,0.0006377194076776505,3.778282552957535e-05,0.0,0.19319957494735718,7,1,80384,Deterministic-ShortestPath-4x4-FrozenLake-v0,qppo-Hgog-qlr1.0e-3,Hgog,30
0.00025,0.001,0.0010871331905946136,0.00020705023780465126,1.1696734428405762,-0.010946117341518402,-0.00018729222938418388,8.103903383016586e-06,0.0,-5.226391315460205,7,1,80896,Deterministic-ShortestPath-4x4-FrozenLake-v0,qppo-Hgog-qlr1.0e-3,Hgog,30
0.00025,0.001,0.0040413993410766125,-0.00031926296651363373,1.1404619216918945,-0.009703181684017181,-0.00017923489212989807,1.0468065738677979e-06,0.0,0.3898024559020996,7,1,81408,Deterministic-ShortestPath-4x4-FrozenLake-v0,qppo-Hgog-qlr1.0e-3,Hgog,30
0.00025,0.001,0.0006188484258018434,9.755278006196022e-05,1.1522003412246704,-0.011115025728940964,-0.00010071787983179092,6.565824151039124e-07,0.0,-1.3647398948669434,7,1,81920,Deterministic-ShortestPath-4x4-FrozenLake-v0,qppo-Hgog-qlr1.0e-3,Hgog,30
0.00025,0.001,0.0031544030643999577,-0.00028579309582710266,1.165283203125,-0.010361423715949059,-0.00041528232395648956,1.2612901628017426e-05,0.0,-1.6863312721252441,7,1,82432,Deterministic-ShortestPath-4x4-FrozenLake-v0,qppo-Hgog-qlr1.0e-3,Hgog,30
0.00025,0.001,0.0003106643562205136,0.0006385929882526398,1.1585681438446045,-0.01079175528138876,-0.0012778905220329762,5.557667464017868e-05,0.0,0.00016862154006958008,7,1,82944,Deterministic-ShortestPath-4x4-FrozenLake-v0,qppo-Hgog-qlr1.0e-3,Hgog,30
0.00025,0.001,0.005966327618807554,0.00013450346887111664,1.1719436645507812,-0.008601768873631954,0.0001370050013065338,3.332272171974182e-06,0.0,0.167805016040802,7,1,83456,Deterministic-ShortestPath-4x4-FrozenLake-v0,qppo-Hgog-qlr1.0e-3,Hgog,30
0.00025,0.001,0.0008270471007563174,-0.0007013119757175446,1.1582118272781372,-0.011869906447827816,-0.0001234905794262886,9.162351489067078e-06,0.0,-5.47855281829834,7,1,83968,Deterministic-ShortestPath-4x4-FrozenLake-v0,qppo-Hgog-qlr1.0e-3,Hgog,30
0.00025,0.001,0.005881114862859249,-0.0001454092562198639,1.1669161319732666,-0.008874012157320976,-0.0001020706258714199,7.873866707086563e-06,0.0,0.21923041343688965,7,1,84480,Deterministic-ShortestPath-4x4-FrozenLake-v0,qppo-Hgog-qlr1.0e-3,Hgog,30
0.00025,0.001,0.004020726308226585,9.101629257202148e-05,1.1607698202133179,-0.009506318718194962,5.382392555475235e-05,9.852461516857147e-06,0.0,0.10359835624694824,7,1,84992,Deterministic-ShortestPath-4x4-FrozenLake-v0,qppo-Hgog-qlr1.0e-3,Hgog,30
0.00025,0.001,0.00018296061898581684,0.00015421584248542786,1.166725993156433,-0.011421564035117626,-0.0003764759749174118,5.471985787153244e-06,0.0,-0.934528112411499,7,1,85504,Deterministic-ShortestPath-4x4-FrozenLake-v0,qppo-Hgog-qlr1.0e-3,Hgog,30
0.00025,0.001,0.00442403694614768,-0.002318456768989563,1.1714118719100952,-0.011820556595921516,0.0018330095335841179,0.00013996334746479988,0.0,0.07554763555526733,7,1,86016,Deterministic-ShortestPath-4x4-FrozenLake-v0,qppo-Hgog-qlr1.0e-3,Hgog,30
0.00025,0.001,0.0003209048300050199,-0.004172257147729397,1.1733369827270508,-0.015745174139738083,0.0012013493105769157,0.00022964505478739738,0.0,0.6125364601612091,7,1,86528,Deterministic-ShortestPath-4x4-FrozenLake-v0,qppo-Hgog-qlr1.0e-3,Hgog,30
0.00025,0.001,0.004999744240194559,-0.0010956674814224243,1.1808037757873535,-0.010403833352029324,0.00013838289305567741,5.266023799777031e-05,0.0,-2.529877185821533,7,1,87040,Deterministic-ShortestPath-4x4-FrozenLake-v0,qppo-Hgog-qlr1.0e-3,Hgog,30
0.00025,0.001,0.0023700487799942493,-0.0017449930310249329,1.1937751770019531,-0.012497720308601856,-0.000535216648131609,0.00010560546070337296,0.0,-5.922815799713135,7,1,87552,Deterministic-ShortestPath-4x4-FrozenLake-v0,qppo-Hgog-qlr1.0e-3,Hgog,30
0.00025,0.001,0.006675926968455315,0.0007377862930297852,1.1957288980484009,-0.007881538942456245,-0.000454483088105917,0.00013895705342292786,0.0,0.11968338489532471,7,1,88064,Deterministic-ShortestPath-4x4-FrozenLake-v0,qppo-Hgog-qlr1.0e-3,Hgog,30
0.00025,0.001,0.008440685458481312,-0.0009666718542575836,1.2063617706298828,-0.008809946477413177,-0.00019622640684247017,3.4038908779621124e-05,0.0,0.17497259378433228,7,1,88576,Deterministic-ShortestPath-4x4-FrozenLake-v0,qppo-Hgog-qlr1.0e-3,Hgog,30
0.00025,0.001,0.01761372573673725,-0.0027421172708272934,1.219759225845337,-0.00613284669816494,0.0009026909247040749,8.370447903871536e-05,0.0,0.1833849549293518,7,1,89088,Deterministic-ShortestPath-4x4-FrozenLake-v0,qppo-Hgog-qlr1.0e-3,Hgog,30
0.00025,0.001,0.025307316333055496,-0.0017208224162459373,1.213576316833496,-0.0012029269710183144,8.406024426221848e-05,8.73231329023838e-05,0.0,0.30244559049606323,7,1,89600,Deterministic-ShortestPath-4x4-FrozenLake-v0,qppo-Hgog-qlr1.0e-3,Hgog,30
0.00025,0.001,0.020085087046027184,-0.006304260343313217,1.202335238456726,-0.008285068906843662,0.0035718753933906555,0.00026020919904112816,0.0,0.21145445108413696,7,1,90112,Deterministic-ShortestPath-4x4-FrozenLake-v0,qppo-Hgog-qlr1.0e-3,Hgog,30
0.00025,0.001,0.01370883360505104,-0.0038842782378196716,1.2360063791275024,-0.009389923885464668,-0.0021341382525861263,0.0005967319011688232,0.0,0.13362771272659302,7,1,90624,Deterministic-ShortestPath-4x4-FrozenLake-v0,qppo-Hgog-qlr1.0e-3,Hgog,30
0.00025,0.001,0.0018292973982170224,0.0011240988969802856,1.2429770231246948,-0.010391022078692913,0.00014446303248405457,2.259388566017151e-05,0.0,0.3431832194328308,7,1,91136,Deterministic-ShortestPath-4x4-FrozenLake-v0,qppo-Hgog-qlr1.0e-3,Hgog,30
0.00025,0.001,0.017322104424238205,-0.0002799462527036667,1.220955491065979,-0.0038284482434391975,9.86107625067234e-05,1.8032267689704895e-05,0.0,0.36248576641082764,7,1,91648,Deterministic-ShortestPath-4x4-FrozenLake-v0,qppo-Hgog-qlr1.0e-3,Hgog,30
0.00025,0.001,0.015500546433031559,-0.0010832566767930984,1.2226632833480835,-0.005559616256505251,-0.0008768672123551369,3.326544538140297e-05,0.0,0.1410028338432312,7,1,92160,Deterministic-ShortestPath-4x4-FrozenLake-v0,qppo-Hgog-qlr1.0e-3,Hgog,30
0.00025,0.001,0.01027101930230856,-0.001134634017944336,1.229648232460022,-0.008295606821775436,-0.0009622317738831043,2.4254899471998215e-05,0.0,-0.2759650945663452,7,1,92672,Deterministic-ShortestPath-4x4-FrozenLake-v0,qppo-Hgog-qlr1.0e-3,Hgog,30
0.00025,0.001,0.009591744281351566,-0.0015871673822402954,1.2254512310028076,-0.009045807644724846,0.0006084069609642029,2.4681445211172104e-05,0.0,0.23950481414794922,7,1,93184,Deterministic-ShortestPath-4x4-FrozenLake-v0,qppo-Hgog-qlr1.0e-3,Hgog,30
0.00025,0.001,0.003790985094383359,-0.0007575806230306625,1.2315146923065186,-0.01117723435163498,-0.001677295658737421,0.0001413780264556408,0.0,0.3346957564353943,7,1,93696,Deterministic-ShortestPath-4x4-FrozenLake-v0,qppo-Hgog-qlr1.0e-3,Hgog,30
0.00025,0.001,0.006948653608560562,-0.00023286044597625732,1.23808753490448,-0.009139408357441425,-0.0007761870510876179,0.00013377098366618156,0.0,0.15246325731277466,7,1,94208,Deterministic-ShortestPath-4x4-FrozenLake-v0,qppo-Hgog-qlr1.0e-3,Hgog,30
0.00025,0.001,0.0058801365084946156,-0.0004962943494319916,1.2381939888000488,-0.009938165545463562,-0.0002168961800634861,2.6652589440345764e-05,0.0,0.46799182891845703,7,1,94720,Deterministic-ShortestPath-4x4-FrozenLake-v0,qppo-Hgog-qlr1.0e-3,Hgog,30
0.00025,0.001,0.013103505596518517,-0.0005472730845212936,1.2355836629867554,-0.006351356394588947,6.121676415205002e-05,7.90320336818695e-06,0.0,0.2468472123146057,7,1,95232,Deterministic-ShortestPath-4x4-FrozenLake-v0,qppo-Hgog-qlr1.0e-3,Hgog,30
0.00025,0.001,0.022482268512248993,-0.0010474869050085545,1.239668846130371,-0.002203041687607765,-0.0014512422494590282,0.0001094285398721695,0.0,0.18251526355743408,7,1,95744,Deterministic-ShortestPath-4x4-FrozenLake-v0,qppo-Hgog-qlr1.0e-3,Hgog,30
0.00025,0.001,0.007556835655122995,-0.002238139510154724,1.2662521600723267,-0.011122243478894234,-0.0005280892364680767,5.15105202794075e-05,0.0,0.40820908546447754,7,1,96256,Deterministic-ShortestPath-4x4-FrozenLake-v0,qppo-Hgog-qlr1.0e-3,Hgog,30
0.00025,0.001,0.014973786659538746,-0.0005534207448363304,1.2342225313186646,-0.005408752243965864,0.00028203241527080536,1.8945429474115372e-05,0.0,0.46001774072647095,7,1,96768,Deterministic-ShortestPath-4x4-FrozenLake-v0,qppo-Hgog-qlr1.0e-3,Hgog,30
0.00025,0.001,0.004887074697762728,-0.0013905754312872887,1.2290867567062378,-0.011237905360758305,9.816838428378105e-05,3.940332680940628e-05,0.0,-9.416434288024902,7,1,97280,Deterministic-ShortestPath-4x4-FrozenLake-v0,qppo-Hgog-qlr1.0e-3,Hgog,30
0.00025,0.001,0.022034745663404465,-0.0006998442113399506,1.2468059062957764,-0.002150529995560646,0.002428874373435974,7.202150300145149e-05,0.0,0.21752780675888062,7,1,97792,Deterministic-ShortestPath-4x4-FrozenLake-v0,qppo-Hgog-qlr1.0e-3,Hgog,30
0.00025,0.001,0.012170647270977497,-0.0003866609185934067,1.2597283124923706,-0.0068986197002232075,0.00038772309198975563,0.00011112028732895851,0.0,0.3243011236190796,7,1,98304,Deterministic-ShortestPath-4x4-FrozenLake-v0,qppo-Hgog-qlr1.0e-3,Hgog,30
0.00025,0.001,0.0015261207008734345,-0.0005624964833259583,1.2538553476333618,-0.012337989173829556,0.0001368653029203415,1.8463004380464554e-05,0.0,0.2670474052429199,7,1,98816,Deterministic-ShortestPath-4x4-FrozenLake-v0,qppo-Hgog-qlr1.0e-3,Hgog,30
0.00025,0.001,0.011370714753866196,-0.00016790442168712616,1.257808804512024,-0.007060634903609753,0.0009152507409453392,4.491675645112991e-05,0.0,0.19544094800949097,7,1,99328,Deterministic-ShortestPath-4x4-FrozenLake-v0,qppo-Hgog-qlr1.0e-3,Hgog,30
0.00025,0.001,0.00881012249737978,-0.0028934599831700325,1.2505592107772827,-0.010993991047143936,0.0026144389994442463,0.0001657884567975998,0.0,0.28862810134887695,7,1,99840,Deterministic-ShortestPath-4x4-FrozenLake-v0,qppo-Hgog-qlr1.0e-3,Hgog,30
0.00025,0.001,0.019599922001361847,8.594244718551636e-06,1.259624719619751,-0.002787691541016102,-5.3810421377420425e-05,3.168778494000435e-05,0.0,0.21562808752059937,7,1,100352,Deterministic-ShortestPath-4x4-FrozenLake-v0,qppo-Hgog-qlr1.0e-3,Hgog,30
0.00025,0.001,0.016944754868745804,-0.00010003894567489624,1.2553669214248657,-0.004181330092251301,-0.00014852546155452728,3.039836883544922e-06,0.0,0.13185036182403564,7,1,100864,Deterministic-ShortestPath-4x4-FrozenLake-v0,qppo-Hgog-qlr1.0e-3,Hgog,30
0.00025,0.001,0.019842345267534256,-0.0007629245519638062,1.2659567594528198,-0.0035013193264603615,-0.00021322444081306458,8.197547867894173e-05,0.0,0.28650838136672974,7,1,101376,Deterministic-ShortestPath-4x4-FrozenLake-v0,qppo-Hgog-qlr1.0e-3,Hgog,30
0.00025,0.001,0.006438451819121838,-0.0011072922497987747,1.26638925075531,-0.01055195927619934,-0.000818303320556879,0.00015641376376152039,0.0,0.3717782497406006,7,1,101888,Deterministic-ShortestPath-4x4-FrozenLake-v0,qppo-Hgog-qlr1.0e-3,Hgog,30
0.00025,0.001,0.023126322776079178,0.0003035888075828552,1.254194736480713,-0.0006751967594027519,0.00262510497123003,0.00015687663108110428,0.0,0.3311258554458618,7,1,102400,Deterministic-ShortestPath-4x4-FrozenLake-v0,qppo-Hgog-qlr1.0e-3,Hgog,30
0.00025,0.001,0.010295284911990166,-0.0018091723322868347,1.2749269008636475,-0.0094107985496521,-0.001153942197561264,9.092967957258224e-05,0.0,0.13447505235671997,7,1,102912,Deterministic-ShortestPath-4x4-FrozenLake-v0,qppo-Hgog-qlr1.0e-3,Hgog,30
0.00025,0.001,0.008532747626304626,0.0020919591188430786,1.2828410863876343,-0.00647007767111063,-0.0006319805979728699,0.00015917280688881874,0.0,0.23914480209350586,7,1,103424,Deterministic-ShortestPath-4x4-FrozenLake-v0,qppo-Hgog-qlr1.0e-3,Hgog,30
0.00025,0.001,0.02399127185344696,-0.0006334171630442142,1.2742642164230347,-0.0013804230839014053,-0.0017857672646641731,0.0004896405152976513,0.0,0.2761456370353699,7,1,103936,Deterministic-ShortestPath-4x4-FrozenLake-v0,qppo-Hgog-qlr1.0e-3,Hgog,30
0.00025,0.001,0.03064083680510521,-0.0018240874633193016,1.2884094715118408,0.0006122365593910217,0.0025367303751409054,0.0003224206157028675,0.0,0.17476683855056763,7,1,104448,Deterministic-ShortestPath-4x4-FrozenLake-v0,qppo-Hgog-qlr1.0e-3,Hgog,30
0.00025,0.001,0.010084827430546284,0.000216018408536911,1.2838151454925537,-0.007579719182103872,-0.0010376730933785439,6.553810089826584e-05,0.0,0.0904841423034668,7,1,104960,Deterministic-ShortestPath-4x4-FrozenLake-v0,qppo-Hgog-qlr1.0e-3,Hgog,30
0.00025,0.001,0.008504116907715797,0.0011169873178005219,1.2839164733886719,-0.007470118813216686,-0.00047235656529664993,8.507631719112396e-05,0.0,-0.14457321166992188,7,1,105472,Deterministic-ShortestPath-4x4-FrozenLake-v0,qppo-Hgog-qlr1.0e-3,Hgog,30
0.00025,0.001,0.018728643655776978,-0.0011583268642425537,1.2746779918670654,-0.0045407842844724655,0.0010554981417953968,6.254157051444054e-05,0.0,0.30859988927841187,7,1,105984,Deterministic-ShortestPath-4x4-FrozenLake-v0,qppo-Hgog-qlr1.0e-3,Hgog,30
0.00025,0.001,0.006106461398303509,-0.0029718615114688873,1.2959667444229126,-0.0128782968968153,0.00045033544301986694,9.061535820364952e-05,0.0,0.10382837057113647,7,1,106496,Deterministic-ShortestPath-4x4-FrozenLake-v0,qppo-Hgog-qlr1.0e-3,Hgog,30
0.00025,0.001,0.005720475688576698,-0.0005114097148180008,1.2804286479949951,-0.010455458424985409,0.00015823403373360634,1.5192199498414993e-05,0.0,0.30561673641204834,7,1,107008,Deterministic-ShortestPath-4x4-FrozenLake-v0,qppo-Hgog-qlr1.0e-3,Hgog,30
0.00025,0.001,0.015228568576276302,-0.0004115123301744461,1.2793431282043457,-0.005590659100562334,0.00021459907293319702,5.954410880804062e-06,0.0,0.31378281116485596,7,1,107520,Deterministic-ShortestPath-4x4-FrozenLake-v0,qppo-Hgog-qlr1.0e-3,Hgog,30
0.00025,0.001,0.02369142882525921,-0.0004724999889731407,1.2904514074325562,-0.001531299203634262,0.00038321735337376595,2.994108945131302e-05,0.0,0.45166999101638794,7,1,108032,Deterministic-ShortestPath-4x4-FrozenLake-v0,qppo-Hgog-qlr1.0e-3,Hgog,30
0.00025,0.001,0.02189226634800434,-4.868209362030029e-05,1.2765495777130127,-0.001868044026196003,3.0258670449256897e-06,1.8345192074775696e-05,0.0,0.37546151876449585,7,1,108544,Deterministic-ShortestPath-4x4-FrozenLake-v0,qppo-Hgog-qlr1.0e-3,Hgog,30
0.00025,0.001,0.02599094994366169,-0.00041130371391773224,1.296478033065796,-0.0003806091845035553,0.00039475085213780403,1.273350790143013e-05,0.0,0.25010114908218384,7,1,109056,Deterministic-ShortestPath-4x4-FrozenLake-v0,qppo-Hgog-qlr1.0e-3,Hgog,30
0.00025,0.001,0.025506941601634026,-0.0009092148393392563,1.2871581315994263,-0.0010273251682519913,0.00010591559112071991,1.2083444744348526e-05,0.0,-0.26545536518096924,7,1,109568,Deterministic-ShortestPath-4x4-FrozenLake-v0,qppo-Hgog-qlr1.0e-3,Hgog,30
0.00025,0.001,0.016823461279273033,0.00043394044041633606,1.2750722169876099,-0.0039050504565238953,-0.0005826344713568687,3.5692937672138214e-05,0.0,-0.39137470722198486,7,1,110080,Deterministic-ShortestPath-4x4-FrozenLake-v0,qppo-Hgog-qlr1.0e-3,Hgog,30
0.00025,0.001,0.03246825933456421,0.0004966072738170624,1.2850770950317383,0.003879966214299202,0.0006188671104609966,2.589728683233261e-05,0.0,0.28895723819732666,7,1,110592,Deterministic-ShortestPath-4x4-FrozenLake-v0,qppo-Hgog-qlr1.0e-3,Hgog,30
0.00025,0.001,0.017871854826807976,-0.0008955076336860657,1.2818729877471924,-0.004778309725224972,-6.648479029536247e-05,2.682209014892578e-05,0.0,0.22530651092529297,7,1,111104,Deterministic-ShortestPath-4x4-FrozenLake-v0,qppo-Hgog-qlr1.0e-3,Hgog,30
0.00025,0.001,0.013903430663049221,-0.00029441388323903084,1.2984076738357544,-0.006326774600893259,0.00013977102935314178,1.4511402696371078e-05,0.0,0.3473288416862488,7,1,111616,Deterministic-ShortestPath-4x4-FrozenLake-v0,qppo-Hgog-qlr1.0e-3,Hgog,30
0.00025,0.001,0.01770366169512272,-5.646422505378723e-05,1.2847931385040283,-0.00405256450176239,-0.00011209305375814438,1.8928665667772293e-05,0.0,0.14605605602264404,7,1,112128,Deterministic-ShortestPath-4x4-FrozenLake-v0,qppo-Hgog-qlr1.0e-3,Hgog,30
0.00025,0.001,0.022720783948898315,-0.0003085583448410034,1.2859649658203125,-0.00180781539529562,0.00019058026373386383,1.9855797290802e-06,0.0,0.23557758331298828,7,1,112640,Deterministic-ShortestPath-4x4-FrozenLake-v0,qppo-Hgog-qlr1.0e-3,Hgog,30
0.00025,0.001,0.007137696258723736,0.0003385618329048157,1.3030656576156616,-0.009123247116804123,0.0008898559026420116,3.9637088775634766e-05,0.0,0.010315656661987305,7,1,113152,Deterministic-ShortestPath-4x4-FrozenLake-v0,qppo-Hgog-qlr1.0e-3,Hgog,30
0.00025,0.001,0.026705173775553703,-0.00018947571516036987,1.2739086151123047,0.0004240255802869797,-0.0006373985670506954,8.007977157831192e-06,0.0,0.3492853045463562,7,1,113664,Deterministic-ShortestPath-4x4-FrozenLake-v0,qppo-Hgog-qlr1.0e-3,Hgog,30
0.00025,0.001,0.013876133598387241,-0.0005102455615997314,1.2935670614242554,-0.006507848855108023,-2.1653715521097183e-05,1.6883481293916702e-05,0.0,0.43775033950805664,7,1,114176,Deterministic-ShortestPath-4x4-FrozenLake-v0,qppo-Hgog-qlr1.0e-3,Hgog,30
0.00025,0.001,0.014836632646620274,-3.063958138227463e-05,1.2818424701690674,-0.005430747289210558,6.842054426670074e-05,4.367902874946594e-07,0.0,0.37340718507766724,7,1,114688,Deterministic-ShortestPath-4x4-FrozenLake-v0,qppo-Hgog-qlr1.0e-3,Hgog,30
0.00025,0.001,0.00493812607601285,0.0015251711010932922,1.27876615524292,-0.008793427608907223,0.00057267677038908,4.776846617460251e-05,0.0,-14.35612964630127,7,1,115200,Deterministic-ShortestPath-4x4-FrozenLake-v0,qppo-Hgog-qlr1.0e-3,Hgog,30
0.00025,0.001,0.022738125175237656,0.000107593834400177,1.2893813848495483,-0.0014171572402119637,-0.00035120313987135887,4.210555925965309e-05,0.0,0.11303913593292236,7,1,115712,Deterministic-ShortestPath-4x4-FrozenLake-v0,qppo-Hgog-qlr1.0e-3,Hgog,30
0.00025,0.001,0.0471530444920063,-0.0004581855610013008,1.2968010902404785,0.010150326415896416,-0.00031182076781988144,3.3931806683540344e-05,0.0,0.19784677028656006,7,1,116224,Deterministic-ShortestPath-4x4-FrozenLake-v0,qppo-Hgog-qlr1.0e-3,Hgog,30
0.00025,0.001,0.010985729284584522,-0.0008993754163384438,1.2816563844680786,-0.008223073557019234,0.0008289115503430367,6.354320794343948e-05,0.0,0.12532144784927368,7,1,116736,Deterministic-ShortestPath-4x4-FrozenLake-v0,qppo-Hgog-qlr1.0e-3,Hgog,30
0.00025,0.001,0.014972135424613953,-8.974410593509674e-05,1.2837117910385132,-0.005440793931484222,-0.00044109486043453217,8.390750735998154e-06,0.0,0.19041520357131958,7,1,117248,Deterministic-ShortestPath-4x4-FrozenLake-v0,qppo-Hgog-qlr1.0e-3,Hgog,30
0.00025,0.001,0.03547443449497223,-0.0012826621532440186,1.2773507833480835,0.0036810478195548058,-0.000761836301535368,3.238441422581673e-05,0.0,0.31307923793792725,7,1,117760,Deterministic-ShortestPath-4x4-FrozenLake-v0,qppo-Hgog-qlr1.0e-3,Hgog,30
0.00025,0.001,0.02254660800099373,-0.00032116472721099854,1.2789243459701538,-0.0018371036276221275,-0.00033869408071041107,2.7853064239025116e-05,0.0,0.30529284477233887,7,1,118272,Deterministic-ShortestPath-4x4-FrozenLake-v0,qppo-Hgog-qlr1.0e-3,Hgog,30
0.00025,0.001,0.01578245498239994,-0.001059078611433506,1.2947709560394287,-0.006115560419857502,0.0005126562900841236,9.926501661539078e-06,0.0,-0.20567238330841064,7,1,118784,Deterministic-ShortestPath-4x4-FrozenLake-v0,qppo-Hgog-qlr1.0e-3,Hgog,30
0.00025,0.001,0.04485839977860451,-0.0011182380840182304,1.2770771980285645,0.008540189824998379,-0.0004366263747215271,4.746811464428902e-05,0.0,0.31849902868270874,7,1,119296,Deterministic-ShortestPath-4x4-FrozenLake-v0,qppo-Hgog-qlr1.0e-3,Hgog,30
0.00025,0.001,0.012779883109033108,-0.002556033432483673,1.2929506301879883,-0.009095598012208939,0.0014304309152066708,0.00013631442561745644,0.0,0.4673057198524475,7,1,119808,Deterministic-ShortestPath-4x4-FrozenLake-v0,qppo-Hgog-qlr1.0e-3,Hgog,30
0.00025,0.001,0.011795193888247013,0.001037057489156723,1.2866438627243042,-0.0059317839331924915,-0.0002461555413901806,0.00011865328997373581,0.0,0.33410197496414185,7,1,120320,Deterministic-ShortestPath-4x4-FrozenLake-v0,qppo-Hgog-qlr1.0e-3,Hgog,30
0.00025,0.001,0.01431429386138916,-0.0002257823944091797,1.2756761312484741,-0.005825396627187729,0.0009606340900063515,1.7050188034772873e-05,0.0,0.22633028030395508,7,1,120832,Deterministic-ShortestPath-4x4-FrozenLake-v0,qppo-Hgog-qlr1.0e-3,Hgog,30
0.00025,0.001,0.00031770230270922184,0.00047531723976135254,1.3047304153442383,-0.01241313572973013,0.00012491224333643913,2.3881439119577408e-05,0.0,-3.3296890258789062,7,1,121344,Deterministic-ShortestPath-4x4-FrozenLake-v0,qppo-Hgog-qlr1.0e-3,Hgog,30
0.00025,0.001,0.007321148179471493,-0.0006289724260568619,1.2827038764953613,-0.009795436635613441,-0.00012953625991940498,7.895287126302719e-06,0.0,0.40930020809173584,7,1,121856,Deterministic-ShortestPath-4x4-FrozenLake-v0,qppo-Hgog-qlr1.0e-3,Hgog,30
0.00025,0.001,0.03627922013401985,-3.123655915260315e-06,1.280501365661621,0.005331473425030708,-0.0001290431246161461,3.0457042157649994e-05,0.0,0.20028209686279297,7,1,122368,Deterministic-ShortestPath-4x4-FrozenLake-v0,qppo-Hgog-qlr1.0e-3,Hgog,30
0.00025,0.001,0.013769946992397308,0.0002392977476119995,1.2843966484069824,-0.0057196952402591705,-0.00010165758430957794,9.986106306314468e-06,0.0,0.3193548917770386,7,1,122880,Deterministic-ShortestPath-4x4-FrozenLake-v0,qppo-Hgog-qlr1.0e-3,Hgog,30
0.00025,0.001,0.023543063551187515,-0.0011790692806243896,1.267007827758789,-0.0020776158198714256,0.000687659252434969,5.691777914762497e-06,0.0,0.047493696212768555,7,1,123392,Deterministic-ShortestPath-4x4-FrozenLake-v0,qppo-Hgog-qlr1.0e-3,Hgog,30
0.00025,0.001,0.02420109324157238,-0.00027907639741897583,1.2713087797164917,-0.0008916174992918968,-4.58364374935627e-05,4.653912037611008e-05,0.0,0.17580139636993408,7,1,123904,Deterministic-ShortestPath-4x4-FrozenLake-v0,qppo-Hgog-qlr1.0e-3,Hgog,30
0.00025,0.001,0.005383642390370369,0.001076926477253437,1.2684987783432007,-0.008916240185499191,-0.00035223737359046936,2.309633418917656e-05,0.0,0.1861191987991333,7,1,124416,Deterministic-ShortestPath-4x4-FrozenLake-v0,qppo-Hgog-qlr1.0e-3,Hgog,30
0.00025,0.001,0.0014632863458245993,-0.0005284249782562256,1.285466194152832,-0.012651443481445312,-0.00031386688351631165,7.141847163438797e-06,0.0,-0.03619885444641113,7,1,124928,Deterministic-ShortestPath-4x4-FrozenLake-v0,qppo-Hgog-qlr1.0e-3,Hgog,30
0.00025,0.001,0.0031423624604940414,-0.00027797650545835495,1.2635350227355957,-0.011342145502567291,-0.0014947904273867607,4.2350031435489655e-05,0.0,0.24257516860961914,7,1,125440,Deterministic-ShortestPath-4x4-FrozenLake-v0,qppo-Hgog-qlr1.0e-3,Hgog,30
0.00025,0.001,0.012470814399421215,-0.00034989044070243835,1.288628101348877,-0.007000764366239309,-0.0019348766654729843,2.272753044962883e-05,0.0,0.16189593076705933,7,1,125952,Deterministic-ShortestPath-4x4-FrozenLake-v0,qppo-Hgog-qlr1.0e-3,Hgog,30
0.00025,0.001,0.035235267132520676,-0.0022228173911571503,1.254542589187622,0.0028493907302618027,0.001141202636063099,6.709247827529907e-05,0.0,0.3167150616645813,7,1,126464,Deterministic-ShortestPath-4x4-FrozenLake-v0,qppo-Hgog-qlr1.0e-3,Hgog,30
0.00025,0.001,0.019128840416669846,-0.00046005286276340485,1.2770802974700928,-0.003666435368359089,0.0003555235452950001,3.208685666322708e-05,0.0,0.23725610971450806,7,1,126976,Deterministic-ShortestPath-4x4-FrozenLake-v0,qppo-Hgog-qlr1.0e-3,Hgog,30
0.00025,0.001,0.03154844045639038,-0.0016684085130691528,1.283447504043579,0.0012713372707366943,0.00017280923202633858,2.2057443857192993e-05,0.0,0.24266546964645386,7,1,127488,Deterministic-ShortestPath-4x4-FrozenLake-v0,qppo-Hgog-qlr1.0e-3,Hgog,30
0.00025,0.001,0.020468834787607193,-5.7013705372810364e-05,1.2719537019729614,-0.002542133443057537,0.0002957037650048733,5.470123142004013e-06,0.0,0.4544445276260376,7,1,128000,Deterministic-ShortestPath-4x4-FrozenLake-v0,qppo-Hgog-qlr1.0e-3,Hgog,30
0.00025,0.001,0.027438998222351074,-0.0001488998532295227,1.2849153280258179,0.0007214462384581566,0.00026522763073444366,2.285931259393692e-06,0.0,0.3327273726463318,7,1,128512,Deterministic-ShortestPath-4x4-FrozenLake-v0,qppo-Hgog-qlr1.0e-3,Hgog,30
0.00025,0.001,0.008196805603802204,-0.00034143030643463135,1.2693636417388916,-0.008936664089560509,-0.00010020751506090164,7.253605872392654e-06,0.0,0.25421226024627686,7,1,129024,Deterministic-ShortestPath-4x4-FrozenLake-v0,qppo-Hgog-qlr1.0e-3,Hgog,30
0.00025,0.001,0.057562608271837234,-0.00036327168345451355,1.2681751251220703,0.015736281871795654,1.7591286450624466e-05,6.375368684530258e-06,0.0,0.31058090925216675,7,1,129536,Deterministic-ShortestPath-4x4-FrozenLake-v0,qppo-Hgog-qlr1.0e-3,Hgog,30
0.00025,0.001,0.03262327238917351,-0.00038478896021842957,1.2763068675994873,0.003163779154419899,0.0010194857604801655,1.4272984117269516e-05,0.0,0.2997177839279175,7,1,130048,Deterministic-ShortestPath-4x4-FrozenLake-v0,qppo-Hgog-qlr1.0e-3,Hgog,30
0.00025,0.001,0.02391858957707882,-0.0009587248787283897,1.2717149257659912,-0.0017165793105959892,0.00048802699893713,2.4150125682353973e-05,0.0,-0.07278800010681152,7,1,130560,Deterministic-ShortestPath-4x4-FrozenLake-v0,qppo-Hgog-qlr1.0e-3,Hgog,30
0.00025,0.001,0.012983542867004871,3.8858503103256226e-05,1.2666070461273193,-0.006135439965873957,0.00011774851009249687,6.616581231355667e-06,0.0,0.3028942346572876,7,1,131072,Deterministic-ShortestPath-4x4-FrozenLake-v0,qppo-Hgog-qlr1.0e-3,Hgog,30
0.00025,0.001,0.02407015487551689,-0.00018028542399406433,1.2808064222335815,-0.0009532719850540161,-0.00019541988149285316,1.5986617654561996e-05,0.0,0.2797265648841858,7,1,131584,Deterministic-ShortestPath-4x4-FrozenLake-v0,qppo-Hgog-qlr1.0e-3,Hgog,30
0.00025,0.001,0.0210663340985775,0.00023552775382995605,1.2730565071105957,-0.0019618701189756393,-8.485373109579086e-05,3.742333501577377e-05,0.0,0.4065503478050232,7,1,132096,Deterministic-ShortestPath-4x4-FrozenLake-v0,qppo-Hgog-qlr1.0e-3,Hgog,30
0.00025,0.001,0.01172805204987526,-0.00024301931262016296,1.27145254611969,-0.007093518041074276,-0.00011505093425512314,6.790738552808762e-06,0.0,0.03386968374252319,7,1,132608,Deterministic-ShortestPath-4x4-FrozenLake-v0,qppo-Hgog-qlr1.0e-3,Hgog,30
0.00025,0.001,0.042187996208667755,-0.0003237500786781311,1.265874981880188,0.008111498318612576,5.6016724556684494e-05,5.3620897233486176e-06,0.0,0.12892401218414307,7,1,133120,Deterministic-ShortestPath-4x4-FrozenLake-v0,qppo-Hgog-qlr1.0e-3,Hgog,30
0.00025,0.001,0.007735547609627247,-0.00044158101081848145,1.2776775360107422,-0.009350582957267761,-0.0001562703400850296,5.842186510562897e-06,0.0,0.06036907434463501,7,1,133632,Deterministic-ShortestPath-4x4-FrozenLake-v0,qppo-Hgog-qlr1.0e-3,Hgog,30
0.00025,0.001,0.03389421105384827,-0.0002793502062559128,1.269655704498291,0.003971198573708534,-0.00028339866548776627,9.770970791578293e-06,0.0,0.2919207215309143,7,1,134144,Deterministic-ShortestPath-4x4-FrozenLake-v0,qppo-Hgog-qlr1.0e-3,Hgog,30
0.00025,0.001,0.018795400857925415,-0.0010439231991767883,1.274733304977417,-0.004393555223941803,0.00010120775550603867,8.772127330303192e-06,0.0,0.14986449480056763,7,1,134656,Deterministic-ShortestPath-4x4-FrozenLake-v0,qppo-Hgog-qlr1.0e-3,Hgog,30
0.00025,0.001,0.007318778894841671,-0.0010024989023804665,1.2843573093414307,-0.010186681523919106,-3.569852560758591e-05,2.192612737417221e-05,0.0,0.40329408645629883,7,1,135168,Deterministic-ShortestPath-4x4-FrozenLake-v0,qppo-Hgog-qlr1.0e-3,Hgog,30
0.00025,0.001,0.014784373342990875,0.0005301516503095627,1.2709925174713135,-0.0047875866293907166,-0.0002678707242012024,5.433289334177971e-05,0.0,0.3121570348739624,7,1,135680,Deterministic-ShortestPath-4x4-FrozenLake-v0,qppo-Hgog-qlr1.0e-3,Hgog,30
0.00025,0.001,0.03413830325007439,-0.00016354583203792572,1.2731850147247314,0.004173755645751953,0.0003625946119427681,4.499219357967377e-06,0.0,0.27399587631225586,7,1,136192,Deterministic-ShortestPath-4x4-FrozenLake-v0,qppo-Hgog-qlr1.0e-3,Hgog,30
0.00025,0.001,0.014029302634298801,8.967891335487366e-05,1.2790337800979614,-0.005686006974428892,0.0002874876372516155,5.791895091533661e-06,0.0,0.5270491242408752,7,1,136704,Deterministic-ShortestPath-4x4-FrozenLake-v0,qppo-Hgog-qlr1.0e-3,Hgog,30
0.00025,0.001,0.025552907958626747,-0.00013585202395915985,1.2731783390045166,-9.118113666772842e-05,-3.414740785956383e-05,9.741634130477905e-07,0.0,0.3042605519294739,7,1,137216,Deterministic-ShortestPath-4x4-FrozenLake-v0,qppo-Hgog-qlr1.0e-3,Hgog,30
0.00025,0.001,0.02697923593223095,-0.0016115279868245125,1.2804009914398193,-0.0009259199723601341,0.0008092904463410378,4.8743560910224915e-05,0.0,0.07771599292755127,7,1,137728,Deterministic-ShortestPath-4x4-FrozenLake-v0,qppo-Hgog-qlr1.0e-3,Hgog,30
0.00025,0.001,0.013462476432323456,5.4819509387016296e-05,1.2720463275909424,-0.005934405140578747,0.0008214781992137432,3.236671909689903e-05,0.0,-0.007829546928405762,7,1,138240,Deterministic-ShortestPath-4x4-FrozenLake-v0,qppo-Hgog-qlr1.0e-3,Hgog,30
0.00025,0.001,0.04051892086863518,-5.7928264141082764e-05,1.2830674648284912,0.007370857521891594,0.0003039408475160599,1.2297183275222778e-05,0.0,0.23770081996917725,7,1,138752,Deterministic-ShortestPath-4x4-FrozenLake-v0,qppo-Hgog-qlr1.0e-3,Hgog,30
0.00025,0.001,0.01829649694263935,-6.557069718837738e-05,1.2803400754928589,-0.0037207230925559998,0.00012036086991429329,4.2282044887542725e-06,0.0,0.11053740978240967,7,1,139264,Deterministic-ShortestPath-4x4-FrozenLake-v0,qppo-Hgog-qlr1.0e-3,Hgog,30
0.00025,0.001,0.026628846302628517,7.613562047481537e-05,1.2659435272216797,0.000731123611330986,-0.0004779216833412647,6.205402314662933e-06,0.0,0.2827391028404236,7,1,139776,Deterministic-ShortestPath-4x4-FrozenLake-v0,qppo-Hgog-qlr1.0e-3,Hgog,30
0.00025,0.001,0.0014359354972839355,-0.0007932819426059723,1.2995436191558838,-0.013070750050246716,0.00010139262303709984,3.9462465792894363e-05,0.0,-0.41251087188720703,7,1,140288,Deterministic-ShortestPath-4x4-FrozenLake-v0,qppo-Hgog-qlr1.0e-3,Hgog,30
0.00025,0.001,0.012819681316614151,-0.0007970705628395081,1.2767479419708252,-0.007154708728194237,0.0010026805102825165,1.0852236300706863e-05,0.0,0.4535495638847351,7,1,140800,Deterministic-ShortestPath-4x4-FrozenLake-v0,qppo-Hgog-qlr1.0e-3,Hgog,30
0.00025,0.001,0.019807619974017143,-0.0008005686104297638,1.2807618379592896,-0.003704376518726349,0.0009556347504258156,3.978889435529709e-05,0.0,0.21487754583358765,7,1,141312,Deterministic-ShortestPath-4x4-FrozenLake-v0,qppo-Hgog-qlr1.0e-3,Hgog,30
0.00025,0.001,0.0013271690113469958,-0.00030502513982355595,1.2789273262023926,-0.012430713512003422,-7.27861188352108e-05,5.504116415977478e-06,0.0,-1.5632407665252686,7,1,141824,Deterministic-ShortestPath-4x4-FrozenLake-v0,qppo-Hgog-qlr1.0e-3,Hgog,30
0.00025,0.001,0.035849884152412415,-0.00022012926638126373,1.2715157270431519,0.004989655688405037,0.00024482468143105507,3.575626760721207e-05,0.0,0.20231544971466064,7,1,142336,Deterministic-ShortestPath-4x4-FrozenLake-v0,qppo-Hgog-qlr1.0e-3,Hgog,30
0.00025,0.001,0.024025263264775276,-0.00022070854902267456,1.2581268548965454,-0.0007893452420830727,-0.0002588042989373207,1.8137507140636444e-06,0.0,0.4376254081726074,7,1,142848,Deterministic-ShortestPath-4x4-FrozenLake-v0,qppo-Hgog-qlr1.0e-3,Hgog,30
0.00025,0.001,0.022643940523266792,-0.00041447579860687256,1.2556748390197754,-0.0016492540016770363,8.092913776636124e-05,3.3802352845668793e-06,0.0,0.45909780263900757,7,1,143360,Deterministic-ShortestPath-4x4-FrozenLake-v0,qppo-Hgog-qlr1.0e-3,Hgog,30
0.00025,0.001,0.029162853956222534,-6.043165922164917e-05,1.26808762550354,0.0018401192501187325,0.0004362063482403755,1.3615470379590988e-05,0.0,0.32607126235961914,7,1,143872,Deterministic-ShortestPath-4x4-FrozenLake-v0,qppo-Hgog-qlr1.0e-3,Hgog,30
0.00025,0.001,0.03513207659125328,0.0003849361091852188,1.2981663942337036,0.004969310946762562,-0.0001749233342707157,4.102010279893875e-06,0.0,0.3573566675186157,7,1,144384,Deterministic-ShortestPath-4x4-FrozenLake-v0,qppo-Hgog-qlr1.0e-3,Hgog,30
0.00025,0.001,0.040783658623695374,7.767602801322937e-05,1.2815937995910645,0.007653567939996719,0.000303010456264019,8.800998330116272e-07,0.0,0.2781498432159424,7,1,144896,Deterministic-ShortestPath-4x4-FrozenLake-v0,qppo-Hgog-qlr1.0e-3,Hgog,30
0.00025,0.001,0.026389168575406075,0.00021645426750183105,1.2707244157791138,0.0007037948817014694,0.001030859537422657,2.445792779326439e-05,0.0,0.22206342220306396,7,1,145408,Deterministic-ShortestPath-4x4-FrozenLake-v0,qppo-Hgog-qlr1.0e-3,Hgog,30
0.00025,0.001,0.041795503348112106,-0.0008582118898630142,1.2680046558380127,0.007359493523836136,3.3117830753326416e-05,1.1207535862922668e-05,0.0,0.38879626989364624,7,1,145920,Deterministic-ShortestPath-4x4-FrozenLake-v0,qppo-Hgog-qlr1.0e-3,Hgog,30
0.00025,0.001,0.04200313985347748,-0.0007397476583719254,1.259233832359314,0.007669484242796898,-7.373187690973282e-05,1.9670464098453522e-05,0.0,0.15438628196716309,7,1,146432,Deterministic-ShortestPath-4x4-FrozenLake-v0,qppo-Hgog-qlr1.0e-3,Hgog,30
0.00025,0.001,0.004502007272094488,-0.00011987634934484959,1.2891110181808472,-0.010759982280433178,-0.00014109211042523384,4.087574779987335e-06,0.0,0.17589467763900757,7,1,146944,Deterministic-ShortestPath-4x4-FrozenLake-v0,qppo-Hgog-qlr1.0e-3,Hgog,30
0.00025,0.001,0.021493786945939064,2.1576881408691406e-05,1.2675893306732178,-0.0019074222072958946,0.00039789779111742973,1.1917203664779663e-05,0.0,0.27207958698272705,7,1,147456,Deterministic-ShortestPath-4x4-FrozenLake-v0,qppo-Hgog-qlr1.0e-3,Hgog,30
0.00025,0.001,0.01612589694559574,-0.001470428891479969,1.2694728374481201,-0.00610220804810524,-0.0006602900102734566,5.634501576423645e-05,0.0,-0.06309819221496582,7,1,147968,Deterministic-ShortestPath-4x4-FrozenLake-v0,qppo-Hgog-qlr1.0e-3,Hgog,30
0.00025,0.001,0.009070183150470257,-0.0008325725793838501,1.26997971534729,-0.008997278288006783,-0.00046790996566414833,2.4138949811458588e-05,0.0,-0.013482332229614258,7,1,148480,Deterministic-ShortestPath-4x4-FrozenLake-v0,qppo-Hgog-qlr1.0e-3,Hgog,30
0.00025,0.001,0.016759028658270836,-0.0003996649757027626,1.2879183292388916,-0.004899333231151104,-0.00028525665402412415,5.547981709241867e-05,0.0,0.343570351600647,7,1,148992,Deterministic-ShortestPath-4x4-FrozenLake-v0,qppo-Hgog-qlr1.0e-3,Hgog,30
0.00025,0.001,0.010382077656686306,0.0005778484046459198,1.2807376384735107,-0.007038488518446684,0.0006622197106480598,7.5584277510643e-05,0.0,0.19641274213790894,7,1,149504,Deterministic-ShortestPath-4x4-FrozenLake-v0,qppo-Hgog-qlr1.0e-3,Hgog,30
0.00025,0.001,0.025308692827820778,0.00029150955379009247,1.2607636451721191,0.0003382200375199318,0.0008916645310819149,1.0509509593248367e-05,0.0,0.26442164182662964,7,1,150016,Deterministic-ShortestPath-4x4-FrozenLake-v0,qppo-Hgog-qlr1.0e-3,Hgog,30
0.00025,0.001,0.017792537808418274,-0.00042301975190639496,1.2780054807662964,-0.004306805320084095,-0.000210566446185112,7.27921724319458e-06,0.0,0.0760999321937561,7,1,150528,Deterministic-ShortestPath-4x4-FrozenLake-v0,qppo-Hgog-qlr1.0e-3,Hgog,30
0.00025,0.001,0.01830609329044819,-0.0005119778215885162,1.2646125555038452,-0.00400505680590868,-0.00040810834616422653,1.488812267780304e-05,0.0,0.29010289907455444,7,1,151040,Deterministic-ShortestPath-4x4-FrozenLake-v0,qppo-Hgog-qlr1.0e-3,Hgog,30
0.00025,0.001,0.04748082160949707,-0.00034152716398239136,1.2743279933929443,0.010655604302883148,-8.76658596098423e-05,5.192123353481293e-06,0.0,0.3082693815231323,7,1,151552,Deterministic-ShortestPath-4x4-FrozenLake-v0,qppo-Hgog-qlr1.0e-3,Hgog,30
0.00025,0.001,0.025669032707810402,-0.00017217732965946198,1.271813988685608,-5.5800192058086395e-05,6.02169893682003e-05,5.346257239580154e-06,0.0,0.28231751918792725,7,1,152064,Deterministic-ShortestPath-4x4-FrozenLake-v0,qppo-Hgog-qlr1.0e-3,Hgog,30
0.00025,0.001,0.018727166578173637,-0.0025432854890823364,1.25761878490448,-0.0057558901607990265,-0.0009648455306887627,6.643775850534439e-05,0.0,0.16751092672348022,7,1,152576,Deterministic-ShortestPath-4x4-FrozenLake-v0,qppo-Hgog-qlr1.0e-3,Hgog,30
0.00025,0.001,0.019470104947686195,-0.00018944405019283295,1.2694587707519531,-0.00314897857606411,-0.0013875337317585945,5.0265341997146606e-05,0.0,0.2784431576728821,7,1,153088,Deterministic-ShortestPath-4x4-FrozenLake-v0,qppo-Hgog-qlr1.0e-3,Hgog,30
0.00025,0.001,0.02022138237953186,-0.0005275383591651917,1.2642303705215454,-0.0030591506510972977,0.000701401848345995,1.2733042240142822e-05,0.0,0.3063783645629883,7,1,153600,Deterministic-ShortestPath-4x4-FrozenLake-v0,qppo-Hgog-qlr1.0e-3,Hgog,30
0.00025,0.001,0.0015225810930132866,-0.0010023219510912895,1.291050910949707,-0.013151539489626884,0.0003942265175282955,5.550030618906021e-05,0.0,-19.32802391052246,7,1,154112,Deterministic-ShortestPath-4x4-FrozenLake-v0,qppo-Hgog-qlr1.0e-3,Hgog,30
0.00025,0.001,0.018394632264971733,-7.047876715660095e-05,1.2727196216583252,-0.0036003589630126953,0.00019236095249652863,1.3544224202632904e-05,0.0,0.32099539041519165,7,1,154624,Deterministic-ShortestPath-4x4-FrozenLake-v0,qppo-Hgog-qlr1.0e-3,Hgog,30
0.00025,0.001,0.013551389798521996,0.00015975907444953918,1.2731540203094482,-0.0057960860431194305,-4.360545426607132e-05,1.6222242265939713e-05,0.0,0.20792734622955322,7,1,155136,Deterministic-ShortestPath-4x4-FrozenLake-v0,qppo-Hgog-qlr1.0e-3,Hgog,30
0.00025,0.001,0.020058680325746536,-0.0009762421250343323,1.2707022428512573,-0.0036539239808917046,0.0004421728663146496,3.777770325541496e-05,0.0,0.26109975576400757,7,1,155648,Deterministic-ShortestPath-4x4-FrozenLake-v0,qppo-Hgog-qlr1.0e-3,Hgog,30
0.00025,0.001,0.03881565108895302,4.4561922550201416e-05,1.2840759754180908,0.006611628457903862,-9.746570140123367e-05,2.023763954639435e-06,0.0,0.25352853536605835,7,1,156160,Deterministic-ShortestPath-4x4-FrozenLake-v0,qppo-Hgog-qlr1.0e-3,Hgog,30
0.00025,0.001,0.00991202425211668,8.334405720233917e-05,1.274999976158142,-0.007710643578320742,-0.0004327520728111267,4.262663424015045e-06,0.0,-0.14032864570617676,7,1,156672,Deterministic-ShortestPath-4x4-FrozenLake-v0,qppo-Hgog-qlr1.0e-3,Hgog,30
0.00025,0.001,0.008906658738851547,0.000693395733833313,1.2791736125946045,-0.007645010948181152,-5.0240661948919296e-05,1.6435980796813965e-05,0.0,0.19753164052963257,7,1,157184,Deterministic-ShortestPath-4x4-FrozenLake-v0,qppo-Hgog-qlr1.0e-3,Hgog,30
0.00025,0.001,0.022074440494179726,-0.0003714747726917267,1.278591513633728,-0.002120169810950756,-1.7894897609949112e-05,6.236135959625244e-06,0.0,0.17225170135498047,7,1,157696,Deterministic-ShortestPath-4x4-FrozenLake-v0,qppo-Hgog-qlr1.0e-3,Hgog,30
0.00025,0.001,0.026171166449785233,0.00023218803107738495,1.2666186094284058,0.0006515858694911003,-0.001317750196903944,1.8802005797624588e-05,0.0,0.39354759454727173,7,1,158208,Deterministic-ShortestPath-4x4-FrozenLake-v0,qppo-Hgog-qlr1.0e-3,Hgog,30
0.00025,0.001,0.009148121811449528,-0.0007532984018325806,1.2786020040512085,-0.008965257555246353,-0.00027744099497795105,5.084555596113205e-06,0.0,0.17261332273483276,7,1,158720,Deterministic-ShortestPath-4x4-FrozenLake-v0,qppo-Hgog-qlr1.0e-3,Hgog,30
0.00025,0.001,0.005964048206806183,2.7560163289308548e-05,1.2706336975097656,-0.009696751832962036,-0.0005378765054047108,8.069444447755814e-06,0.0,0.1671384572982788,7,1,159232,Deterministic-ShortestPath-4x4-FrozenLake-v0,qppo-Hgog-qlr1.0e-3,Hgog,30
0.00025,0.001,0.011690431274473667,-0.00030250661075115204,1.2779892683029175,-0.007237183395773172,-0.00014660554006695747,3.4547410905361176e-06,0.0,0.1983388066291809,7,1,159744,Deterministic-ShortestPath-4x4-FrozenLake-v0,qppo-Hgog-qlr1.0e-3,Hgog,30
0.00025,0.001,0.010652357712388039,7.821805775165558e-05,1.266205072402954,-0.007257653400301933,1.4476943761110306e-05,1.676846295595169e-06,0.0,0.3121352195739746,7,1,160256,Deterministic-ShortestPath-4x4-FrozenLake-v0,qppo-Hgog-qlr1.0e-3,Hgog,30
0.00025,0.001,0.027305100113153458,-0.00028898101300001144,1.262033462524414,0.0007432345300912857,-0.00036785658448934555,1.4545861631631851e-05,0.0,0.2806580662727356,7,1,160768,Deterministic-ShortestPath-4x4-FrozenLake-v0,qppo-Hgog-qlr1.0e-3,Hgog,30
0.00025,0.001,0.023340586572885513,-0.00010167062282562256,1.2754987478256226,-0.0011863643303513527,7.937848567962646e-05,4.577450454235077e-07,0.0,0.29493582248687744,7,1,161280,Deterministic-ShortestPath-4x4-FrozenLake-v0,qppo-Hgog-qlr1.0e-3,Hgog,30
0.00025,0.001,0.01233961433172226,3.638211637735367e-05,1.2749571800231934,-0.006543382070958614,-0.00014062179252505302,2.0992010831832886e-06,0.0,0.32071083784103394,7,1,161792,Deterministic-ShortestPath-4x4-FrozenLake-v0,qppo-Hgog-qlr1.0e-3,Hgog,30
0.00025,0.001,0.008161229081451893,-7.2517432272434235e-06,1.250899314880371,-0.008435631170868874,4.3291132897138596e-05,8.484348654747009e-07,0.0,0.25509917736053467,7,1,162304,Deterministic-ShortestPath-4x4-FrozenLake-v0,qppo-Hgog-qlr1.0e-3,Hgog,30
0.00025,0.001,0.01839548721909523,-0.00010862015187740326,1.2707946300506592,-0.003618822433054447,-0.00020050164312124252,4.281289875507355e-06,0.0,0.2142479419708252,7,1,162816,Deterministic-ShortestPath-4x4-FrozenLake-v0,qppo-Hgog-qlr1.0e-3,Hgog,30
0.00025,0.001,0.02736714854836464,-0.00036756787449121475,1.2866528034210205,0.0004494786262512207,6.512738764286041e-05,3.102049231529236e-05,0.0,0.2047451138496399,7,1,163328,Deterministic-ShortestPath-4x4-FrozenLake-v0,qppo-Hgog-qlr1.0e-3,Hgog,30
0.00025,0.001,0.017319709062576294,1.4964491128921509e-05,1.2760883569717407,-0.004086064174771309,0.0003385469317436218,9.695068001747131e-06,0.0,0.3074793815612793,7,1,163840,Deterministic-ShortestPath-4x4-FrozenLake-v0,qppo-Hgog-qlr1.0e-3,Hgog,30
0.00025,0.001,0.010332916863262653,-8.621998131275177e-05,1.265148401260376,-0.007571245077997446,-7.378822192549706e-05,3.450550138950348e-07,0.0,0.08140707015991211,7,1,164352,Deterministic-ShortestPath-4x4-FrozenLake-v0,qppo-Hgog-qlr1.0e-3,Hgog,30
0.00025,0.001,0.03158671036362648,-0.0007611382752656937,1.2603002786636353,0.0024292143061757088,-0.001294910442084074,2.7555041015148163e-05,0.0,0.2506427764892578,7,1,164864,Deterministic-ShortestPath-4x4-FrozenLake-v0,qppo-Hgog-qlr1.0e-3,Hgog,30
0.00025,0.001,0.023157672956585884,-0.0007633734494447708,1.2649776935577393,-0.0018343133851885796,0.00034032436087727547,0.00012374529615044594,0.0,0.3553311824798584,7,1,165376,Deterministic-ShortestPath-4x4-FrozenLake-v0,qppo-Hgog-qlr1.0e-3,Hgog,30
0.00025,0.001,0.04439815878868103,-0.0013699783012270927,1.2408158779144287,0.008420942351222038,-0.00048823654651641846,3.0852388590574265e-05,0.0,0.31413155794143677,7,1,165888,Deterministic-ShortestPath-4x4-FrozenLake-v0,qppo-Hgog-qlr1.0e-3,Hgog,30
0.00025,0.001,0.013248898088932037,0.00014430098235607147,1.2743597030639648,-0.005974846892058849,7.727835327386856e-05,1.2353993952274323e-06,0.0,0.10029453039169312,7,1,166400,Deterministic-ShortestPath-4x4-FrozenLake-v0,qppo-Hgog-qlr1.0e-3,Hgog,30
0.00025,0.001,0.0014447567518800497,-0.0007196422666311264,1.27211332321167,-0.01271839626133442,-0.00018619047477841377,2.267584204673767e-05,0.0,-13.114144325256348,7,1,166912,Deterministic-ShortestPath-4x4-FrozenLake-v0,qppo-Hgog-qlr1.0e-3,Hgog,30
0.00025,0.001,0.03248653933405876,-0.000148015096783638,1.2609268426895142,0.0034859860315918922,-1.5133991837501526e-06,3.7904828786849976e-07,0.0,0.2772288918495178,7,1,167424,Deterministic-ShortestPath-4x4-FrozenLake-v0,qppo-Hgog-qlr1.0e-3,Hgog,30
0.00025,0.001,0.016800742596387863,-0.00010153651237487793,1.2729421854019165,-0.004430586472153664,5.0726812332868576e-05,2.100132405757904e-07,0.0,0.3374568819999695,7,1,167936,Deterministic-ShortestPath-4x4-FrozenLake-v0,qppo-Hgog-qlr1.0e-3,Hgog,30
0.00025,0.001,0.025243736803531647,3.914535045623779e-05,1.2559940814971924,0.00010107364505529404,-0.00048066396266222,1.490022987127304e-05,0.0,0.362684965133667,7,1,168448,Deterministic-ShortestPath-4x4-FrozenLake-v0,qppo-Hgog-qlr1.0e-3,Hgog,30
0.00025,0.001,0.005730379838496447,-0.0010366030037403107,1.2690186500549316,-0.010861599817872047,-0.0007930570282042027,3.278814256191254e-05,0.0,-21.98196029663086,7,1,168960,Deterministic-ShortestPath-4x4-FrozenLake-v0,qppo-Hgog-qlr1.0e-3,Hgog,30
0.00025,0.001,0.03402229771018028,-0.0004306323826313019,1.2569186687469482,0.00401133019477129,-0.000487547367811203,3.351923078298569e-05,0.0,0.40373730659484863,7,1,169472,Deterministic-ShortestPath-4x4-FrozenLake-v0,qppo-Hgog-qlr1.0e-3,Hgog,30
0.00025,0.001,0.02062084525823593,-0.0003045611083507538,1.287474274635315,-0.002868880517780781,-0.0007802750915288925,9.47481021285057e-06,0.0,-0.1700305938720703,7,1,169984,Deterministic-ShortestPath-4x4-FrozenLake-v0,qppo-Hgog-qlr1.0e-3,Hgog,30
0.00025,0.001,0.024189867079257965,9.706616401672363e-05,1.269316554069519,-0.0005011651664972305,0.0001222146674990654,5.206093192100525e-07,0.0,0.3662639856338501,7,1,170496,Deterministic-ShortestPath-4x4-FrozenLake-v0,qppo-Hgog-qlr1.0e-3,Hgog,30
0.00025,0.001,0.017277264967560768,-0.0017573949880897999,1.2854087352752686,-0.005972850136458874,-0.0005235853604972363,2.901814877986908e-05,0.0,0.1627483367919922,7,1,171008,Deterministic-ShortestPath-4x4-FrozenLake-v0,qppo-Hgog-qlr1.0e-3,Hgog,30
0.00025,0.001,0.035767216235399246,-0.0013278778642416,1.2559632062911987,0.003996098414063454,0.0003499900922179222,0.00012489501386880875,0.0,0.29335176944732666,7,1,171520,Deterministic-ShortestPath-4x4-FrozenLake-v0,qppo-Hgog-qlr1.0e-3,Hgog,30
0.00025,0.001,0.014158876612782478,-0.0006979554891586304,1.2840906381607056,-0.006459423340857029,-0.00012613879516720772,6.309524178504944e-05,0.0,0.16538673639297485,7,1,172032,Deterministic-ShortestPath-4x4-FrozenLake-v0,qppo-Hgog-qlr1.0e-3,Hgog,30
0.00025,0.001,0.008539102040231228,-6.724148988723755e-06,1.2906253337860107,-0.00864342600107193,-0.0011921869590878487,1.003919169306755e-05,0.0,0.025418460369110107,7,1,172544,Deterministic-ShortestPath-4x4-FrozenLake-v0,qppo-Hgog-qlr1.0e-3,Hgog,30
0.00025,0.001,0.009905228391289711,3.3173710107803345e-06,1.27427339553833,-0.007786802016198635,4.077795892953873e-05,4.600733518600464e-07,0.0,0.10305792093276978,7,1,173056,Deterministic-ShortestPath-4x4-FrozenLake-v0,qppo-Hgog-qlr1.0e-3,Hgog,30
0.00025,0.001,0.012205373495817184,9.79369506239891e-05,1.2714931964874268,-0.006514308042824268,-0.00013108644634485245,7.404014468193054e-07,0.0,0.2669735550880432,7,1,173568,Deterministic-ShortestPath-4x4-FrozenLake-v0,qppo-Hgog-qlr1.0e-3,Hgog,30
0.00025,0.001,0.03339710831642151,4.011765122413635e-05,1.2608572244644165,0.004130099900066853,0.00011713150888681412,2.682209014892578e-07,0.0,0.26164674758911133,7,1,174080,Deterministic-ShortestPath-4x4-FrozenLake-v0,qppo-Hgog-qlr1.0e-3,Hgog,30
0.00025,0.001,0.01721932366490364,-0.00014413334429264069,1.2844586372375488,-0.004379057325422764,6.843544542789459e-05,2.4116598069667816e-06,0.0,0.26487547159194946,7,1,174592,Deterministic-ShortestPath-4x4-FrozenLake-v0,qppo-Hgog-qlr1.0e-3,Hgog,30
0.00025,0.001,0.02404388040304184,1.7247162759304047e-05,1.282353401184082,-0.0007843459025025368,0.00023177405819296837,2.780463546514511e-06,0.0,0.3366778492927551,7,1,175104,Deterministic-ShortestPath-4x4-FrozenLake-v0,qppo-Hgog-qlr1.0e-3,Hgog,30
0.00025,0.001,0.048393961042165756,-0.0009847506880760193,1.2402822971343994,0.010809407569468021,-3.0703842639923096e-05,1.2978445738554001e-05,0.0,0.33960890769958496,7,1,175616,Deterministic-ShortestPath-4x4-FrozenLake-v0,qppo-Hgog-qlr1.0e-3,Hgog,30
0.00025,0.001,0.002881396561861038,-0.0008062007836997509,1.2823786735534668,-0.012189289554953575,0.000682879239320755,1.5264376997947693e-05,0.0,0.16057395935058594,7,1,176128,Deterministic-ShortestPath-4x4-FrozenLake-v0,qppo-Hgog-qlr1.0e-3,Hgog,30
0.00025,0.001,0.0013658502139151096,0.0003596693277359009,1.283307433128357,-0.01179047953337431,1.1357013136148453e-05,5.6247226893901825e-06,0.0,-0.11585462093353271,7,1,176640,Deterministic-ShortestPath-4x4-FrozenLake-v0,qppo-Hgog-qlr1.0e-3,Hgog,30
0.00025,0.001,0.002899969695135951,0.0007540062069892883,1.2569454908370972,-0.01036546379327774,0.001432076096534729,3.611156716942787e-05,0.0,-16.366121292114258,7,1,177152,Deterministic-ShortestPath-4x4-FrozenLake-v0,qppo-Hgog-qlr1.0e-3,Hgog,30
0.00025,0.001,0.010273619554936886,-0.0004191221669316292,1.267240285873413,-0.007954714819788933,0.0004656519740819931,3.846362233161926e-06,0.0,0.2222418189048767,7,1,177664,Deterministic-ShortestPath-4x4-FrozenLake-v0,qppo-Hgog-qlr1.0e-3,Hgog,30
0.00025,0.001,0.02394801750779152,-0.0006864476017653942,1.2706124782562256,-0.0014185626059770584,-0.0006420351564884186,2.991640940308571e-05,0.0,0.21996843814849854,7,1,178176,Deterministic-ShortestPath-4x4-FrozenLake-v0,qppo-Hgog-qlr1.0e-3,Hgog,30
0.00025,0.001,0.03526339679956436,-0.0011853165924549103,1.270911455154419,0.003737267106771469,-0.0007162247784435749,3.595603629946709e-05,0.0,0.2958947420120239,7,1,178688,Deterministic-ShortestPath-4x4-FrozenLake-v0,qppo-Hgog-qlr1.0e-3,Hgog,30
0.00025,0.001,0.03113485872745514,-0.0004994794726371765,1.2726173400878906,0.0023417770862579346,-0.0002301093190908432,3.752298653125763e-06,0.0,0.34156352281570435,7,1,179200,Deterministic-ShortestPath-4x4-FrozenLake-v0,qppo-Hgog-qlr1.0e-3,Hgog,30
0.00025,0.001,0.01704542711377144,-0.0005032848566770554,1.2834900617599487,-0.004815471358597279,0.001019403338432312,4.499359056353569e-05,0.0,0.16509944200515747,7,1,179712,Deterministic-ShortestPath-4x4-FrozenLake-v0,qppo-Hgog-qlr1.0e-3,Hgog,30
0.00025,0.001,0.010805360972881317,-7.497891783714294e-05,1.2799443006515503,-0.007471741177141666,-0.0004376377910375595,3.9264559745788574e-05,0.0,0.1967029571533203,7,1,180224,Deterministic-ShortestPath-4x4-FrozenLake-v0,qppo-Hgog-qlr1.0e-3,Hgog,30
0.00025,0.001,0.02971690148115158,0.0007610805332660675,1.2635327577590942,0.0029842043295502663,0.0006734384223818779,4.302244633436203e-05,0.0,0.36101293563842773,7,1,180736,Deterministic-ShortestPath-4x4-FrozenLake-v0,qppo-Hgog-qlr1.0e-3,Hgog,30
0.00025,0.001,0.005268613807857037,0.0009533856064081192,1.283278465270996,-0.009245092049241066,0.0005817082710564137,2.5237444788217545e-05,0.0,-0.16758263111114502,7,1,181248,Deterministic-ShortestPath-4x4-FrozenLake-v0,qppo-Hgog-qlr1.0e-3,Hgog,30
0.00025,0.001,0.011249695904552937,-5.7306140661239624e-05,1.266032099723816,-0.007092779036611319,0.00028414931148290634,1.0328367352485657e-06,0.0,0.30470722913742065,7,1,181760,Deterministic-ShortestPath-4x4-FrozenLake-v0,qppo-Hgog-qlr1.0e-3,Hgog,30
0.00025,0.001,0.012355323880910873,-0.0010510385036468506,1.2885205745697021,-0.0077585820108652115,0.0007164254784584045,2.044951543211937e-05,0.0,0.22589170932769775,7,1,182272,Deterministic-ShortestPath-4x4-FrozenLake-v0,qppo-Hgog-qlr1.0e-3,Hgog,30
0.00025,0.001,0.02868654951453209,-9.262189269065857e-05,1.2325294017791748,0.0019253594800829887,0.00019918661564588547,7.86641612648964e-06,0.0,0.272102415561676,7,1,182784,Deterministic-ShortestPath-4x4-FrozenLake-v0,qppo-Hgog-qlr1.0e-3,Hgog,30
0.00025,0.001,0.002748975297436118,-1.2200325727462769e-05,1.283645749092102,-0.011474169790744781,3.871554508805275e-05,2.998858690261841e-07,0.0,0.27459830045700073,7,1,183296,Deterministic-ShortestPath-4x4-FrozenLake-v0,qppo-Hgog-qlr1.0e-3,Hgog,30
0.00025,0.001,0.0006801583804190159,-0.00024833157658576965,1.2846720218658447,-0.012754972092807293,0.0008348780684173107,9.19681042432785e-06,0.0,-4.604355812072754,7,1,183808,Deterministic-ShortestPath-4x4-FrozenLake-v0,qppo-Hgog-qlr1.0e-3,Hgog,30
0.00025,0.001,0.020494427531957626,-2.9920600354671478e-05,1.2945213317871094,-0.002727920189499855,-0.0001240191049873829,7.767230272293091e-07,0.0,0.22188860177993774,7,1,184320,Deterministic-ShortestPath-4x4-FrozenLake-v0,qppo-Hgog-qlr1.0e-3,Hgog,30
0.00025,0.001,0.01666545495390892,-0.0004802076146006584,1.2750189304351807,-0.004897668957710266,-0.0005680816248059273,6.137415766716003e-06,0.0,0.2944636344909668,7,1,184832,Deterministic-ShortestPath-4x4-FrozenLake-v0,qppo-Hgog-qlr1.0e-3,Hgog,30
0.00025,0.001,0.02877117693424225,-0.0005703028291463852,1.2665624618530273,0.0011496609076857567,-2.529425546526909e-05,2.044765278697014e-05,0.0,0.4028662443161011,7,1,185344,Deterministic-ShortestPath-4x4-FrozenLake-v0,qppo-Hgog-qlr1.0e-3,Hgog,30
0.00025,0.001,0.047061558812856674,0.00017778202891349792,1.2567393779754639,0.01114116795361042,-0.00023136567324399948,3.2405368983745575e-06,0.0,0.39127200841903687,7,1,185856,Deterministic-ShortestPath-4x4-FrozenLake-v0,qppo-Hgog-qlr1.0e-3,Hgog,30
0.00025,0.001,0.023485299199819565,-0.00023321062326431274,1.2698818445205688,-0.001189379021525383,-0.00014050770550966263,4.1997991502285e-06,0.0,0.3122744560241699,7,1,186368,Deterministic-ShortestPath-4x4-FrozenLake-v0,qppo-Hgog-qlr1.0e-3,Hgog,30
0.00025,0.001,0.011278906837105751,-0.00038024038076400757,1.2728639841079712,-0.007469426840543747,5.0424132496118546e-05,5.168840289115906e-06,0.0,0.46870821714401245,7,1,186880,Deterministic-ShortestPath-4x4-FrozenLake-v0,qppo-Hgog-qlr1.0e-3,Hgog,30
0.00025,0.001,0.02548147737979889,-0.0012452807277441025,1.2449936866760254,-0.0009544789791107178,0.0008539790287613869,2.489471808075905e-05,0.0,0.06206107139587402,7,1,187392,Deterministic-ShortestPath-4x4-FrozenLake-v0,qppo-Hgog-qlr1.0e-3,Hgog,30
0.00025,0.001,0.0260111503303051,7.08363950252533e-06,1.2750234603881836,0.0002624243497848511,0.0011550630442798138,4.601338878273964e-05,0.0,0.28314048051834106,7,1,187904,Deterministic-ShortestPath-4x4-FrozenLake-v0,qppo-Hgog-qlr1.0e-3,Hgog,30
0.00025,0.001,0.0031527045648545027,-0.00020218640565872192,1.2916932106018066,-0.011542766354978085,0.0002727927640080452,4.075467586517334e-06,0.0,-0.039974331855773926,7,1,188416,Deterministic-ShortestPath-4x4-FrozenLake-v0,qppo-Hgog-qlr1.0e-3,Hgog,30
0.00025,0.001,0.0470154844224453,-0.00021601282060146332,1.2488781213760376,0.010802948847413063,7.061939686536789e-05,5.163718014955521e-06,0.0,0.31390243768692017,7,1,188928,Deterministic-ShortestPath-4x4-FrozenLake-v0,qppo-Hgog-qlr1.0e-3,Hgog,30
0.00025,0.001,0.010999464429914951,0.00020307861268520355,1.2838982343673706,-0.007136171218007803,5.09931705892086e-05,1.0184012353420258e-06,0.0,0.32370322942733765,7,1,189440,Deterministic-ShortestPath-4x4-FrozenLake-v0,qppo-Hgog-qlr1.0e-3,Hgog,30
0.00025,0.001,0.02017565816640854,6.653741002082825e-05,1.2615091800689697,-0.002460724674165249,-0.0003631892614066601,5.729496479034424e-06,0.0,0.027815520763397217,7,1,189952,Deterministic-ShortestPath-4x4-FrozenLake-v0,qppo-Hgog-qlr1.0e-3,Hgog,30
0.00025,0.001,0.03547509014606476,-0.0005539655685424805,1.2744300365447998,0.0044392794370651245,1.777801662683487e-05,9.177718311548233e-06,0.0,0.3478778004646301,7,1,190464,Deterministic-ShortestPath-4x4-FrozenLake-v0,qppo-Hgog-qlr1.0e-3,Hgog,30
0.00025,0.001,0.025902021676301956,-0.00011321902275085449,1.2651360034942627,0.0001864321529865265,1.4312565326690674e-05,5.465932190418243e-06,0.0,0.20980113744735718,7,1,190976,Deterministic-ShortestPath-4x4-FrozenLake-v0,qppo-Hgog-qlr1.0e-3,Hgog,30
0.00025,0.001,0.016347765922546387,0.0005543939769268036,1.2674305438995361,-0.003946028649806976,0.00019337190315127373,1.3092998415231705e-05,0.0,0.47825270891189575,7,1,191488,Deterministic-ShortestPath-4x4-FrozenLake-v0,qppo-Hgog-qlr1.0e-3,Hgog,30
0.00025,0.001,0.030851108953356743,0.00020354613661766052,1.28105890750885,0.002818511798977852,0.00022125383839011192,1.4584511518478394e-06,0.0,0.3613045811653137,7,1,192000,Deterministic-ShortestPath-4x4-FrozenLake-v0,qppo-Hgog-qlr1.0e-3,Hgog,30
0.00025,0.001,0.040249839425086975,-0.0004339180886745453,1.269033670425415,0.007000665180385113,0.00022336840629577637,1.5252269804477692e-05,0.0,0.35995805263519287,7,1,192512,Deterministic-ShortestPath-4x4-FrozenLake-v0,qppo-Hgog-qlr1.0e-3,Hgog,30
0.00025,0.001,0.00307546928524971,3.543868660926819e-05,1.2745764255523682,-0.011172590777277946,-0.0005728676915168762,4.124222323298454e-05,0.0,-2.004962682723999,7,1,193024,Deterministic-ShortestPath-4x4-FrozenLake-v0,qppo-Hgog-qlr1.0e-3,Hgog,30
0.00025,0.001,0.028993356972932816,-0.00037237629294395447,1.270350694656372,0.0014207959175109863,-0.0008701197803020477,6.883405148983002e-06,0.0,0.17953938245773315,7,1,193536,Deterministic-ShortestPath-4x4-FrozenLake-v0,qppo-Hgog-qlr1.0e-3,Hgog,30
0.00025,0.001,0.03378073126077652,-5.767121911048889e-05,1.2546645402908325,0.00428604893386364,0.0001143142580986023,4.0046870708465576e-07,0.0,0.26993656158447266,7,1,194048,Deterministic-ShortestPath-4x4-FrozenLake-v0,qppo-Hgog-qlr1.0e-3,Hgog,30
0.00025,0.001,0.015544284135103226,-0.00045478343963623047,1.2865724563598633,-0.005548365414142609,-0.00010840687900781631,1.182500272989273e-05,0.0,0.3020913600921631,7,1,194560,Deterministic-ShortestPath-4x4-FrozenLake-v0,qppo-Hgog-qlr1.0e-3,Hgog,30
0.00025,0.001,0.02398315630853176,-9.900704026222229e-05,1.285772442817688,-0.0009651528671383858,6.756279617547989e-06,5.4105184972286224e-06,0.0,0.2613908052444458,7,1,195072,Deterministic-ShortestPath-4x4-FrozenLake-v0,qppo-Hgog-qlr1.0e-3,Hgog,30
0.00025,0.001,0.03568258136510849,-0.00028264615684747696,1.2751585245132446,0.004807059653103352,-0.00044046947732567787,1.9434839487075806e-05,0.0,0.2746543884277344,7,1,195584,Deterministic-ShortestPath-4x4-FrozenLake-v0,qppo-Hgog-qlr1.0e-3,Hgog,30
0.00025,0.001,0.017754796892404556,-0.0014736820012331009,1.2873896360397339,-0.005470179952681065,0.00113955931738019,4.6848319470882416e-05,0.0,0.4554592967033386,7,1,196096,Deterministic-ShortestPath-4x4-FrozenLake-v0,qppo-Hgog-qlr1.0e-3,Hgog,30
0.00025,0.001,0.011971681378781796,0.0007806606590747833,1.277618646621704,-0.006009684409946203,0.00023404927924275398,1.4791730791330338e-05,0.0,0.26651179790496826,7,1,196608,Deterministic-ShortestPath-4x4-FrozenLake-v0,qppo-Hgog-qlr1.0e-3,Hgog,30
0.00025,0.001,0.012804051861166954,7.157213985919952e-05,1.2517015933990479,-0.006043417379260063,0.00036476412788033485,7.016118615865707e-06,0.0,0.1988700032234192,7,1,197120,Deterministic-ShortestPath-4x4-FrozenLake-v0,qppo-Hgog-qlr1.0e-3,Hgog,30
0.00025,0.001,0.014772379770874977,-2.50241719186306e-05,1.2626080513000488,-0.005264914594590664,-0.00023795198649168015,6.409827619791031e-06,0.0,0.18175017833709717,7,1,197632,Deterministic-ShortestPath-4x4-FrozenLake-v0,qppo-Hgog-qlr1.0e-3,Hgog,30
0.00025,0.001,0.038302790373563766,3.666803240776062e-05,1.2724709510803223,0.006463354453444481,0.0004008803516626358,8.300412446260452e-06,0.0,0.3085099458694458,7,1,198144,Deterministic-ShortestPath-4x4-FrozenLake-v0,qppo-Hgog-qlr1.0e-3,Hgog,30
0.00025,0.001,0.004313823767006397,0.000123544130474329,1.2766858339309692,-0.010486401617527008,-0.0003527626395225525,1.6933772712945938e-05,0.0,0.2734493613243103,7,1,198656,Deterministic-ShortestPath-4x4-FrozenLake-v0,qppo-Hgog-qlr1.0e-3,Hgog,30
0.00025,0.001,0.036062244325876236,-0.0003106333315372467,1.259238362312317,0.005128105171024799,0.0001354222185909748,9.120441973209381e-06,0.0,0.2196088433265686,7,1,199168,Deterministic-ShortestPath-4x4-FrozenLake-v0,qppo-Hgog-qlr1.0e-3,Hgog,30
0.00025,0.001,0.03230751305818558,8.0157071352005e-05,1.279618740081787,0.0034377267584204674,4.516914486885071e-07,9.106006473302841e-06,0.0,0.3904549479484558,7,1,199680,Deterministic-ShortestPath-4x4-FrozenLake-v0,qppo-Hgog-qlr1.0e-3,Hgog,30
0.00025,0.001,0.017027638852596283,-0.0012673744931817055,1.2695441246032715,-0.005448996089398861,2.3120548576116562e-05,1.913541927933693e-05,0.0,0.09927695989608765,7,1,200192,Deterministic-ShortestPath-4x4-FrozenLake-v0,qppo-Hgog-qlr1.0e-3,Hgog,30
0.00025,0.001,0.018431270495057106,0.00010816892609000206,1.2489511966705322,-0.0031657079234719276,-0.0005311388522386551,4.2729079723358154e-06,0.0,0.2248905897140503,7,1,200704,Deterministic-ShortestPath-4x4-FrozenLake-v0,qppo-Hgog-qlr1.0e-3,Hgog,30
0.00025,0.001,0.03757261857390404,-7.265526801347733e-05,1.2808665037155151,0.005904989317059517,-0.00010090041905641556,5.8259349316358566e-05,0.0,0.38873034715652466,7,1,201216,Deterministic-ShortestPath-4x4-FrozenLake-v0,qppo-Hgog-qlr1.0e-3,Hgog,30
0.00025,0.001,0.010580381378531456,0.000774923712015152,1.291471004486084,-0.006849595345556736,0.00022878963500261307,2.030516043305397e-05,0.0,-0.028954744338989258,7,1,201728,Deterministic-ShortestPath-4x4-FrozenLake-v0,qppo-Hgog-qlr1.0e-3,Hgog,30
0.00025,0.001,0.029275061562657356,-0.00024780258536338806,1.286391258239746,0.0015258155763149261,-0.0001554880291223526,3.954721614718437e-05,0.0,0.3054952025413513,7,1,202240,Deterministic-ShortestPath-4x4-FrozenLake-v0,qppo-Hgog-qlr1.0e-3,Hgog,30
0.00025,0.001,0.02040618471801281,-0.0006342846900224686,1.2519110441207886,-0.0029503023251891136,-0.00016339123249053955,2.7038156986236572e-05,0.0,0.23805105686187744,7,1,202752,Deterministic-ShortestPath-4x4-FrozenLake-v0,qppo-Hgog-qlr1.0e-3,Hgog,30
0.00025,0.001,0.011791144497692585,-0.0005904305726289749,1.2632229328155518,-0.007327087689191103,-1.1859461665153503e-05,2.9428862035274506e-05,0.0,0.2567969560623169,7,1,203264,Deterministic-ShortestPath-4x4-FrozenLake-v0,qppo-Hgog-qlr1.0e-3,Hgog,30
0.00025,0.001,0.025898799300193787,-0.0007070265710353851,1.2588400840759277,-0.00034602731466293335,0.0004986990243196487,2.530403435230255e-05,0.0,0.08815199136734009,7,1,203776,Deterministic-ShortestPath-4x4-FrozenLake-v0,qppo-Hgog-qlr1.0e-3,Hgog,30
0.00025,0.001,0.01739538088440895,-0.00045059435069561005,1.2817237377166748,-0.004570141434669495,-0.00035142526030540466,1.3791956007480621e-05,0.0,0.1766478419303894,7,1,204288,Deterministic-ShortestPath-4x4-FrozenLake-v0,qppo-Hgog-qlr1.0e-3,Hgog,30
0.00025,0.001,0.015892643481492996,0.0004082750529050827,1.266850471496582,-0.004313907586038113,-0.0003548255190253258,3.328034654259682e-05,0.0,0.07522928714752197,7,1,204800,Deterministic-ShortestPath-4x4-FrozenLake-v0,qppo-Hgog-qlr1.0e-3,Hgog,30
0.00025,0.001,0.01636636257171631,-0.0009023454040288925,1.2652150392532349,-0.005371314473450184,0.00013590045273303986,5.94044104218483e-06,0.0,0.3952230215072632,7,1,205312,Deterministic-ShortestPath-4x4-FrozenLake-v0,qppo-Hgog-qlr1.0e-3,Hgog,30
0.00025,0.001,0.02078588865697384,-0.0003591105341911316,1.2786880731582642,-0.002753046341240406,4.8201531171798706e-05,3.434531390666962e-05,0.0,0.35049158334732056,7,1,205824,Deterministic-ShortestPath-4x4-FrozenLake-v0,qppo-Hgog-qlr1.0e-3,Hgog,30
0.00025,0.001,0.01693537086248398,-3.4771859645843506e-05,1.2556688785552979,-0.004123775288462639,-0.00011533917859196663,4.546716809272766e-06,0.0,0.3446335792541504,7,1,206336,Deterministic-ShortestPath-4x4-FrozenLake-v0,qppo-Hgog-qlr1.0e-3,Hgog,30
0.00025,0.001,0.0012638445477932692,-0.0005291663110256195,1.2689117193222046,-0.012586361728608608,-0.0004069199785590172,6.352551281452179e-06,0.0,-12.725659370422363,7,1,206848,Deterministic-ShortestPath-4x4-FrozenLake-v0,qppo-Hgog-qlr1.0e-3,Hgog,30
0.00025,0.001,0.020333316177129745,0.00010527763515710831,1.2601383924484253,-0.002329448238015175,0.0004746410995721817,7.406342774629593e-06,0.0,0.28458356857299805,7,1,207360,Deterministic-ShortestPath-4x4-FrozenLake-v0,qppo-Hgog-qlr1.0e-3,Hgog,30
0.00025,0.001,0.02819528803229332,-0.0006614383310079575,1.264539122581482,0.0007908148691058159,-0.0008640061132609844,3.163190558552742e-05,0.0,0.39377808570861816,7,1,207872,Deterministic-ShortestPath-4x4-FrozenLake-v0,qppo-Hgog-qlr1.0e-3,Hgog,30
0.00025,0.001,0.032552119344472885,-0.0008771531283855438,1.2689220905303955,0.0027096858248114586,-3.444543108344078e-05,3.595324233174324e-05,0.0,0.3047329783439636,7,1,208384,Deterministic-ShortestPath-4x4-FrozenLake-v0,qppo-Hgog-qlr1.0e-3,Hgog,30
0.00025,0.001,0.04402424022555351,-0.00023378804326057434,1.2574658393859863,0.009203674271702766,-0.00024577975273132324,3.967899829149246e-06,0.0,0.25866466760635376,7,1,208896,Deterministic-ShortestPath-4x4-FrozenLake-v0,qppo-Hgog-qlr1.0e-3,Hgog,30
0.00025,0.001,0.03429798781871796,-0.00065578892827034,1.2667853832244873,0.003825351595878601,-0.0006141969934105873,2.9931776225566864e-05,0.0,0.2083984613418579,7,1,209408,Deterministic-ShortestPath-4x4-FrozenLake-v0,qppo-Hgog-qlr1.0e-3,Hgog,30
0.00025,0.001,0.015015363693237305,-3.285706043243408e-06,1.2664494514465332,-0.00516009796410799,0.00021482538431882858,4.191417247056961e-06,0.0,0.22534286975860596,7,1,209920,Deterministic-ShortestPath-4x4-FrozenLake-v0,qppo-Hgog-qlr1.0e-3,Hgog,30
0.00025,0.001,0.03360377997159958,-0.0014253370463848114,1.266103982925415,0.0027155131101608276,0.0016201646067202091,7.81952403485775e-05,0.0,0.28375840187072754,7,1,210432,Deterministic-ShortestPath-4x4-FrozenLake-v0,qppo-Hgog-qlr1.0e-3,Hgog,30
0.00025,0.001,0.02332969754934311,-0.0008356149774044752,1.2684564590454102,-0.001855330541729927,-0.00025455933064222336,2.2648368030786514e-05,0.0,0.3403264880180359,7,1,210944,Deterministic-ShortestPath-4x4-FrozenLake-v0,qppo-Hgog-qlr1.0e-3,Hgog,30
0.00025,0.001,0.02715434320271015,-0.0001685749739408493,1.2967396974563599,0.0004412000998854637,0.0001369854435324669,1.6076024621725082e-05,0.0,0.22746241092681885,7,1,211456,Deterministic-ShortestPath-4x4-FrozenLake-v0,qppo-Hgog-qlr1.0e-3,Hgog,30
0.00025,0.001,0.031135646626353264,0.000337713398039341,1.2845169305801392,0.00306036788970232,-0.0008881557732820511,3.8747675716876984e-05,0.0,0.2792428731918335,7,1,211968,Deterministic-ShortestPath-4x4-FrozenLake-v0,qppo-Hgog-qlr1.0e-3,Hgog,30
0.00025,0.001,0.013250619173049927,0.00037729740142822266,1.2737839221954346,-0.005735231563448906,-0.0006616939790546894,1.5148892998695374e-05,0.0,0.3561002016067505,7,1,212480,Deterministic-ShortestPath-4x4-FrozenLake-v0,qppo-Hgog-qlr1.0e-3,Hgog,30
0.00025,0.001,0.022939739748835564,-0.00041814055293798447,1.288008451461792,-0.0018283547833561897,-0.00022629322484135628,4.151836037635803e-06,0.0,0.35889172554016113,7,1,212992,Deterministic-ShortestPath-4x4-FrozenLake-v0,qppo-Hgog-qlr1.0e-3,Hgog,30
0.00025,0.001,0.03633897379040718,-0.0005471706390380859,1.2759323120117188,0.004862993024289608,0.00018684472888708115,1.9984785467386246e-05,0.0,0.10931754112243652,7,1,213504,Deterministic-ShortestPath-4x4-FrozenLake-v0,qppo-Hgog-qlr1.0e-3,Hgog,30
0.00025,0.001,0.01387395616620779,-9.402632713317871e-06,1.2611685991287231,-0.0056841098703444,0.00024983054026961327,7.636845111846924e-06,0.0,0.2998672127723694,7,1,214016,Deterministic-ShortestPath-4x4-FrozenLake-v0,qppo-Hgog-qlr1.0e-3,Hgog,30
0.00025,0.001,0.004929912276566029,-0.00013373978435993195,1.2542173862457275,-0.010210957378149033,-0.00037696026265621185,4.357052966952324e-05,0.0,-6.218730926513672,7,1,214528,Deterministic-ShortestPath-4x4-FrozenLake-v0,qppo-Hgog-qlr1.0e-3,Hgog,30
0.00025,0.001,0.010234265588223934,0.00018370198085904121,1.2492802143096924,-0.007191967684775591,-0.0012814966030418873,3.875885158777237e-05,0.0,0.17823410034179688,7,1,215040,Deterministic-ShortestPath-4x4-FrozenLake-v0,qppo-Hgog-qlr1.0e-3,Hgog,30
0.00025,0.001,0.008762994781136513,-0.0002024620771408081,1.2541242837905884,-0.008362207561731339,0.0001734658144414425,1.9245781004428864e-06,0.0,0.2778160572052002,7,1,215552,Deterministic-ShortestPath-4x4-FrozenLake-v0,qppo-Hgog-qlr1.0e-3,Hgog,30
0.00025,0.001,0.010197091847658157,-0.000239446759223938,1.2630149126052856,-0.007771049626171589,0.0003036176785826683,5.630776286125183e-06,0.0,0.45917659997940063,7,1,216064,Deterministic-ShortestPath-4x4-FrozenLake-v0,qppo-Hgog-qlr1.0e-3,Hgog,30
0.00025,0.001,0.015495414845645428,-3.171898424625397e-05,1.2887518405914307,-0.005171529483050108,-0.0006139753386378288,1.0677147656679153e-05,0.0,0.31012052297592163,7,1,216576,Deterministic-ShortestPath-4x4-FrozenLake-v0,qppo-Hgog-qlr1.0e-3,Hgog,30
0.00025,0.001,0.04322478175163269,-0.00014687329530715942,1.2719086408615112,0.008746431209146976,-0.0004878705367445946,3.822147846221924e-06,0.0,0.22520333528518677,7,1,217088,Deterministic-ShortestPath-4x4-FrozenLake-v0,qppo-Hgog-qlr1.0e-3,Hgog,30
0.00025,0.001,0.016473399475216866,-0.00030914507806301117,1.2889044284820557,-0.004961489699780941,0.00038885464891791344,5.222391337156296e-06,0.0,0.40494805574417114,7,1,217600,Deterministic-ShortestPath-4x4-FrozenLake-v0,qppo-Hgog-qlr1.0e-3,Hgog,30
0.00025,0.001,0.010985052213072777,0.00011178059503436089,1.2657743692398071,-0.007053435780107975,-0.00013874145224690437,4.035886377096176e-06,0.0,-0.18374931812286377,7,1,218112,Deterministic-ShortestPath-4x4-FrozenLake-v0,qppo-Hgog-qlr1.0e-3,Hgog,30
0.00025,0.001,0.03560195490717888,-2.5356188416481018e-05,1.2767467498779297,0.0050081536173820496,-0.00017218943685293198,3.579072654247284e-06,0.0,0.34895968437194824,7,1,218624,Deterministic-ShortestPath-4x4-FrozenLake-v0,qppo-Hgog-qlr1.0e-3,Hgog,30
0.00025,0.001,0.011602871119976044,-0.0008351188153028488,1.2752846479415894,-0.007786529138684273,0.00026402901858091354,1.8588267266750336e-05,0.0,-0.10969388484954834,7,1,219136,Deterministic-ShortestPath-4x4-FrozenLake-v0,qppo-Hgog-qlr1.0e-3,Hgog,30
0.00025,0.001,0.023534126579761505,-7.51446932554245e-05,1.2569780349731445,-0.0008778618648648262,-0.00033087749034166336,2.9618851840496063e-05,0.0,0.2505348324775696,7,1,219648,Deterministic-ShortestPath-4x4-FrozenLake-v0,qppo-Hgog-qlr1.0e-3,Hgog,30
0.00025,0.001,0.021965818479657173,0.00053379125893116,1.2813208103179932,-0.0012965071946382523,0.00017688283696770668,1.5189871191978455e-05,0.0,0.2100905179977417,7,1,220160,Deterministic-ShortestPath-4x4-FrozenLake-v0,qppo-Hgog-qlr1.0e-3,Hgog,30
0.00025,0.001,0.0009691660525277257,-0.0010864664800465107,1.2861578464508057,-0.013463460840284824,0.0005190586671233177,2.121366560459137e-05,0.0,-7.022687911987305,7,1,220672,Deterministic-ShortestPath-4x4-FrozenLake-v0,qppo-Hgog-qlr1.0e-3,Hgog,30
0.00025,0.001,0.024735890328884125,0.0001812456175684929,1.2647002935409546,-9.781215339899063e-05,0.00039488961920142174,2.4721026420593262e-05,0.0,0.400995671749115,7,1,221184,Deterministic-ShortestPath-4x4-FrozenLake-v0,qppo-Hgog-qlr1.0e-3,Hgog,30
0.00025,0.001,0.01729329116642475,-0.0005066134035587311,1.2628519535064697,-0.004488486796617508,-0.0005349554121494293,1.841457560658455e-05,0.0,0.17231839895248413,7,1,221696,Deterministic-ShortestPath-4x4-FrozenLake-v0,qppo-Hgog-qlr1.0e-3,Hgog,30
0.00025,0.001,0.018892105668783188,-0.00012449920177459717,1.2586697340011597,-0.003265143372118473,2.5970395654439926e-05,9.258277714252472e-06,0.0,0.27656835317611694,7,1,222208,Deterministic-ShortestPath-4x4-FrozenLake-v0,qppo-Hgog-qlr1.0e-3,Hgog,30
0.00025,0.001,0.023132141679525375,-0.00013582222163677216,1.2735569477081299,-0.0013053203001618385,7.345853373408318e-05,2.4405308067798615e-06,0.0,0.2468264102935791,7,1,222720,Deterministic-ShortestPath-4x4-FrozenLake-v0,qppo-Hgog-qlr1.0e-3,Hgog,30
0.00025,0.001,0.01897580549120903,-9.081140160560608e-05,1.2650716304779053,-0.003253624774515629,1.085922122001648e-05,9.593553841114044e-06,0.0,0.23190778493881226,7,1,223232,Deterministic-ShortestPath-4x4-FrozenLake-v0,qppo-Hgog-qlr1.0e-3,Hgog,30
0.00025,0.001,0.009519501589238644,0.0008186586201190948,1.276261806488037,-0.007184207905083895,-0.0005851909518241882,2.660835161805153e-05,0.0,0.3368447422981262,7,1,223744,Deterministic-ShortestPath-4x4-FrozenLake-v0,qppo-Hgog-qlr1.0e-3,Hgog,30
0.00025,0.001,0.021237529814243317,-0.00016150064766407013,1.2556605339050293,-0.002099340781569481,-0.0010849302634596825,2.2497493773698807e-05,0.0,0.11402338743209839,7,1,224256,Deterministic-ShortestPath-4x4-FrozenLake-v0,qppo-Hgog-qlr1.0e-3,Hgog,30
0.00025,0.001,0.010225391946732998,0.00018719583749771118,1.264021396636963,-0.007340321782976389,-0.0005439217202365398,8.804723620414734e-06,0.0,0.48002123832702637,7,1,224768,Deterministic-ShortestPath-4x4-FrozenLake-v0,qppo-Hgog-qlr1.0e-3,Hgog,30
0.00025,0.001,0.018067603930830956,-0.00022596493363380432,1.2436368465423584,-0.0036285314708948135,4.276866093277931e-05,5.329493433237076e-06,0.0,0.24328988790512085,7,1,225280,Deterministic-ShortestPath-4x4-FrozenLake-v0,qppo-Hgog-qlr1.0e-3,Hgog,30
0.00025,0.001,0.013329438865184784,6.139092147350311e-05,1.2713583707809448,-0.005987472832202911,0.00022206688299775124,2.9443763196468353e-06,0.0,0.4575902819633484,7,1,225792,Deterministic-ShortestPath-4x4-FrozenLake-v0,qppo-Hgog-qlr1.0e-3,Hgog,30
0.00025,0.001,0.010044712573289871,0.00014450401067733765,1.2634243965148926,-0.007467383518815041,-0.000478274654597044,5.22146001458168e-06,0.0,0.12762320041656494,7,1,226304,Deterministic-ShortestPath-4x4-FrozenLake-v0,qppo-Hgog-qlr1.0e-3,Hgog,30
0.00025,0.001,0.03189024701714516,2.553313970565796e-05,1.2607579231262207,0.0033630775287747383,-0.00039153406396508217,9.296461939811707e-06,0.0,0.23403042554855347,7,1,226816,Deterministic-ShortestPath-4x4-FrozenLake-v0,qppo-Hgog-qlr1.0e-3,Hgog,30
0.00025,0.001,0.03808891400694847,-0.00033830106258392334,1.2667484283447266,0.006038672290742397,0.0016519748605787754,4.641292616724968e-05,0.0,0.27905189990997314,7,1,227328,Deterministic-ShortestPath-4x4-FrozenLake-v0,qppo-Hgog-qlr1.0e-3,Hgog,30
0.00025,0.001,0.007946301251649857,-0.0002841353416442871,1.291243553161621,-0.009223420172929764,0.0008572777733206749,4.052743315696716e-05,0.0,0.3835625648498535,7,1,227840,Deterministic-ShortestPath-4x4-FrozenLake-v0,qppo-Hgog-qlr1.0e-3,Hgog,30
0.00025,0.001,0.022012023255228996,-0.00039989035576581955,1.2499587535858154,-0.0018934663385152817,-0.00024318508803844452,6.5569765865802765e-06,0.0,0.30437028408050537,7,1,228352,Deterministic-ShortestPath-4x4-FrozenLake-v0,qppo-Hgog-qlr1.0e-3,Hgog,30
0.00025,0.001,0.019206076860427856,-0.002527037635445595,1.2638897895812988,-0.005562896840274334,0.0007461844943463802,4.39351424574852e-05,0.0,0.3252093195915222,7,1,228864,Deterministic-ShortestPath-4x4-FrozenLake-v0,qppo-Hgog-qlr1.0e-3,Hgog,30
0.00025,0.001,0.005333204288035631,0.0003075525164604187,1.2732807397842407,-0.009758653119206429,0.00015153409913182259,3.173109143972397e-05,0.0,0.4122612476348877,7,1,229376,Deterministic-ShortestPath-4x4-FrozenLake-v0,qppo-Hgog-qlr1.0e-3,Hgog,30
0.00025,0.001,0.02368723414838314,-4.36343252658844e-05,1.2610723972320557,-0.000810740515589714,0.0002880999818444252,8.741859346628189e-06,0.0,0.0914124846458435,7,1,229888,Deterministic-ShortestPath-4x4-FrozenLake-v0,qppo-Hgog-qlr1.0e-3,Hgog,30
0.00025,0.001,0.03738943114876747,-0.00011618435382843018,1.2516440153121948,0.006062091328203678,0.0005341707728803158,5.597248673439026e-06,0.0,0.2824776768684387,7,1,230400,Deterministic-ShortestPath-4x4-FrozenLake-v0,qppo-Hgog-qlr1.0e-3,Hgog,30
0.00025,0.001,0.008827762678265572,0.00015919283032417297,1.2507798671722412,-0.007934723980724812,-0.00011616945266723633,3.655441105365753e-06,0.0,0.1954193115234375,7,1,230912,Deterministic-ShortestPath-4x4-FrozenLake-v0,qppo-Hgog-qlr1.0e-3,Hgog,30
0.00025,0.001,0.02401069365441799,-0.00016033276915550232,1.2706834077835083,-0.0008618198335170746,-0.0006629829294979572,2.5448855012655258e-05,0.0,0.30976802110671997,7,1,231424,Deterministic-ShortestPath-4x4-FrozenLake-v0,qppo-Hgog-qlr1.0e-3,Hgog,30
0.00025,0.001,0.02191764861345291,-0.002111980691552162,1.2685081958770752,-0.0038382383063435555,0.0008223899640142918,5.08185476064682e-05,0.0,0.2242867350578308,7,1,231936,Deterministic-ShortestPath-4x4-FrozenLake-v0,qppo-Hgog-qlr1.0e-3,Hgog,30
0.00025,0.001,0.0030914640519768,0.0001068292185664177,1.272723913192749,-0.011074678041040897,-0.00022546201944351196,7.299473509192467e-05,0.0,-15.746528625488281,7,1,232448,Deterministic-ShortestPath-4x4-FrozenLake-v0,qppo-Hgog-qlr1.0e-3,Hgog,30
0.00025,0.001,0.008592214435338974,-0.0003050602972507477,1.2502617835998535,-0.008511570282280445,-0.00014251051470637321,2.514151856303215e-05,0.0,0.43529146909713745,7,1,232960,Deterministic-ShortestPath-4x4-FrozenLake-v0,qppo-Hgog-qlr1.0e-3,Hgog,30
0.00025,0.001,0.03658357635140419,0.0004741307348012924,1.2523881196975708,0.006242037750780582,0.0006127562373876572,9.82312485575676e-06,0.0,0.25099873542785645,7,1,233472,Deterministic-ShortestPath-4x4-FrozenLake-v0,qppo-Hgog-qlr1.0e-3,Hgog,30
0.00025,0.001,0.014752439223229885,-1.1885538697242737e-05,1.2654674053192139,-0.005290339235216379,-0.00014020316302776337,2.941582351922989e-06,0.0,0.1401386260986328,7,1,233984,Deterministic-ShortestPath-4x4-FrozenLake-v0,qppo-Hgog-qlr1.0e-3,Hgog,30
0.00025,0.001,0.04784638062119484,-8.098036050796509e-05,1.2815312147140503,0.0110268983989954,0.0002033221535384655,2.0083971321582794e-06,0.0,0.32917386293411255,7,1,234496,Deterministic-ShortestPath-4x4-FrozenLake-v0,qppo-Hgog-qlr1.0e-3,Hgog,30
0.00025,0.001,0.016688494011759758,-0.0004119453951716423,1.2760053873062134,-0.004827751778066158,-0.0005131778307259083,1.0808464139699936e-05,0.0,0.27708131074905396,7,1,235008,Deterministic-ShortestPath-4x4-FrozenLake-v0,qppo-Hgog-qlr1.0e-3,Hgog,30
0.00025,0.001,0.016081294044852257,-0.00015848875045776367,1.2757329940795898,-0.00487517099827528,0.00036890897899866104,2.4596229195594788e-06,0.0,0.36086541414260864,7,1,235520,Deterministic-ShortestPath-4x4-FrozenLake-v0,qppo-Hgog-qlr1.0e-3,Hgog,30
0.00025,0.001,0.013964896090328693,-0.00011938624083995819,1.2709490060806274,-0.005846428219228983,-1.32732093334198e-05,2.50060111284256e-07,0.0,0.10757261514663696,7,1,236032,Deterministic-ShortestPath-4x4-FrozenLake-v0,qppo-Hgog-qlr1.0e-3,Hgog,30
0.00025,0.001,0.03945986554026604,-0.00012864405289292336,1.2760778665542603,0.006840510293841362,-2.4940818548202515e-05,2.2975727915763855e-06,0.0,0.21322226524353027,7,1,236544,Deterministic-ShortestPath-4x4-FrozenLake-v0,qppo-Hgog-qlr1.0e-3,Hgog,30
0.00025,0.001,0.04154722020030022,-0.0007312442176043987,1.2634615898132324,0.0074077509343624115,0.00021414412185549736,4.200637340545654e-05,0.0,0.3101162910461426,7,1,237056,Deterministic-ShortestPath-4x4-FrozenLake-v0,qppo-Hgog-qlr1.0e-3,Hgog,30
0.00025,0.001,0.0029161572456359863,0.00024458160623908043,1.2902379035949707,-0.011199718341231346,0.0002473415806889534,1.3937707990407944e-05,0.0,0.23000699281692505,7,1,237568,Deterministic-ShortestPath-4x4-FrozenLake-v0,qppo-Hgog-qlr1.0e-3,Hgog,30
0.00025,0.001,0.026277681812644005,-7.650814950466156e-05,1.2596908807754517,0.0004654238000512123,-6.435532122850418e-05,7.976777851581573e-07,0.0,0.3679729104042053,7,1,238080,Deterministic-ShortestPath-4x4-FrozenLake-v0,qppo-Hgog-qlr1.0e-3,Hgog,30
0.00025,0.001,0.035549309104681015,-0.0003283694386482239,1.2835125923156738,0.004611159674823284,-0.0002509457990527153,3.9869919419288635e-05,0.0,0.34175723791122437,7,1,238592,Deterministic-ShortestPath-4x4-FrozenLake-v0,qppo-Hgog-qlr1.0e-3,Hgog,30
0.00025,0.001,0.02778053469955921,-0.00028599053621292114,1.250272274017334,0.0011015543714165688,-8.598156273365021e-05,1.5950296074151993e-05,0.0,0.2691236734390259,7,1,239104,Deterministic-ShortestPath-4x4-FrozenLake-v0,qppo-Hgog-qlr1.0e-3,Hgog,30
0.00025,0.001,0.046247877180576324,-0.0002856282517313957,1.2741444110870361,0.010096866637468338,-7.522664964199066e-05,7.82497227191925e-06,0.0,0.26520800590515137,7,1,239616,Deterministic-ShortestPath-4x4-FrozenLake-v0,qppo-Hgog-qlr1.0e-3,Hgog,30
0.00025,0.001,0.01789894513785839,-5.08725643157959e-05,1.2713817358016968,-0.0038152169436216354,0.00010785460472106934,6.882473826408386e-07,0.0,0.33177751302719116,7,1,240128,Deterministic-ShortestPath-4x4-FrozenLake-v0,qppo-Hgog-qlr1.0e-3,Hgog,30
0.00025,0.001,0.019852913916110992,-0.00027475506067276,1.274975299835205,-0.0030980510637164116,-0.0003317813389003277,8.600763976573944e-06,0.0,0.24357205629348755,7,1,240640,Deterministic-ShortestPath-4x4-FrozenLake-v0,qppo-Hgog-qlr1.0e-3,Hgog,30
0.00025,0.001,0.030123168602585793,-0.00018397904932498932,1.267359972000122,0.0022040056064724922,0.00020307395607233047,8.04755836725235e-06,0.0,0.36849379539489746,7,1,241152,Deterministic-ShortestPath-4x4-FrozenLake-v0,qppo-Hgog-qlr1.0e-3,Hgog,30
0.00025,0.001,0.014709819108247757,-0.00017944537103176117,1.2819797992706299,-0.005644333548843861,0.00061021838337183,4.981178790330887e-06,0.0,-0.5050108432769775,7,1,241664,Deterministic-ShortestPath-4x4-FrozenLake-v0,qppo-Hgog-qlr1.0e-3,Hgog,30
0.00025,0.001,0.0430280901491642,-0.0004047676920890808,1.279130458831787,0.008317973464727402,7.290299981832504e-05,1.2266915291547775e-05,0.0,0.2621104121208191,7,1,242176,Deterministic-ShortestPath-4x4-FrozenLake-v0,qppo-Hgog-qlr1.0e-3,Hgog,30
0.00025,0.001,0.0466766320168972,-0.0004477463662624359,1.2637900114059448,0.01025266945362091,-0.0006124796345829964,1.808255910873413e-05,0.0,0.34327465295791626,7,1,242688,Deterministic-ShortestPath-4x4-FrozenLake-v0,qppo-Hgog-qlr1.0e-3,Hgog,30
0.00025,0.001,0.01710490509867668,-2.8034672141075134e-05,1.2646839618682861,-0.004122421145439148,0.000643688254058361,1.32010318338871e-05,0.0,0.326546311378479,7,1,243200,Deterministic-ShortestPath-4x4-FrozenLake-v0,qppo-Hgog-qlr1.0e-3,Hgog,30
0.00025,0.001,0.00925223995000124,-0.000250447541475296,1.2556114196777344,-0.008180441334843636,0.00015217112377285957,6.33513554930687e-05,0.0,-9.970926284790039,7,1,243712,Deterministic-ShortestPath-4x4-FrozenLake-v0,qppo-Hgog-qlr1.0e-3,Hgog,30
0.00025,0.001,0.015675773844122887,5.3085386753082275e-06,1.2710741758346558,-0.004867546260356903,1.1304859071969986e-05,3.8603320717811584e-07,0.0,0.2104029655456543,7,1,244224,Deterministic-ShortestPath-4x4-FrozenLake-v0,qppo-Hgog-qlr1.0e-3,Hgog,30
0.00025,0.001,0.03293696790933609,-0.00043001770973205566,1.2661159038543701,0.003377307206392288,0.0004628240130841732,2.81468965113163e-05,0.0,0.32243812084198,7,1,244736,Deterministic-ShortestPath-4x4-FrozenLake-v0,qppo-Hgog-qlr1.0e-3,Hgog,30
0.00025,0.001,0.016560042276978493,0.00029478222131729126,1.2877122163772583,-0.004302318207919598,-0.00044914335012435913,7.302500307559967e-06,0.0,0.4219803810119629,7,1,245248,Deterministic-ShortestPath-4x4-FrozenLake-v0,qppo-Hgog-qlr1.0e-3,Hgog,30
0.00025,0.001,0.055437520146369934,-0.002978656440973282,1.2625904083251953,0.012114199809730053,-0.0014316379092633724,9.375717490911484e-05,0.0,0.3636382222175598,7,1,245760,Deterministic-ShortestPath-4x4-FrozenLake-v0,qppo-Hgog-qlr1.0e-3,Hgog,30
0.00025,0.001,0.04097088426351547,2.9783695936203003e-06,1.2761412858963013,0.0077270083129405975,0.0005045831203460693,2.1534506231546402e-05,0.0,0.3110048770904541,7,1,246272,Deterministic-ShortestPath-4x4-FrozenLake-v0,qppo-Hgog-qlr1.0e-3,Hgog,30
0.00025,0.001,0.04549409821629524,-0.00039960257709026337,1.2708204984664917,0.009639241732656956,0.0002466300502419472,5.972106009721756e-06,0.0,0.16332226991653442,7,1,246784,Deterministic-ShortestPath-4x4-FrozenLake-v0,qppo-Hgog-qlr1.0e-3,Hgog,30
0.00025,0.001,0.03183062747120857,-0.0001292899250984192,1.2862564325332642,0.0029234597459435463,-0.00037210481241345406,1.3956800103187561e-05,0.0,0.3069607615470886,7,1,247296,Deterministic-ShortestPath-4x4-FrozenLake-v0,qppo-Hgog-qlr1.0e-3,Hgog,30
0.00025,0.001,0.015397352166473866,-0.0001059453934431076,1.2634953260421753,-0.005042221862822771,-0.0009061531163752079,3.0320603400468826e-05,0.0,0.2188969850540161,7,1,247808,Deterministic-ShortestPath-4x4-FrozenLake-v0,qppo-Hgog-qlr1.0e-3,Hgog,30
0.00025,0.001,0.01853771321475506,-0.00013931840658187866,1.2813115119934082,-0.0036835763603448868,-0.0002542799338698387,9.877141565084457e-06,0.0,0.3391941785812378,7,1,248320,Deterministic-ShortestPath-4x4-FrozenLake-v0,qppo-Hgog-qlr1.0e-3,Hgog,30
0.00025,0.001,0.026394302025437355,-8.607283234596252e-05,1.2691961526870728,0.0004191165789961815,-0.00014051375910639763,1.375097781419754e-06,0.0,0.41970956325531006,7,1,248832,Deterministic-ShortestPath-4x4-FrozenLake-v0,qppo-Hgog-qlr1.0e-3,Hgog,30
0.00025,0.001,0.02951413206756115,-1.598149538040161e-05,1.276291012763977,0.0019781747832894325,-0.00018701283261179924,3.2708048820495605e-06,0.0,0.20464205741882324,7,1,249344,Deterministic-ShortestPath-4x4-FrozenLake-v0,qppo-Hgog-qlr1.0e-3,Hgog,30
0.00025,0.001,0.016141455620527267,-0.00029212795197963715,1.286645770072937,-0.005087857134640217,0.0009511965326964855,3.882497549057007e-05,0.0,-0.02527141571044922,7,1,249856,Deterministic-ShortestPath-4x4-FrozenLake-v0,qppo-Hgog-qlr1.0e-3,Hgog,30
0.00025,0.001,0.021936360746622086,1.5249010175466537e-05,1.2779710292816162,-0.0017962809652090073,1.2852251529693604e-07,3.1995587050914764e-06,0.0,0.27014338970184326,7,1,250368,Deterministic-ShortestPath-4x4-FrozenLake-v0,qppo-Hgog-qlr1.0e-3,Hgog,30
0.00025,0.001,0.023207927122712135,-0.0011783652007579803,1.2658778429031372,-0.0022331802174448967,7.538404315710068e-05,7.284758612513542e-05,0.0,0.20924901962280273,7,1,250880,Deterministic-ShortestPath-4x4-FrozenLake-v0,qppo-Hgog-qlr1.0e-3,Hgog,30
0.00025,0.001,0.034828659147024155,-0.0004804879426956177,1.2644003629684448,0.00428983848541975,7.17449001967907e-05,3.304937854409218e-05,0.0,0.3001548647880554,7,1,251392,Deterministic-ShortestPath-4x4-FrozenLake-v0,qppo-Hgog-qlr1.0e-3,Hgog,30
0.00025,0.001,0.023024389520287514,9.088590741157532e-05,1.2797621488571167,-0.001194540411233902,-0.00022454699501395226,1.4100223779678345e-06,0.0,0.329559326171875,7,1,251904,Deterministic-ShortestPath-4x4-FrozenLake-v0,qppo-Hgog-qlr1.0e-3,Hgog,30
0.00025,0.001,0.037918221205472946,-0.0005030836910009384,1.2760123014450073,0.005695904605090618,0.00036684097722172737,5.208747461438179e-05,0.0,0.31336480379104614,7,1,252416,Deterministic-ShortestPath-4x4-FrozenLake-v0,qppo-Hgog-qlr1.0e-3,Hgog,30
0.00025,0.001,0.0198899544775486,-0.0007492247968912125,1.2750107049942017,-0.0035543544217944145,0.0009589600376784801,3.977399319410324e-05,0.0,0.3234010934829712,7,1,252928,Deterministic-ShortestPath-4x4-FrozenLake-v0,qppo-Hgog-qlr1.0e-3,Hgog,30
0.00025,0.001,0.013508624397218227,-0.0011614775285124779,1.2684612274169922,-0.007091776933521032,-0.0005534207448363304,1.8505845218896866e-05,0.0,0.23278504610061646,7,1,253440,Deterministic-ShortestPath-4x4-FrozenLake-v0,qppo-Hgog-qlr1.0e-3,Hgog,30
0.00025,0.001,0.01660923659801483,-0.002408646047115326,1.2660552263259888,-0.006764579564332962,-0.0002542790025472641,4.074070602655411e-05,0.0,0.12364381551742554,7,1,253952,Deterministic-ShortestPath-4x4-FrozenLake-v0,qppo-Hgog-qlr1.0e-3,Hgog,30
0.00025,0.001,0.014277542009949684,-0.00033794716000556946,1.272625207901001,-0.005925428122282028,-0.00044773053377866745,1.2359116226434708e-05,0.0,0.48850321769714355,7,1,254464,Deterministic-ShortestPath-4x4-FrozenLake-v0,qppo-Hgog-qlr1.0e-3,Hgog,30
0.00025,0.001,0.04419049248099327,-8.396431803703308e-05,1.26190984249115,0.00939218420535326,-8.381903171539307e-09,7.090158760547638e-06,0.0,0.25149738788604736,7,1,254976,Deterministic-ShortestPath-4x4-FrozenLake-v0,qppo-Hgog-qlr1.0e-3,Hgog,30
0.00025,0.001,0.019153328612446785,-0.00031061843037605286,1.279271125793457,-0.0035266652703285217,0.0010207006707787514,5.224253982305527e-05,0.0,0.24058353900909424,7,1,255488,Deterministic-ShortestPath-4x4-FrozenLake-v0,qppo-Hgog-qlr1.0e-3,Hgog,30
0.00025,0.001,0.02453799545764923,0.0006446577608585358,1.2876198291778564,3.7457793951034546e-05,0.0005317726172506809,5.714455619454384e-05,0.0,0.19776839017868042,7,1,256000,Deterministic-ShortestPath-4x4-FrozenLake-v0,qppo-Hgog-qlr1.0e-3,Hgog,30
0.00025,0.001,0.019308974966406822,0.0006320737302303314,1.2733542919158936,-0.0024469811469316483,0.0014069834724068642,4.049763083457947e-05,0.0,0.2019559144973755,7,1,256512,Deterministic-ShortestPath-4x4-FrozenLake-v0,qppo-Hgog-qlr1.0e-3,Hgog,30
0.00025,0.001,0.030797608196735382,-0.0003196336328983307,1.2526159286499023,0.002553011290729046,-0.00010689906775951385,2.146279439330101e-05,0.0,0.3009205460548401,7,1,257024,Deterministic-ShortestPath-4x4-FrozenLake-v0,qppo-Hgog-qlr1.0e-3,Hgog,30
0.00025,0.001,0.03364554047584534,-0.0001519918441772461,1.2833632230758667,0.003837146796286106,-0.0002087499015033245,1.0919291526079178e-05,0.0,0.37559187412261963,7,1,257536,Deterministic-ShortestPath-4x4-FrozenLake-v0,qppo-Hgog-qlr1.0e-3,Hgog,30
0.00025,0.001,0.026683980599045753,-0.00024647917598485947,1.2716023921966553,0.00037948787212371826,-0.00041639385744929314,4.127155989408493e-06,0.0,0.3608390688896179,7,1,258048,Deterministic-ShortestPath-4x4-FrozenLake-v0,qppo-Hgog-qlr1.0e-3,Hgog,30
0.00025,0.001,0.018179453909397125,-3.30265611410141e-05,1.2551889419555664,-0.003495188429951668,0.0004959092475473881,1.699943095445633e-05,0.0,0.31920868158340454,7,1,258560,Deterministic-ShortestPath-4x4-FrozenLake-v0,qppo-Hgog-qlr1.0e-3,Hgog,30
0.00025,0.001,0.021388482302427292,-0.00039176736027002335,1.2865982055664062,-0.002563508227467537,9.390385821461678e-05,8.15046951174736e-06,0.0,0.22111016511917114,7,1,259072,Deterministic-ShortestPath-4x4-FrozenLake-v0,qppo-Hgog-qlr1.0e-3,Hgog,30
0.00025,0.001,0.012871472164988518,-0.00036735832691192627,1.2689926624298096,-0.006621548905968666,0.0008151829242706299,1.3230834156274796e-05,0.0,-0.06101083755493164,7,1,259584,Deterministic-ShortestPath-4x4-FrozenLake-v0,qppo-Hgog-qlr1.0e-3,Hgog,30
0.00025,0.001,0.023780494928359985,-7.36825168132782e-05,1.2694114446640015,-0.0008775489404797554,-0.00015773717314004898,1.0421499609947205e-06,0.0,0.2554779648780823,7,1,260096,Deterministic-ShortestPath-4x4-FrozenLake-v0,qppo-Hgog-qlr1.0e-3,Hgog,30
0.00025,0.001,0.01912376470863819,0.00044061988592147827,1.2710713148117065,-0.0027082106098532677,-0.00030218157917261124,2.409331500530243e-05,0.0,0.37833893299102783,7,1,260608,Deterministic-ShortestPath-4x4-FrozenLake-v0,qppo-Hgog-qlr1.0e-3,Hgog,30
0.00025,0.001,0.014647267758846283,-9.611900895833969e-05,1.2765827178955078,-0.0055383117869496346,0.00044115912169218063,5.585141479969025e-06,0.0,0.15768921375274658,7,1,261120,Deterministic-ShortestPath-4x4-FrozenLake-v0,qppo-Hgog-qlr1.0e-3,Hgog,30
0.00025,0.001,0.01780056580901146,6.16852194070816e-05,1.2561386823654175,-0.0035994183272123337,6.084144115447998e-05,7.695052772760391e-06,0.0,0.22623491287231445,7,1,261632,Deterministic-ShortestPath-4x4-FrozenLake-v0,qppo-Hgog-qlr1.0e-3,Hgog,30
0.00025,0.001,0.013970188796520233,-0.00029883161187171936,1.280763864517212,-0.006121375598013401,0.00021237554028630257,5.634501576423645e-06,0.0,0.21808046102523804,7,1,262144,Deterministic-ShortestPath-4x4-FrozenLake-v0,qppo-Hgog-qlr1.0e-3,Hgog,30
0.00025,0.001,0.022963471710681915,-0.0004640091210603714,1.263874888420105,-0.0016210218891501427,0.0005725272931158543,1.2926757335662842e-05,0.0,0.060668110847473145,7,1,262656,Deterministic-ShortestPath-4x4-FrozenLake-v0,qppo-Hgog-qlr1.0e-3,Hgog,30
0.00025,0.001,0.041698478162288666,-0.0003533633425831795,1.2800064086914062,0.007695811800658703,0.0006895088590681553,3.703916445374489e-05,0.0,0.2090105414390564,7,1,263168,Deterministic-ShortestPath-4x4-FrozenLake-v0,qppo-Hgog-qlr1.0e-3,Hgog,30
0.00025,0.001,0.011863799765706062,0.0007394291460514069,1.2707674503326416,-0.006036344915628433,-0.0002996399998664856,2.249283716082573e-05,0.0,-0.06074261665344238,7,1,263680,Deterministic-ShortestPath-4x4-FrozenLake-v0,qppo-Hgog-qlr1.0e-3,Hgog,30
0.00025,0.001,0.017704736441373825,-0.0006725769490003586,1.2840807437896729,-0.0046610161662101746,-0.0006441795267164707,1.0899268090724945e-05,0.0,0.3027459383010864,7,1,264192,Deterministic-ShortestPath-4x4-FrozenLake-v0,qppo-Hgog-qlr1.0e-3,Hgog,30
0.00025,0.001,0.03767561912536621,-9.797513484954834e-07,1.2800014019012451,0.006036816164851189,-0.0007000509649515152,3.811251372098923e-05,0.0,0.3276393413543701,7,1,264704,Deterministic-ShortestPath-4x4-FrozenLake-v0,qppo-Hgog-qlr1.0e-3,Hgog,30
0.00025,0.001,0.018468357622623444,5.2655115723609924e-05,1.2905279397964478,-0.003618445247411728,-0.00016739778220653534,9.01268795132637e-05,0.0,0.24407833814620972,7,1,265216,Deterministic-ShortestPath-4x4-FrozenLake-v0,qppo-Hgog-qlr1.0e-3,Hgog,30
0.00025,0.001,0.007379874121397734,0.00015639513731002808,1.2687286138534546,-0.00884095299988985,0.00034364406019449234,1.1099502444267273e-05,0.0,0.36056989431381226,7,1,265728,Deterministic-ShortestPath-4x4-FrozenLake-v0,qppo-Hgog-qlr1.0e-3,Hgog,30
0.00025,0.001,0.01976611092686653,-0.0008284710347652435,1.2760767936706543,-0.003706183284521103,0.0010395143181085587,2.0041130483150482e-05,0.0,0.08845585584640503,7,1,266240,Deterministic-ShortestPath-4x4-FrozenLake-v0,qppo-Hgog-qlr1.0e-3,Hgog,30
0.00025,0.001,0.011941895820200443,-0.0005561076104640961,1.2758642435073853,-0.007343802135437727,-0.0004453212022781372,9.626615792512894e-06,0.0,0.3660297989845276,7,1,266752,Deterministic-ShortestPath-4x4-FrozenLake-v0,qppo-Hgog-qlr1.0e-3,Hgog,30
0.00025,0.001,0.020870205014944077,0.00019808486104011536,1.2667205333709717,-0.0020340178161859512,-0.0004904512315988541,3.269826993346214e-05,0.0,0.39923566579818726,7,1,267264,Deterministic-ShortestPath-4x4-FrozenLake-v0,qppo-Hgog-qlr1.0e-3,Hgog,30
0.00025,0.001,0.03719748556613922,-0.0004922356456518173,1.2836928367614746,0.005269578658044338,-0.000482210423797369,1.6959384083747864e-05,0.0,0.2679792642593384,7,1,267776,Deterministic-ShortestPath-4x4-FrozenLake-v0,qppo-Hgog-qlr1.0e-3,Hgog,30
0.00025,0.001,0.01845199055969715,-0.001307409256696701,1.287715196609497,-0.004958565346896648,0.0010100379586219788,2.3429282009601593e-05,0.0,0.4486556649208069,7,1,268288,Deterministic-ShortestPath-4x4-FrozenLake-v0,qppo-Hgog-qlr1.0e-3,Hgog,30
0.00025,0.001,0.017727451398968697,0.0005134632810950279,1.2665239572525024,-0.0032880501821637154,-0.001515768002718687,2.7005095034837723e-05,0.0,0.46992790699005127,7,1,268800,Deterministic-ShortestPath-4x4-FrozenLake-v0,qppo-Hgog-qlr1.0e-3,Hgog,30
0.00025,0.001,0.0316615104675293,-0.00017703697085380554,1.2512800693511963,0.003140917979180813,-0.0002364744432270527,2.0388513803482056e-05,0.0,0.3400862216949463,7,1,269312,Deterministic-ShortestPath-4x4-FrozenLake-v0,qppo-Hgog-qlr1.0e-3,Hgog,30
0.00025,0.001,0.01997571624815464,-0.0002462882548570633,1.2707252502441406,-0.0029656821861863136,0.0002146884799003601,5.189329385757446e-06,0.0,0.36750954389572144,7,1,269824,Deterministic-ShortestPath-4x4-FrozenLake-v0,qppo-Hgog-qlr1.0e-3,Hgog,30
0.00025,0.001,0.01037587784230709,-0.0004019811749458313,1.2810559272766113,-0.008024601265788078,-0.0003363564610481262,4.9229711294174194e-06,0.0,0.4196534752845764,7,1,270336,Deterministic-ShortestPath-4x4-FrozenLake-v0,qppo-Hgog-qlr1.0e-3,Hgog,30
0.00025,0.001,0.02487879991531372,-0.0006440691649913788,1.2851592302322388,-0.0010562613606452942,-0.0009388714097440243,1.7669517546892166e-05,0.0,0.24878424406051636,7,1,270848,Deterministic-ShortestPath-4x4-FrozenLake-v0,qppo-Hgog-qlr1.0e-3,Hgog,30
0.00025,0.001,0.03885052353143692,-0.00015230849385261536,1.2764610052108765,0.006508343853056431,2.774316817522049e-05,1.5201978385448456e-05,0.0,0.32433855533599854,7,1,271360,Deterministic-ShortestPath-4x4-FrozenLake-v0,qppo-Hgog-qlr1.0e-3,Hgog,30
0.00025,0.001,0.013153165578842163,-8.000154048204422e-05,1.2785338163375854,-0.006288756616413593,0.00021484866738319397,1.8508173525333405e-05,0.0,-0.0913463830947876,7,1,271872,Deterministic-ShortestPath-4x4-FrozenLake-v0,qppo-Hgog-qlr1.0e-3,Hgog,30
0.00025,0.001,0.010471832007169724,-0.00048541557043790817,1.2843631505966187,-0.008093130774796009,0.00026250164955854416,4.706904292106628e-06,0.0,0.22217386960983276,7,1,272384,Deterministic-ShortestPath-4x4-FrozenLake-v0,qppo-Hgog-qlr1.0e-3,Hgog,30
0.00025,0.001,0.023745933547616005,-0.0007374212145805359,1.2749532461166382,-0.0016139866784214973,-0.00025903573259711266,3.194669261574745e-05,0.0,0.3506466746330261,7,1,272896,Deterministic-ShortestPath-4x4-FrozenLake-v0,qppo-Hgog-qlr1.0e-3,Hgog,30
0.00025,0.001,0.012856504879891872,0.00022542662918567657,1.3045918941497803,-0.00639223912730813,-0.0005250517278909683,1.3640616089105606e-05,0.0,0.4054185152053833,7,1,273408,Deterministic-ShortestPath-4x4-FrozenLake-v0,qppo-Hgog-qlr1.0e-3,Hgog,30
0.00025,0.001,0.032701533287763596,2.8058886528015137e-05,1.2984269857406616,0.0033945562317967415,0.00012702634558081627,5.140900611877441e-06,0.0,0.27404987812042236,7,1,273920,Deterministic-ShortestPath-4x4-FrozenLake-v0,qppo-Hgog-qlr1.0e-3,Hgog,30
0.00025,0.001,0.0117478733882308,-0.0004063509404659271,1.2720762491226196,-0.007253176067024469,-0.0002714917063713074,1.1743977665901184e-05,0.0,0.21796512603759766,7,1,274432,Deterministic-ShortestPath-4x4-FrozenLake-v0,qppo-Hgog-qlr1.0e-3,Hgog,30
0.00025,0.001,0.04021144658327103,-0.00017757341265678406,1.2661497592926025,0.007266652770340443,2.6026740670204163e-05,4.927162081003189e-06,0.0,0.2744476795196533,7,1,274944,Deterministic-ShortestPath-4x4-FrozenLake-v0,qppo-Hgog-qlr1.0e-3,Hgog,30
0.00025,0.001,0.03779679536819458,0.0001145675778388977,1.2636383771896362,0.006376582197844982,0.00011291820555925369,3.5567209124565125e-06,0.0,0.23974347114562988,7,1,275456,Deterministic-ShortestPath-4x4-FrozenLake-v0,qppo-Hgog-qlr1.0e-3,Hgog,30
0.00025,0.001,0.0424315519630909,-0.0007880590856075287,1.2660667896270752,0.007767049595713615,-0.0004528909921646118,1.1189375072717667e-05,0.0,0.15522778034210205,7,1,275968,Deterministic-ShortestPath-4x4-FrozenLake-v0,qppo-Hgog-qlr1.0e-3,Hgog,30
0.00025,0.001,0.014039186760783195,-1.8403399735689163e-05,1.2734131813049316,-0.0057329414412379265,-0.0007688403129577637,1.8903985619544983e-05,0.0,0.4554547071456909,7,1,276480,Deterministic-ShortestPath-4x4-FrozenLake-v0,qppo-Hgog-qlr1.0e-3,Hgog,30
0.00025,0.001,0.04042914882302284,0.000520782545208931,1.2678735256195068,0.008056621998548508,-8.003320544958115e-06,7.46874138712883e-06,0.0,0.3850899934768677,7,1,276992,Deterministic-ShortestPath-4x4-FrozenLake-v0,qppo-Hgog-qlr1.0e-3,Hgog,30
0.00025,0.001,0.042454272508621216,4.5511871576309204e-05,1.2492163181304932,0.008780485019087791,7.551722228527069e-05,5.955807864665985e-07,0.0,0.13448739051818848,7,1,277504,Deterministic-ShortestPath-4x4-FrozenLake-v0,qppo-Hgog-qlr1.0e-3,Hgog,30
0.00025,0.001,0.024622146040201187,-5.836784839630127e-05,1.2874202728271484,-0.000621497631072998,-3.299349918961525e-05,7.166527211666107e-07,0.0,0.4570083022117615,7,1,278016,Deterministic-ShortestPath-4x4-FrozenLake-v0,qppo-Hgog-qlr1.0e-3,Hgog,30
0.00025,0.001,0.01628250628709793,-0.0011231806129217148,1.2779836654663086,-0.005761764012277126,6.544357165694237e-05,6.838236004114151e-06,0.0,0.36642420291900635,7,1,278528,Deterministic-ShortestPath-4x4-FrozenLake-v0,qppo-Hgog-qlr1.0e-3,Hgog,30
0.00025,0.001,0.026722010225057602,0.00011826306581497192,1.2850888967514038,0.0006283791735768318,0.00020759319886565208,6.236135959625244e-06,0.0,-0.001511693000793457,7,1,279040,Deterministic-ShortestPath-4x4-FrozenLake-v0,qppo-Hgog-qlr1.0e-3,Hgog,30
0.00025,0.001,0.026100551709532738,-0.0004340261220932007,1.288773775100708,-0.0002714879810810089,0.00010096048936247826,1.0381452739238739e-05,0.0,0.3503587245941162,7,1,279552,Deterministic-ShortestPath-4x4-FrozenLake-v0,qppo-Hgog-qlr1.0e-3,Hgog,30
0.00025,0.001,0.020541097968816757,-0.0005326215177774429,1.2762258052825928,-0.003024330362677574,0.00031920429319143295,1.5688594430685043e-05,0.0,0.3933592438697815,7,1,280064,Deterministic-ShortestPath-4x4-FrozenLake-v0,qppo-Hgog-qlr1.0e-3,Hgog,30
0.00025,0.001,0.037809886038303375,8.254218846559525e-05,1.2810461521148682,0.006177023984491825,0.0004104580730199814,2.0405277609825134e-06,0.0,0.28800779581069946,7,1,280576,Deterministic-ShortestPath-4x4-FrozenLake-v0,qppo-Hgog-qlr1.0e-3,Hgog,30
0.00025,0.001,0.01729246787726879,-8.602626621723175e-05,1.2732787132263184,-0.004172579385340214,0.00043354788795113564,4.501547664403915e-06,0.0,0.38245445489883423,7,1,281088,Deterministic-ShortestPath-4x4-FrozenLake-v0,qppo-Hgog-qlr1.0e-3,Hgog,30
0.00025,0.001,0.008120207116007805,-7.45849683880806e-06,1.3105907440185547,-0.009053262881934643,-0.0001593688502907753,5.7620927691459656e-06,0.0,0.248765230178833,7,1,281600,Deterministic-ShortestPath-4x4-FrozenLake-v0,qppo-Hgog-qlr1.0e-3,Hgog,30
0.00025,0.001,0.014906804077327251,-0.00015101954340934753,1.2861779928207397,-0.005559397395700216,-0.00015537766739726067,2.964865416288376e-06,0.0,0.26316553354263306,7,1,282112,Deterministic-ShortestPath-4x4-FrozenLake-v0,qppo-Hgog-qlr1.0e-3,Hgog,30
0.00025,0.001,0.01652880385518074,-0.0003063380718231201,1.285782814025879,-0.004899764433503151,0.00019859382882714272,1.7974525690078735e-06,0.0,0.4100428819656372,7,1,282624,Deterministic-ShortestPath-4x4-FrozenLake-v0,qppo-Hgog-qlr1.0e-3,Hgog,30
0.00025,0.001,0.01400984637439251,-0.00020723417401313782,1.286712408065796,-0.006069434806704521,-0.00020962487906217575,1.995125785470009e-05,0.0,0.15197163820266724,7,1,283136,Deterministic-ShortestPath-4x4-FrozenLake-v0,qppo-Hgog-qlr1.0e-3,Hgog,30
0.00025,0.001,0.04124324023723602,-0.00043714046478271484,1.2899456024169922,0.007285024039447308,0.0001245848834514618,1.2388452887535095e-05,0.0,0.2969672679901123,7,1,283648,Deterministic-ShortestPath-4x4-FrozenLake-v0,qppo-Hgog-qlr1.0e-3,Hgog,30
0.00025,0.001,0.010733687318861485,-0.00030839815735816956,1.3132699728012085,-0.008074253797531128,0.0003024796023964882,1.302594318985939e-05,0.0,0.20588535070419312,7,1,284160,Deterministic-ShortestPath-4x4-FrozenLake-v0,qppo-Hgog-qlr1.0e-3,Hgog,30
0.00025,0.001,0.027900205925107002,-8.505582809448242e-05,1.2856409549713135,0.0010086381807923317,-6.157811731100082e-05,7.385388016700745e-07,0.0,0.25922906398773193,7,1,284672,Deterministic-ShortestPath-4x4-FrozenLake-v0,qppo-Hgog-qlr1.0e-3,Hgog,30
0.00025,0.001,0.0017006546258926392,-0.0005093971267342567,1.2944316864013672,-0.01260338630527258,0.0003009932115674019,7.638707756996155e-06,0.0,-0.026205897331237793,7,1,285184,Deterministic-ShortestPath-4x4-FrozenLake-v0,qppo-Hgog-qlr1.0e-3,Hgog,30
0.00025,0.001,0.028718985617160797,8.06679017841816e-05,1.2640584707260132,0.0017995759844779968,0.0004949998110532761,1.118658110499382e-05,0.0,0.19566702842712402,7,1,285696,Deterministic-ShortestPath-4x4-FrozenLake-v0,qppo-Hgog-qlr1.0e-3,Hgog,30
0.00025,0.001,0.02247336134314537,-0.00012651551514863968,1.2892451286315918,-0.0017822859808802605,-2.4263747036457062e-05,1.8658116459846497e-05,0.0,0.2465154528617859,7,1,286208,Deterministic-ShortestPath-4x4-FrozenLake-v0,qppo-Hgog-qlr1.0e-3,Hgog,30
0.00025,0.001,0.002279731910675764,0.00025780871510505676,1.2966593503952026,-0.011568917892873287,-0.00044677965342998505,9.091570973396301e-06,0.0,0.16462302207946777,7,1,286720,Deterministic-ShortestPath-4x4-FrozenLake-v0,qppo-Hgog-qlr1.0e-3,Hgog,30
0.00025,0.001,0.018810030072927475,0.0006058085709810257,1.2933696508407593,-0.0029228730127215385,0.0005096420645713806,1.7355196177959442e-05,0.0,0.21868246793746948,7,1,287232,Deterministic-ShortestPath-4x4-FrozenLake-v0,qppo-Hgog-qlr1.0e-3,Hgog,30
0.00025,0.001,0.02510720305144787,-0.0006718933582305908,1.2955989837646484,-0.001074281521141529,0.0005096420645713806,2.670101821422577e-05,0.0,0.14473748207092285,7,1,287744,Deterministic-ShortestPath-4x4-FrozenLake-v0,qppo-Hgog-qlr1.0e-3,Hgog,30
0.00025,0.001,0.013885683380067348,5.229935050010681e-05,1.2868444919586182,-0.005873303394764662,-0.00025382451713085175,1.9543804228305817e-06,0.0,0.3957210183143616,7,1,288256,Deterministic-ShortestPath-4x4-FrozenLake-v0,qppo-Hgog-qlr1.0e-3,Hgog,30
0.00025,0.001,0.007575213443487883,-0.0002685766667127609,1.277902364730835,-0.009259993210434914,0.0006240918301045895,1.097051426768303e-05,0.0,0.3144122362136841,7,1,288768,Deterministic-ShortestPath-4x4-FrozenLake-v0,qppo-Hgog-qlr1.0e-3,Hgog,30
0.00025,0.001,0.0164438895881176,-0.0001718960702419281,1.305252194404602,-0.005002472549676895,2.337666228413582e-05,1.0724179446697235e-06,0.0,0.27048254013061523,7,1,289280,Deterministic-ShortestPath-4x4-FrozenLake-v0,qppo-Hgog-qlr1.0e-3,Hgog,30
0.00025,0.001,0.037061937153339386,-0.0008302927017211914,1.2795443534851074,0.004905232228338718,-0.0004223617725074291,2.3029744625091553e-05,0.0,0.38955384492874146,7,1,289792,Deterministic-ShortestPath-4x4-FrozenLake-v0,qppo-Hgog-qlr1.0e-3,Hgog,30
0.00025,0.001,0.045501962304115295,-0.0011531617492437363,1.2903553247451782,0.008694266900420189,0.00033250125125050545,4.451395943760872e-05,0.0,0.17407876253128052,7,1,290304,Deterministic-ShortestPath-4x4-FrozenLake-v0,qppo-Hgog-qlr1.0e-3,Hgog,30
0.00025,0.001,0.047717880457639694,-0.00022865645587444305,1.268303394317627,0.010947249829769135,0.0006550345569849014,1.595495268702507e-05,0.0,0.33140575885772705,7,1,290816,Deterministic-ShortestPath-4x4-FrozenLake-v0,qppo-Hgog-qlr1.0e-3,Hgog,30
0.00025,0.001,0.0023927558213472366,-7.509579882025719e-05,1.281549096107483,-0.011694208718836308,-0.00018652528524398804,2.216128632426262e-05,0.0,0.6910013556480408,7,1,291328,Deterministic-ShortestPath-4x4-FrozenLake-v0,qppo-Hgog-qlr1.0e-3,Hgog,30
0.00025,0.001,0.016810446977615356,-0.00023466302081942558,1.289095163345337,-0.00472039170563221,-6.594043225049973e-05,8.468050509691238e-06,0.0,0.20830386877059937,7,1,291840,Deterministic-ShortestPath-4x4-FrozenLake-v0,qppo-Hgog-qlr1.0e-3,Hgog,30
0.00025,0.001,0.028982428833842278,-0.00021941028535366058,1.2928261756896973,0.0013435427099466324,5.232635885477066e-05,4.886649549007416e-06,0.0,0.4062241315841675,7,1,292352,Deterministic-ShortestPath-4x4-FrozenLake-v0,qppo-Hgog-qlr1.0e-3,Hgog,30
0.00025,0.001,0.030786283314228058,-8.167512714862823e-05,1.2872639894485474,0.002438826486468315,-0.0002567041665315628,1.034839078783989e-05,0.0,0.29792678356170654,7,1,292864,Deterministic-ShortestPath-4x4-FrozenLake-v0,qppo-Hgog-qlr1.0e-3,Hgog,30
0.00025,0.001,0.010548804886639118,0.00017629191279411316,1.2999022006988525,-0.007548327092081308,0.00021354015916585922,5.28339296579361e-06,0.0,0.23673397302627563,7,1,293376,Deterministic-ShortestPath-4x4-FrozenLake-v0,qppo-Hgog-qlr1.0e-3,Hgog,30
0.00025,0.001,0.021480731666088104,-0.00037120282649993896,1.2540221214294434,-0.0021710582077503204,-5.285535007715225e-05,9.898096323013306e-06,0.0,0.39687323570251465,7,1,293888,Deterministic-ShortestPath-4x4-FrozenLake-v0,qppo-Hgog-qlr1.0e-3,Hgog,30
0.00025,0.001,0.019351840019226074,0.00013453327119350433,1.2864711284637451,-0.003054257482290268,-0.00037791812792420387,7.14743509888649e-06,0.0,0.14050954580307007,7,1,294400,Deterministic-ShortestPath-4x4-FrozenLake-v0,qppo-Hgog-qlr1.0e-3,Hgog,30
0.00025,0.001,0.020029554143548012,-0.00024036120157688856,1.2793183326721191,-0.003018767572939396,5.168002098798752e-05,3.8244761526584625e-06,0.0,0.1960005760192871,7,1,294912,Deterministic-ShortestPath-4x4-FrozenLake-v0,qppo-Hgog-qlr1.0e-3,Hgog,30
0.00025,0.001,0.008021706715226173,-8.4651168435812e-05,1.2810051441192627,-0.00888384971767664,4.3521635234355927e-05,1.8803402781486511e-06,0.0,0.4476025104522705,7,1,295424,Deterministic-ShortestPath-4x4-FrozenLake-v0,qppo-Hgog-qlr1.0e-3,Hgog,30
0.00025,0.001,0.011367934755980968,-0.0004113540053367615,1.281985878944397,-0.007547244895249605,0.00045668287202715874,8.70460644364357e-06,0.0,0.022761106491088867,7,1,295936,Deterministic-ShortestPath-4x4-FrozenLake-v0,qppo-Hgog-qlr1.0e-3,Hgog,30
0.00025,0.001,0.002516131615266204,1.5022233128547668e-05,1.2843519449234009,-0.011570431292057037,-0.00035990914329886436,2.780463546514511e-06,0.0,0.21467411518096924,7,1,296448,Deterministic-ShortestPath-4x4-FrozenLake-v0,qppo-Hgog-qlr1.0e-3,Hgog,30
0.00025,0.001,0.021041199564933777,-0.0009664520621299744,1.2803153991699219,-0.0032490063458681107,0.00013734959065914154,3.086403012275696e-05,0.0,-0.02026081085205078,7,1,296960,Deterministic-ShortestPath-4x4-FrozenLake-v0,qppo-Hgog-qlr1.0e-3,Hgog,30
0.00025,0.001,0.01747492142021656,-0.0001194290816783905,1.2850998640060425,-0.004232966341078281,0.00017532939091324806,1.1110678315162659e-06,0.0,0.30971115827560425,7,1,297472,Deterministic-ShortestPath-4x4-FrozenLake-v0,qppo-Hgog-qlr1.0e-3,Hgog,30
0.00025,0.001,0.026733769103884697,5.159899592399597e-05,1.290844202041626,0.0005100416019558907,0.00013489648699760437,4.9388036131858826e-06,0.0,0.4177588224411011,7,1,297984,Deterministic-ShortestPath-4x4-FrozenLake-v0,qppo-Hgog-qlr1.0e-3,Hgog,30
0.00025,0.001,0.024283938109874725,7.946416735649109e-05,1.2805970907211304,-0.0005845371633768082,0.0006861756555736065,2.1419022232294083e-05,0.0,0.3332790732383728,7,1,298496,Deterministic-ShortestPath-4x4-FrozenLake-v0,qppo-Hgog-qlr1.0e-3,Hgog,30
0.00025,0.001,0.028577592223882675,-0.00018487684428691864,1.2751215696334839,0.0013527041301131248,0.00038958434015512466,5.039386451244354e-06,0.0,0.1724056601524353,7,1,299008,Deterministic-ShortestPath-4x4-FrozenLake-v0,qppo-Hgog-qlr1.0e-3,Hgog,30
0.00025,0.001,0.0016237229574471712,0.00012671202421188354,1.2773661613464355,-0.011835087090730667,0.0001657642424106598,3.0687078833580017e-06,0.0,-7.488030433654785,7,1,299520,Deterministic-ShortestPath-4x4-FrozenLake-v0,qppo-Hgog-qlr1.0e-3,Hgog,30
0.00025,0.001,0.05266384035348892,-0.00041408464312553406,1.252556324005127,0.013392272405326366,-0.00011793570592999458,1.1811032891273499e-05,0.0,0.4195890426635742,7,1,300032,Deterministic-ShortestPath-4x4-FrozenLake-v0,qppo-Hgog-qlr1.0e-3,Hgog,30
0.00025,0.001,0.011018319055438042,-0.0008081048727035522,1.2812446355819702,-0.008111391216516495,3.6386772990226746e-06,1.1978205293416977e-05,0.0,-12.890496253967285,7,1,300544,Deterministic-ShortestPath-4x4-FrozenLake-v0,qppo-Hgog-qlr1.0e-3,Hgog,30
0.00025,0.001,0.02771451324224472,0.000212840735912323,1.2728984355926514,0.0013411128893494606,-0.0004025348462164402,4.313420504331589e-06,0.0,0.3390042781829834,7,1,301056,Deterministic-ShortestPath-4x4-FrozenLake-v0,qppo-Hgog-qlr1.0e-3,Hgog,30
0.00025,0.001,0.00775288138538599,-0.0005102269351482391,1.2747083902359009,-0.009380869567394257,-6.732158362865448e-05,6.344635039567947e-06,0.0,0.17242974042892456,7,1,301568,Deterministic-ShortestPath-4x4-FrozenLake-v0,qppo-Hgog-qlr1.0e-3,Hgog,30
0.00025,0.001,0.025746934115886688,-0.00014025159180164337,1.2662348747253418,7.08671286702156e-05,0.00023532751947641373,1.507345587015152e-06,0.0,0.32900649309158325,7,1,302080,Deterministic-ShortestPath-4x4-FrozenLake-v0,qppo-Hgog-qlr1.0e-3,Hgog,30
0.00025,0.001,0.016703210771083832,0.00039913132786750793,1.2719813585281372,-0.00396907702088356,-5.512498319149017e-05,1.5965662896633148e-05,0.0,-0.22337782382965088,7,1,302592,Deterministic-ShortestPath-4x4-FrozenLake-v0,qppo-Hgog-qlr1.0e-3,Hgog,30
0.00025,0.001,0.01387778576463461,-0.0006704945117235184,1.2728068828582764,-0.006459670607000589,7.085269317030907e-05,3.0475202947854996e-05,0.0,0.28334325551986694,7,1,303104,Deterministic-ShortestPath-4x4-FrozenLake-v0,qppo-Hgog-qlr1.0e-3,Hgog,30
0.00025,0.001,0.012868204154074192,-0.0004612337797880173,1.2698003053665161,-0.006725134793668985,0.00023459643125534058,2.2936146706342697e-05,0.0,0.4875434637069702,7,1,303616,Deterministic-ShortestPath-4x4-FrozenLake-v0,qppo-Hgog-qlr1.0e-3,Hgog,30
0.00025,0.001,0.00718517554923892,-3.410503268241882e-05,1.2968465089797974,-0.009409981779754162,0.0009642532095313072,1.731235533952713e-05,0.0,0.24447685480117798,7,1,304128,Deterministic-ShortestPath-4x4-FrozenLake-v0,qppo-Hgog-qlr1.0e-3,Hgog,30
0.00025,0.001,0.03683318942785263,0.00022862106561660767,1.2761621475219727,0.00588359497487545,0.00036384351551532745,1.0866206139326096e-05,0.0,0.24984097480773926,7,1,304640,Deterministic-ShortestPath-4x4-FrozenLake-v0,qppo-Hgog-qlr1.0e-3,Hgog,30
0.00025,0.001,0.029856881126761436,-0.0003822711296379566,1.283582329750061,0.0017103468999266624,0.00012451130896806717,1.0021030902862549e-06,0.0,0.30230712890625,7,1,305152,Deterministic-ShortestPath-4x4-FrozenLake-v0,qppo-Hgog-qlr1.0e-3,Hgog,30
0.00025,0.001,0.02961995080113411,-0.0011056624352931976,1.2684406042099,0.001019907183945179,0.0004191780462861061,8.705072104930878e-06,0.0,0.3511979579925537,7,1,305664,Deterministic-ShortestPath-4x4-FrozenLake-v0,qppo-Hgog-qlr1.0e-3,Hgog,30
0.00025,0.001,0.013810476288199425,1.2185424566268921e-05,1.2762598991394043,-0.005845175124704838,-0.00023465324193239212,3.2973475754261017e-06,0.0,0.4719579219818115,7,1,306176,Deterministic-ShortestPath-4x4-FrozenLake-v0,qppo-Hgog-qlr1.0e-3,Hgog,30
0.00025,0.001,0.03757598251104355,0.0004750136286020279,1.2850279808044434,0.00641272496432066,0.0005601728335022926,1.9488856196403503e-05,0.0,0.36595189571380615,7,1,306688,Deterministic-ShortestPath-4x4-FrozenLake-v0,qppo-Hgog-qlr1.0e-3,Hgog,30
0.00025,0.001,0.028872385621070862,7.343478500843048e-05,1.255886197090149,0.001950765959918499,-0.0007267212495207787,9.053386747837067e-06,0.0,0.19888520240783691,7,1,307200,Deterministic-ShortestPath-4x4-FrozenLake-v0,qppo-Hgog-qlr1.0e-3,Hgog,30
0.00025,0.001,0.007629108149558306,-6.943196058273315e-05,1.2810261249542236,-0.00906513910740614,-0.00014245789498090744,1.3659242540597916e-05,0.0,0.18581366539001465,7,1,307712,Deterministic-ShortestPath-4x4-FrozenLake-v0,qppo-Hgog-qlr1.0e-3,Hgog,30
0.00025,0.001,0.010471911169588566,0.0001804828643798828,1.2829009294509888,-0.007412570994347334,0.00042072031646966934,1.060357317328453e-05,0.0,0.14092141389846802,7,1,308224,Deterministic-ShortestPath-4x4-FrozenLake-v0,qppo-Hgog-qlr1.0e-3,Hgog,30
0.00025,0.001,0.010635358281433582,-0.00015131407417356968,1.2886033058166504,-0.007719667162746191,-0.00011684931814670563,5.755573511123657e-07,0.0,0.5431204736232758,7,1,308736,Deterministic-ShortestPath-4x4-FrozenLake-v0,qppo-Hgog-qlr1.0e-3,Hgog,30
0.00025,0.001,0.03250459209084511,-0.0003083590418100357,1.2677886486053467,0.0032660504803061485,0.00015593692660331726,3.880355507135391e-06,0.0,0.22233819961547852,7,1,309248,Deterministic-ShortestPath-4x4-FrozenLake-v0,qppo-Hgog-qlr1.0e-3,Hgog,30
0.00025,0.001,0.000738677685149014,-0.00035521574318408966,1.2796293497085571,-0.012782169505953789,-1.0365620255470276e-05,1.6239937394857407e-05,0.0,0.27062082290649414,7,1,309760,Deterministic-ShortestPath-4x4-FrozenLake-v0,qppo-Hgog-qlr1.0e-3,Hgog,30
0.00025,0.001,0.041070178151130676,-0.0002611447125673294,1.273179054260254,0.00754215382039547,-0.0010052267462015152,4.9318186938762665e-05,0.0,0.2410796880722046,7,1,310272,Deterministic-ShortestPath-4x4-FrozenLake-v0,qppo-Hgog-qlr1.0e-3,Hgog,30
0.00025,0.001,0.04301592707633972,-0.00037548691034317017,1.2881786823272705,0.008250690065324306,0.00023969076573848724,6.895978003740311e-06,0.0,0.33153241872787476,7,1,310784,Deterministic-ShortestPath-4x4-FrozenLake-v0,qppo-Hgog-qlr1.0e-3,Hgog,30
0.00025,0.001,0.018108798190951347,-0.0005815494805574417,1.2880533933639526,-0.004407684318721294,-0.00034188665449619293,1.0853633284568787e-05,0.0,0.2756572365760803,7,1,311296,Deterministic-ShortestPath-4x4-FrozenLake-v0,qppo-Hgog-qlr1.0e-3,Hgog,30
0.00025,0.001,0.02465442754328251,0.0005417149513959885,1.2733937501907349,0.00013499148190021515,0.0008653891272842884,7.661059498786926e-06,0.0,0.29754209518432617,7,1,311808,Deterministic-ShortestPath-4x4-FrozenLake-v0,qppo-Hgog-qlr1.0e-3,Hgog,30
0.00025,0.001,0.01590629108250141,-0.0003109630197286606,1.2754360437393188,-0.005112177692353725,-6.670597940683365e-06,2.025812864303589e-05,0.0,0.31119638681411743,7,1,312320,Deterministic-ShortestPath-4x4-FrozenLake-v0,qppo-Hgog-qlr1.0e-3,Hgog,30
0.00025,0.001,0.02161771059036255,-4.021124914288521e-05,1.275230050086975,-0.0019836556166410446,8.013378828763962e-05,7.618218660354614e-07,0.0,0.11705029010772705,7,1,312832,Deterministic-ShortestPath-4x4-FrozenLake-v0,qppo-Hgog-qlr1.0e-3,Hgog,30
0.00025,0.001,0.015450861304998398,-0.00040075741708278656,1.2694841623306274,-0.005370168015360832,0.00016801804304122925,2.4926848709583282e-06,0.0,0.2996729016304016,7,1,313344,Deterministic-ShortestPath-4x4-FrozenLake-v0,qppo-Hgog-qlr1.0e-3,Hgog,30
0.00025,0.001,0.013687574304640293,-6.624730303883553e-05,1.266746997833252,-0.005889929365366697,-0.00016519008204340935,3.915280103683472e-06,0.0,0.3568047285079956,7,1,313856,Deterministic-ShortestPath-4x4-FrozenLake-v0,qppo-Hgog-qlr1.0e-3,Hgog,30
0.00025,0.001,0.012815308757126331,0.00030126050114631653,1.2657290697097778,-0.005948375444859266,-0.0002099229022860527,2.6405323296785355e-05,0.0,-0.5266213417053223,7,1,314368,Deterministic-ShortestPath-4x4-FrozenLake-v0,qppo-Hgog-qlr1.0e-3,Hgog,30
0.00025,0.001,0.014217639341950417,-0.0005879700183868408,1.2564183473587036,-0.006043333560228348,-0.0004455563612282276,3.46209853887558e-05,0.0,0.3181900978088379,7,1,314880,Deterministic-ShortestPath-4x4-FrozenLake-v0,qppo-Hgog-qlr1.0e-3,Hgog,30
0.00025,0.001,0.008451164700090885,-0.00024093501269817352,1.2752931118011475,-0.00876828283071518,6.251735612750053e-05,3.62517312169075e-06,0.0,0.4353291988372803,7,1,315392,Deterministic-ShortestPath-4x4-FrozenLake-v0,qppo-Hgog-qlr1.0e-3,Hgog,30
0.00025,0.001,0.03924534097313881,-0.00025617703795433044,1.2783201932907104,0.0065832920372486115,-0.0005303970538079739,1.1486466974020004e-05,0.0,0.3002486228942871,7,1,315904,Deterministic-ShortestPath-4x4-FrozenLake-v0,qppo-Hgog-qlr1.0e-3,Hgog,30
0.00025,0.001,0.02541801892220974,0.00014830660074949265,1.2800726890563965,5.6589022278785706e-05,-0.00015138788148760796,1.458916813135147e-06,0.0,0.33412688970565796,7,1,316416,Deterministic-ShortestPath-4x4-FrozenLake-v0,qppo-Hgog-qlr1.0e-3,Hgog,30
0.00025,0.001,0.02421814389526844,-0.00020643509924411774,1.2735649347305298,-0.0008330121636390686,0.00036151614040136337,1.232139766216278e-05,0.0,0.2879405617713928,7,1,316928,Deterministic-ShortestPath-4x4-FrozenLake-v0,qppo-Hgog-qlr1.0e-3,Hgog,30
0.00025,0.001,0.020141739398241043,-0.00025389622896909714,1.2651675939559937,-0.0028347019106149673,-0.00031107477843761444,2.4102628231048584e-06,0.0,0.40034520626068115,7,1,317440,Deterministic-ShortestPath-4x4-FrozenLake-v0,qppo-Hgog-qlr1.0e-3,Hgog,30
0.00025,0.001,0.03331273794174194,-0.0023244526237249374,1.2620772123336792,0.0017111441120505333,0.0004291357472538948,4.1626859456300735e-05,0.0,0.24532032012939453,7,1,317952,Deterministic-ShortestPath-4x4-FrozenLake-v0,qppo-Hgog-qlr1.0e-3,Hgog,30
0.00025,0.001,0.019122321158647537,1.484900712966919e-05,1.281139850616455,-0.003235388547182083,6.496580317616463e-05,1.8300488591194153e-06,0.0,0.05986809730529785,7,1,318464,Deterministic-ShortestPath-4x4-FrozenLake-v0,qppo-Hgog-qlr1.0e-3,Hgog,30
0.00025,0.001,0.016838153824210167,-0.0002057105302810669,1.292696475982666,-0.00471359770745039,-0.000209013931453228,2.400483936071396e-06,0.0,0.26481473445892334,7,1,318976,Deterministic-ShortestPath-4x4-FrozenLake-v0,qppo-Hgog-qlr1.0e-3,Hgog,30
0.00025,0.001,0.027936536818742752,-5.749054253101349e-05,1.283916711807251,0.0010716114193201065,-0.0005250968970358372,1.2492761015892029e-05,0.0,0.3135591745376587,7,1,319488,Deterministic-ShortestPath-4x4-FrozenLake-v0,qppo-Hgog-qlr1.0e-3,Hgog,30
0.00025,0.001,0.02874893881380558,-8.936971426010132e-05,1.2617405652999878,0.0016676941886544228,-0.000834152102470398,1.2417323887348175e-05,0.0,0.2639099955558777,7,1,320000,Deterministic-ShortestPath-4x4-FrozenLake-v0,qppo-Hgog-qlr1.0e-3,Hgog,30
0.00025,0.001,0.041074782609939575,-2.9474496841430664e-05,1.2613837718963623,0.007894079200923443,7.991213351488113e-06,1.11432746052742e-06,0.0,0.43708616495132446,7,1,320512,Deterministic-ShortestPath-4x4-FrozenLake-v0,qppo-Hgog-qlr1.0e-3,Hgog,30
0.00025,0.001,0.024339260533452034,-4.982855170965195e-05,1.2795910835266113,-0.0006761085242033005,-5.325302481651306e-06,1.3521406799554825e-05,0.0,0.4172790050506592,7,1,321024,Deterministic-ShortestPath-4x4-FrozenLake-v0,qppo-Hgog-qlr1.0e-3,Hgog,30
0.00025,0.001,0.04251135140657425,-0.000294514000415802,1.277268886566162,0.00818847306072712,-0.0004144012928009033,9.927898645401001e-06,0.0,0.27699440717697144,7,1,321536,Deterministic-ShortestPath-4x4-FrozenLake-v0,qppo-Hgog-qlr1.0e-3,Hgog,30
0.00025,0.001,0.018945744261145592,-0.000751197338104248,1.2825357913970947,-0.0041036829352378845,0.0016356171108782291,6.177462637424469e-05,0.0,0.3852362632751465,7,1,322048,Deterministic-ShortestPath-4x4-FrozenLake-v0,qppo-Hgog-qlr1.0e-3,Hgog,30
0.00025,0.001,0.03526011109352112,-6.464123725891113e-05,1.2802350521087646,0.004763063974678516,-3.991182893514633e-05,1.8125399947166443e-05,0.0,0.10069376230239868,7,1,322560,Deterministic-ShortestPath-4x4-FrozenLake-v0,qppo-Hgog-qlr1.0e-3,Hgog,30
0.00025,0.001,0.00456915982067585,-0.000723889097571373,1.287283182144165,-0.011312141083180904,0.00030511897057294846,1.4919787645339966e-05,0.0,0.1902143359184265,7,1,323072,Deterministic-ShortestPath-4x4-FrozenLake-v0,qppo-Hgog-qlr1.0e-3,Hgog,30
0.00025,0.001,0.008843118324875832,-0.00028557516634464264,1.2780632972717285,-0.0086446488276124,-7.890118286013603e-05,3.9752572774887085e-05,0.0,0.15790611505508423,7,1,323584,Deterministic-ShortestPath-4x4-FrozenLake-v0,qppo-Hgog-qlr1.0e-3,Hgog,30
0.00025,0.001,0.053612563759088516,0.0005792528390884399,1.2617130279541016,0.014768404886126518,-3.643147647380829e-05,1.2945383787155151e-05,0.0,0.3157634139060974,7,1,324096,Deterministic-ShortestPath-4x4-FrozenLake-v0,qppo-Hgog-qlr1.0e-3,Hgog,30
0.00025,0.001,0.017638973891735077,-0.00032617896795272827,1.2691127061843872,-0.004197819158434868,0.00011381041258573532,1.5212222933769226e-05,0.0,0.2549583315849304,7,1,324608,Deterministic-ShortestPath-4x4-FrozenLake-v0,qppo-Hgog-qlr1.0e-3,Hgog,30
0.00025,0.001,0.011652040295302868,0.00038838014006614685,1.2656147480010986,-0.0064417473040521145,-0.0008139791898429394,2.7795787900686264e-05,0.0,-0.11784040927886963,7,1,325120,Deterministic-ShortestPath-4x4-FrozenLake-v0,qppo-Hgog-qlr1.0e-3,Hgog,30
0.00025,0.001,0.05482315272092819,-0.0003827083855867386,1.2737383842468262,0.014291484840214252,-0.0003209095448255539,1.5945173799991608e-05,0.0,0.26117396354675293,7,1,325632,Deterministic-ShortestPath-4x4-FrozenLake-v0,qppo-Hgog-qlr1.0e-3,Hgog,30
0.00025,0.001,0.007454166188836098,-0.0004341225139796734,1.2668607234954834,-0.009375645779073238,-7.008062675595284e-05,5.111563950777054e-06,0.0,0.14424407482147217,7,1,326144,Deterministic-ShortestPath-4x4-FrozenLake-v0,qppo-Hgog-qlr1.0e-3,Hgog,30
0.00025,0.001,0.0330374650657177,-0.0009433059021830559,1.2772014141082764,0.0028034131973981857,-0.0005099987611174583,8.749309927225113e-06,0.0,0.3706122040748596,7,1,326656,Deterministic-ShortestPath-4x4-FrozenLake-v0,qppo-Hgog-qlr1.0e-3,Hgog,30
0.00025,0.001,0.03255947679281235,0.0006486536003649235,1.280587911605835,0.00412251241505146,0.0015051430091261864,2.313731238245964e-05,0.0,0.19256383180618286,7,1,327168,Deterministic-ShortestPath-4x4-FrozenLake-v0,qppo-Hgog-qlr1.0e-3,Hgog,30
0.00025,0.001,0.053458020091056824,-0.0017118984833359718,1.2619144916534424,0.012397967278957367,-0.0004356391727924347,4.30569052696228e-05,0.0,0.2464166283607483,7,1,327680,Deterministic-ShortestPath-4x4-FrozenLake-v0,qppo-Hgog-qlr1.0e-3,Hgog,30
0.00025,0.001,0.02649281546473503,0.00021079182624816895,1.29118013381958,0.0005453983321785927,0.0006337948143482208,4.044594243168831e-05,0.0,0.3157684803009033,7,1,328192,Deterministic-ShortestPath-4x4-FrozenLake-v0,qppo-Hgog-qlr1.0e-3,Hgog,30
0.00025,0.001,0.01741635985672474,-0.0004898570477962494,1.2756931781768799,-0.004538608714938164,-4.217727109789848e-05,2.8232112526893616e-05,0.0,0.35061800479888916,7,1,328704,Deterministic-ShortestPath-4x4-FrozenLake-v0,qppo-Hgog-qlr1.0e-3,Hgog,30
0.00025,0.001,0.03564182668924332,-9.717606008052826e-05,1.269103765487671,0.005032699555158615,-0.00015357881784439087,7.797498255968094e-06,0.0,0.4700279235839844,7,1,329216,Deterministic-ShortestPath-4x4-FrozenLake-v0,qppo-Hgog-qlr1.0e-3,Hgog,30
0.00025,0.001,0.008955458179116249,-0.00026319362223148346,1.282999038696289,-0.008615454658865929,7.069483399391174e-05,2.5299377739429474e-06,0.0,0.37656915187835693,7,1,329728,Deterministic-ShortestPath-4x4-FrozenLake-v0,qppo-Hgog-qlr1.0e-3,Hgog,30
0.00025,0.001,0.015295539982616901,-0.0013149138540029526,1.2763258218765259,-0.006430401932448149,-0.00031161122024059296,5.835341289639473e-05,0.0,0.22118628025054932,7,1,330240,Deterministic-ShortestPath-4x4-FrozenLake-v0,qppo-Hgog-qlr1.0e-3,Hgog,30
0.00025,0.001,0.017142558470368385,-0.0002312231808900833,1.2917754650115967,-0.004577698186039925,0.00036715902388095856,2.2766180336475372e-06,0.0,0.2767180800437927,7,1,330752,Deterministic-ShortestPath-4x4-FrozenLake-v0,qppo-Hgog-qlr1.0e-3,Hgog,30
0.00025,0.001,0.022240109741687775,-6.023235619068146e-05,1.2775282859802246,-0.0017154598608613014,3.6114826798439026e-05,1.4933757483959198e-06,0.0,0.4516993761062622,7,1,331264,Deterministic-ShortestPath-4x4-FrozenLake-v0,qppo-Hgog-qlr1.0e-3,Hgog,30
0.00025,0.001,0.018453452736139297,-0.0002669617533683777,1.2885966300964355,-0.003926201723515987,-0.00024253129959106445,6.188638508319855e-06,0.0,0.2018159031867981,7,1,331776,Deterministic-ShortestPath-4x4-FrozenLake-v0,qppo-Hgog-qlr1.0e-3,Hgog,30
0.00025,0.001,0.027814297005534172,-0.00014959834516048431,1.2806150913238525,0.0009513990953564644,9.696092456579208e-05,3.589317202568054e-06,0.0,-0.08510017395019531,7,1,332288,Deterministic-ShortestPath-4x4-FrozenLake-v0,qppo-Hgog-qlr1.0e-3,Hgog,30
0.00025,0.001,0.014434471726417542,0.00046459585428237915,1.2849498987197876,-0.00516766682267189,-0.00021488545462489128,8.928123861551285e-06,0.0,0.2152537703514099,7,1,332800,Deterministic-ShortestPath-4x4-FrozenLake-v0,qppo-Hgog-qlr1.0e-3,Hgog,30
0.00025,0.001,0.01936110481619835,0.00014093704521656036,1.2726960182189941,-0.0029054703190922737,0.0004890821874141693,2.5538261979818344e-05,0.0,0.19189327955245972,7,1,333312,Deterministic-ShortestPath-4x4-FrozenLake-v0,qppo-Hgog-qlr1.0e-3,Hgog,30
0.00025,0.001,0.04743582755327225,-0.000639159232378006,1.2575695514678955,0.01050305925309658,0.00020013190805912018,2.276478335261345e-05,0.0,0.3159688711166382,7,1,333824,Deterministic-ShortestPath-4x4-FrozenLake-v0,qppo-Hgog-qlr1.0e-3,Hgog,30
0.00025,0.001,0.024722788482904434,0.00034470949321985245,1.271309494972229,-6.990507245063782e-06,-0.0002731489948928356,2.2621825337409973e-05,0.0,0.36088305711746216,7,1,334336,Deterministic-ShortestPath-4x4-FrozenLake-v0,qppo-Hgog-qlr1.0e-3,Hgog,30
0.00025,0.001,0.03218480572104454,-0.0008868901059031487,1.2843300104141235,0.002362213097512722,0.000302240252494812,2.041459083557129e-05,0.0,0.39423495531082153,7,1,334848,Deterministic-ShortestPath-4x4-FrozenLake-v0,qppo-Hgog-qlr1.0e-3,Hgog,30
0.00025,0.001,0.01505681686103344,-1.3552606105804443e-05,1.2774256467819214,-0.005259400233626366,0.00014199968427419662,3.2014213502407074e-06,0.0,0.20107394456863403,7,1,335360,Deterministic-ShortestPath-4x4-FrozenLake-v0,qppo-Hgog-qlr1.0e-3,Hgog,30
0.00025,0.001,0.025272412225604057,-0.00011714175343513489,1.2643142938613892,-0.00012407824397087097,1.9890721887350082e-05,4.5262277126312256e-07,0.0,0.1332133412361145,7,1,335872,Deterministic-ShortestPath-4x4-FrozenLake-v0,qppo-Hgog-qlr1.0e-3,Hgog,30
0.00025,0.001,0.016146810725331306,-0.000829741358757019,1.2927026748657227,-0.0056833624839782715,-0.00017813220620155334,2.0008068531751633e-05,0.0,0.21608495712280273,7,1,336384,Deterministic-ShortestPath-4x4-FrozenLake-v0,qppo-Hgog-qlr1.0e-3,Hgog,30
0.00025,0.001,0.028433823958039284,0.00018406659364700317,1.2783429622650146,0.0016175489872694016,5.009770393371582e-05,2.253800630569458e-06,0.0,0.40283501148223877,7,1,336896,Deterministic-ShortestPath-4x4-FrozenLake-v0,qppo-Hgog-qlr1.0e-3,Hgog,30
0.00025,0.001,0.028347456827759743,-0.000820554792881012,1.2599135637283325,0.0007540378719568253,-0.0008580563589930534,3.87667678296566e-05,0.0,0.3794889450073242,7,1,337408,Deterministic-ShortestPath-4x4-FrozenLake-v0,qppo-Hgog-qlr1.0e-3,Hgog,30
0.00025,0.001,0.04400143027305603,-0.0004150848835706711,1.2850267887115479,0.008735362440347672,0.0003087325021624565,3.492925316095352e-06,0.0,0.25710809230804443,7,1,337920,Deterministic-ShortestPath-4x4-FrozenLake-v0,qppo-Hgog-qlr1.0e-3,Hgog,30
0.00025,0.001,0.009613549336791039,-0.0009700693190097809,1.2872625589370728,-0.009035919792950153,-0.0003795563243329525,6.295694038271904e-05,0.0,0.19932657480239868,7,1,338432,Deterministic-ShortestPath-4x4-FrozenLake-v0,qppo-Hgog-qlr1.0e-3,Hgog,30
0.00025,0.001,0.021995704621076584,1.9688159227371216e-05,1.2891123294830322,-0.0018735826015472412,-2.3443251848220825e-05,1.7504207789897919e-06,0.0,0.19976645708084106,7,1,338944,Deterministic-ShortestPath-4x4-FrozenLake-v0,qppo-Hgog-qlr1.0e-3,Hgog,30
0.00025,0.001,0.024972964078187943,-0.0006439778953790665,1.283697247505188,-0.0009944681078195572,0.00015632109716534615,9.329989552497864e-06,0.0,0.4873560070991516,7,1,339456,Deterministic-ShortestPath-4x4-FrozenLake-v0,qppo-Hgog-qlr1.0e-3,Hgog,30
0.00025,0.001,0.012518654577434063,0.00034431368112564087,1.275342583656311,-0.006149784196168184,0.00046429410576820374,1.0023359209299088e-05,0.0,0.40467047691345215,7,1,339968,Deterministic-ShortestPath-4x4-FrozenLake-v0,qppo-Hgog-qlr1.0e-3,Hgog,30
0.00025,0.001,0.010187084786593914,-0.0010484755039215088,1.2751469612121582,-0.008706402033567429,0.00044753262773156166,2.1641608327627182e-05,0.0,0.19542980194091797,7,1,340480,Deterministic-ShortestPath-4x4-FrozenLake-v0,qppo-Hgog-qlr1.0e-3,Hgog,30
0.00025,0.001,0.004277204629033804,9.328406304121017e-05,1.2763644456863403,-0.010531757958233356,0.0005670301616191864,7.609836757183075e-06,0.0,0.3478958010673523,7,1,340992,Deterministic-ShortestPath-4x4-FrozenLake-v0,qppo-Hgog-qlr1.0e-3,Hgog,30
0.00025,0.001,0.031209412962198257,-0.0014860015362501144,1.2987403869628906,0.0011313017457723618,-0.00014017149806022644,3.5321805626153946e-05,0.0,0.2686575651168823,7,1,341504,Deterministic-ShortestPath-4x4-FrozenLake-v0,qppo-Hgog-qlr1.0e-3,Hgog,30
0.00025,0.001,0.02915724739432335,-0.0004989020526409149,1.2985475063323975,0.0010942472144961357,0.0015576472505927086,4.086224362254143e-05,0.0,0.2684803009033203,7,1,342016,Deterministic-ShortestPath-4x4-FrozenLake-v0,qppo-Hgog-qlr1.0e-3,Hgog,30
0.00025,0.001,0.025002464652061462,0.0001782737672328949,1.2915093898773193,-0.00023558735847473145,-4.116818308830261e-05,1.9869767129421234e-06,0.0,0.31220543384552,7,1,342528,Deterministic-ShortestPath-4x4-FrozenLake-v0,qppo-Hgog-qlr1.0e-3,Hgog,30
0.00025,0.001,0.00833483599126339,-0.000622384250164032,1.282434105873108,-0.00927930697798729,0.0003466629423201084,2.112286165356636e-05,0.0,0.4440991282463074,7,1,343040,Deterministic-ShortestPath-4x4-FrozenLake-v0,qppo-Hgog-qlr1.0e-3,Hgog,30
0.00025,0.001,0.0108277453109622,8.840858936309814e-05,1.26605224609375,-0.007158240769058466,-0.00036031659692525864,9.480863809585571e-06,0.0,-0.16027450561523438,7,1,343552,Deterministic-ShortestPath-4x4-FrozenLake-v0,qppo-Hgog-qlr1.0e-3,Hgog,30
0.00025,0.001,0.019129160791635513,-0.0001463722437620163,1.258224368095398,-0.0031640352681279182,-5.752779543399811e-05,1.1632218956947327e-06,0.0,0.08701807260513306,7,1,344064,Deterministic-ShortestPath-4x4-FrozenLake-v0,qppo-Hgog-qlr1.0e-3,Hgog,30
0.00025,0.001,0.016709404066205025,-0.000363226979970932,1.2692817449569702,-0.004701342433691025,-0.00026350561529397964,1.0906718671321869e-05,0.0,0.48194420337677,7,1,344576,Deterministic-ShortestPath-4x4-FrozenLake-v0,qppo-Hgog-qlr1.0e-3,Hgog,30
0.00025,0.001,0.0031356161925941706,-0.0001604277640581131,1.281534194946289,-0.011407961137592793,0.00043599214404821396,2.8070062398910522e-06,0.0,-0.2542903423309326,7,1,345088,Deterministic-ShortestPath-4x4-FrozenLake-v0,qppo-Hgog-qlr1.0e-3,Hgog,30
0.00025,0.001,0.022261042147874832,-0.0005032476037740707,1.2704132795333862,-0.0020768586546182632,0.0011010128073394299,2.4495180696249008e-05,0.0,0.308019757270813,7,1,345600,Deterministic-ShortestPath-4x4-FrozenLake-v0,qppo-Hgog-qlr1.0e-3,Hgog,30
0.00025,0.001,0.04926295578479767,0.00025297701358795166,1.274312973022461,0.012141325511038303,3.7658028304576874e-05,3.237742930650711e-06,0.0,0.28819769620895386,7,1,346112,Deterministic-ShortestPath-4x4-FrozenLake-v0,qppo-Hgog-qlr1.0e-3,Hgog,30
0.00025,0.001,0.009232777170836926,-0.00023007229901850224,1.284511685371399,-0.008458800613880157,0.0004915292374789715,2.6458874344825745e-06,0.0,0.31079673767089844,7,1,346624,Deterministic-ShortestPath-4x4-FrozenLake-v0,qppo-Hgog-qlr1.0e-3,Hgog,30
0.00025,0.001,0.003193932119756937,-0.00043023377656936646,1.2949748039245605,-0.011783015914261341,-8.715176954865456e-05,1.683272421360016e-05,0.0,0.4339900016784668,7,1,347136,Deterministic-ShortestPath-4x4-FrozenLake-v0,qppo-Hgog-qlr1.0e-3,Hgog,30
0.00025,0.001,0.012843257747590542,0.00040173018351197243,1.2739818096160889,-0.005916458088904619,-0.00020090676844120026,1.7017126083374023e-05,0.0,0.4465644359588623,7,1,347648,Deterministic-ShortestPath-4x4-FrozenLake-v0,qppo-Hgog-qlr1.0e-3,Hgog,30
0.00025,0.001,0.0032963817939162254,-0.0005867853760719299,1.2906525135040283,-0.011845119297504425,0.00012023281306028366,1.1115334928035736e-05,0.0,0.42155885696411133,7,1,348160,Deterministic-ShortestPath-4x4-FrozenLake-v0,qppo-Hgog-qlr1.0e-3,Hgog,30
0.00025,0.001,0.00858967937529087,-0.00016910210251808167,1.2866696119308472,-0.008740957826375961,0.0002107229083776474,2.66125425696373e-06,0.0,0.18044745922088623,7,1,348672,Deterministic-ShortestPath-4x4-FrozenLake-v0,qppo-Hgog-qlr1.0e-3,Hgog,30
0.00025,0.001,0.026385657489299774,-0.00037832558155059814,1.2803641557693481,1.0862015187740326e-05,-0.00014218362048268318,6.171409040689468e-06,0.0,0.3478180170059204,7,1,349184,Deterministic-ShortestPath-4x4-FrozenLake-v0,qppo-Hgog-qlr1.0e-3,Hgog,30
0.00025,0.001,0.018824299797415733,-0.0002927929162979126,1.2861928939819336,-0.003742571920156479,-0.0006894492544233799,1.1475291103124619e-05,0.0,0.09423571825027466,7,1,349696,Deterministic-ShortestPath-4x4-FrozenLake-v0,qppo-Hgog-qlr1.0e-3,Hgog,30
0.00025,0.001,0.012697162106633186,-0.000556599348783493,1.2843966484069824,-0.007051984779536724,0.000293525867164135,3.092549741268158e-05,0.0,0.39850813150405884,7,1,350208,Deterministic-ShortestPath-4x4-FrozenLake-v0,qppo-Hgog-qlr1.0e-3,Hgog,30
0.00025,0.001,0.020978987216949463,-0.0016457606106996536,1.2803723812103271,-0.003959990106523037,0.0006644809618592262,6.580352783203125e-05,0.0,0.512309193611145,7,1,350720,Deterministic-ShortestPath-4x4-FrozenLake-v0,qppo-Hgog-qlr1.0e-3,Hgog,30
0.00025,0.001,0.01101558469235897,-0.00039130914956331253,1.2706910371780396,-0.007590427063405514,0.001550045795738697,8.115405216813087e-05,0.0,-0.307117223739624,7,1,351232,Deterministic-ShortestPath-4x4-FrozenLake-v0,qppo-Hgog-qlr1.0e-3,Hgog,30
0.00025,0.001,0.03456354886293411,-0.00106782466173172,1.2975430488586426,0.0032385196536779404,0.0008187792263925076,2.235081046819687e-05,0.0,0.17067885398864746,7,1,351744,Deterministic-ShortestPath-4x4-FrozenLake-v0,qppo-Hgog-qlr1.0e-3,Hgog,30
0.00025,0.001,0.04121227189898491,-0.0005174241960048676,1.2861758470535278,0.007226953282952309,-0.00016286689788103104,7.015187293291092e-06,0.0,0.23465293645858765,7,1,352256,Deterministic-ShortestPath-4x4-FrozenLake-v0,qppo-Hgog-qlr1.0e-3,Hgog,30
0.00025,0.001,0.05130016803741455,-0.00012062489986419678,1.2559870481491089,0.012969588860869408,-0.0003281533718109131,3.4691765904426575e-06,0.0,0.2782319188117981,7,1,352768,Deterministic-ShortestPath-4x4-FrozenLake-v0,qppo-Hgog-qlr1.0e-3,Hgog,30
0.00025,0.001,0.014968208968639374,-0.0004404224455356598,1.2879273891448975,-0.0058355918154120445,-6.58724457025528e-05,8.025672286748886e-06,0.0,0.20825016498565674,7,1,353280,Deterministic-ShortestPath-4x4-FrozenLake-v0,qppo-Hgog-qlr1.0e-3,Hgog,30
0.00025,0.001,0.015520291402935982,-9.583495557308197e-05,1.2784987688064575,-0.005120676942169666,-4.9448106437921524e-05,9.776093065738678e-06,0.0,0.09959423542022705,7,1,353792,Deterministic-ShortestPath-4x4-FrozenLake-v0,qppo-Hgog-qlr1.0e-3,Hgog,30
0.00025,0.001,0.0010541003430262208,-0.0016960129141807556,1.2689170837402344,-0.013858132995665073,0.00024642469361424446,3.528455272316933e-05,0.0,0.19249051809310913,7,1,354304,Deterministic-ShortestPath-4x4-FrozenLake-v0,qppo-Hgog-qlr1.0e-3,Hgog,30
0.00025,0.001,0.01969812996685505,-0.0012681297957897186,1.2815868854522705,-0.004234933294355869,0.00033336738124489784,2.35741026699543e-05,0.0,-0.07474839687347412,7,1,354816,Deterministic-ShortestPath-4x4-FrozenLake-v0,qppo-Hgog-qlr1.0e-3,Hgog,30
0.00025,0.001,0.03215251863002777,-0.0001977682113647461,1.2623227834701538,0.003255263902246952,4.480965435504913e-05,2.7404166758060455e-06,0.0,0.30951040983200073,7,1,355328,Deterministic-ShortestPath-4x4-FrozenLake-v0,qppo-Hgog-qlr1.0e-3,Hgog,30
0.00025,0.001,0.012413044460117817,-3.406405448913574e-05,1.2776062488555908,-0.006603603716939688,2.7788802981376648e-05,6.295740604400635e-06,0.0,0.3586553931236267,7,1,355840,Deterministic-ShortestPath-4x4-FrozenLake-v0,qppo-Hgog-qlr1.0e-3,Hgog,30
0.00025,0.001,0.03515779227018356,-0.0002872943878173828,1.26919424533844,0.004599659703671932,-0.0006415843963623047,1.2942589819431305e-05,0.0,0.2372063398361206,7,1,356352,Deterministic-ShortestPath-4x4-FrozenLake-v0,qppo-Hgog-qlr1.0e-3,Hgog,30
0.00025,0.001,0.026130732148885727,-0.0005596745759248734,1.269486427307129,-0.00018917210400104523,0.00023643765598535538,9.221956133842468e-06,0.0,0.3435800075531006,7,1,356864,Deterministic-ShortestPath-4x4-FrozenLake-v0,qppo-Hgog-qlr1.0e-3,Hgog,30
0.00025,0.001,0.02313651330769062,-0.0007165297865867615,1.2813689708709717,-0.0019619623199105263,-5.166977643966675e-05,1.7719808965921402e-05,0.0,0.2380058765411377,7,1,357376,Deterministic-ShortestPath-4x4-FrozenLake-v0,qppo-Hgog-qlr1.0e-3,Hgog,30
0.00025,0.001,0.024790853261947632,-0.0003203637897968292,1.2736573219299316,-0.0006615100428462029,-0.0004677949473261833,1.0321848094463348e-05,0.0,0.31146347522735596,7,1,357888,Deterministic-ShortestPath-4x4-FrozenLake-v0,qppo-Hgog-qlr1.0e-3,Hgog,30
0.00025,0.001,0.04727261886000633,5.142390727996826e-05,1.273036003112793,0.010957373306155205,1.941109076142311e-05,4.01865690946579e-06,0.0,0.2256869077682495,7,1,358400,Deterministic-ShortestPath-4x4-FrozenLake-v0,qppo-Hgog-qlr1.0e-3,Hgog,30
0.00025,0.001,0.02723458781838417,-3.742240369319916e-05,1.26485013961792,0.0009313700720667839,-0.00011477060616016388,2.2170133888721466e-06,0.0,0.14768081903457642,7,1,358912,Deterministic-ShortestPath-4x4-FrozenLake-v0,qppo-Hgog-qlr1.0e-3,Hgog,30
0.00025,0.001,0.011347212828695774,2.2750115022063255e-05,1.2850675582885742,-0.00715431896969676,0.0003330213949084282,6.5695494413375854e-06,0.0,0.011640429496765137,7,1,359424,Deterministic-ShortestPath-4x4-FrozenLake-v0,qppo-Hgog-qlr1.0e-3,Hgog,30
0.00025,0.001,0.0272661279886961,-0.0013076066970825195,1.2758221626281738,-0.0004327641800045967,0.00035254284739494324,1.6691163182258606e-05,0.0,0.22686320543289185,7,1,359936,Deterministic-ShortestPath-4x4-FrozenLake-v0,qppo-Hgog-qlr1.0e-3,Hgog,30
0.00025,0.001,0.016968950629234314,-0.00010905787348747253,1.2746858596801758,-0.0043714409694075584,-0.00017801206558942795,3.204774111509323e-05,0.0,0.212177574634552,7,1,360448,Deterministic-ShortestPath-4x4-FrozenLake-v0,qppo-Hgog-qlr1.0e-3,Hgog,30
0.00025,0.001,0.017183534801006317,0.00016045942902565002,1.2781285047531128,-0.0040290579199790955,-0.00021060556173324585,6.493180990219116e-06,0.0,0.24157029390335083,7,1,360960,Deterministic-ShortestPath-4x4-FrozenLake-v0,qppo-Hgog-qlr1.0e-3,Hgog,30
0.00025,0.001,0.008572694845497608,-4.922226071357727e-05,1.2760686874389648,-0.00852356106042862,0.0006850855425000191,2.130819484591484e-05,0.0,-0.35797441005706787,7,1,361472,Deterministic-ShortestPath-4x4-FrozenLake-v0,qppo-Hgog-qlr1.0e-3,Hgog,30
0.00025,0.001,0.027859553694725037,-0.0010270541533827782,1.2855043411254883,4.767999053001404e-05,0.0005429373122751713,1.6788020730018616e-05,0.0,0.3109937310218811,7,1,361984,Deterministic-ShortestPath-4x4-FrozenLake-v0,qppo-Hgog-qlr1.0e-3,Hgog,30
0.00025,0.001,0.028517749160528183,-0.00045087840408086777,1.2575790882110596,0.0012322058901190758,0.0002726074308156967,1.3958662748336792e-05,0.0,0.23714947700500488,7,1,362496,Deterministic-ShortestPath-4x4-FrozenLake-v0,qppo-Hgog-qlr1.0e-3,Hgog,30
0.00025,0.001,0.02723674662411213,0.0001458674669265747,1.2519395351409912,0.001244845800101757,0.00024393480271100998,2.524442970752716e-05,0.0,0.3065999150276184,7,1,363008,Deterministic-ShortestPath-4x4-FrozenLake-v0,qppo-Hgog-qlr1.0e-3,Hgog,30
0.00025,0.001,0.018584750592708588,5.743280053138733e-05,1.2882015705108643,-0.0035322075709700584,-0.0003163358196616173,5.746260285377502e-07,0.0,0.2891620397567749,7,1,363520,Deterministic-ShortestPath-4x4-FrozenLake-v0,qppo-Hgog-qlr1.0e-3,Hgog,30
0.00025,0.001,0.013727763667702675,5.0473958253860474e-05,1.2648966312408447,-0.005734610371291637,7.564015686511993e-05,1.4007091522216797e-06,0.0,0.33065563440322876,7,1,364032,Deterministic-ShortestPath-4x4-FrozenLake-v0,qppo-Hgog-qlr1.0e-3,Hgog,30
0.00025,0.001,0.02665044739842415,-0.00011730846017599106,1.2681211233139038,0.0005267038941383362,-0.00044766999781131744,4.1532330214977264e-06,0.0,0.37124043703079224,7,1,364544,Deterministic-ShortestPath-4x4-FrozenLake-v0,qppo-Hgog-qlr1.0e-3,Hgog,30
0.00025,0.001,0.021290425211191177,-0.0002277754247188568,1.2768476009368896,-0.002351038157939911,-0.0002205665223300457,5.277805030345917e-06,0.0,0.2584425210952759,7,1,365056,Deterministic-ShortestPath-4x4-FrozenLake-v0,qppo-Hgog-qlr1.0e-3,Hgog,30
0.00025,0.001,0.018575748428702354,-0.00020104646682739258,1.27812922000885,-0.0036944644525647163,-2.9148533940315247e-05,1.4551915228366852e-06,0.0,0.29506903886795044,7,1,365568,Deterministic-ShortestPath-4x4-FrozenLake-v0,qppo-Hgog-qlr1.0e-3,Hgog,30
0.00025,0.001,0.011038861237466335,-0.0002982374280691147,1.2949934005737305,-0.007728740107268095,-0.00015843287110328674,6.6729262471199036e-06,0.0,0.2233613133430481,7,1,366080,Deterministic-ShortestPath-4x4-FrozenLake-v0,qppo-Hgog-qlr1.0e-3,Hgog,30
0.00025,0.001,0.024381639435887337,0.00017719902098178864,1.2604097127914429,-0.0002360781654715538,-0.00026153214275836945,3.945082426071167e-06,0.0,0.005123794078826904,7,1,366592,Deterministic-ShortestPath-4x4-FrozenLake-v0,qppo-Hgog-qlr1.0e-3,Hgog,30
0.00025,0.001,0.029448334127664566,-0.0007454138249158859,1.288090705871582,0.0010978467762470245,9.944010525941849e-05,9.870622307062149e-06,0.0,0.2717594504356384,7,1,367104,Deterministic-ShortestPath-4x4-FrozenLake-v0,qppo-Hgog-qlr1.0e-3,Hgog,30
0.00025,0.001,0.01717258058488369,0.00022170692682266235,1.2823383808135986,-0.00401538610458374,-0.0006574960425496101,1.3072974979877472e-05,0.0,0.3103189468383789,7,1,367616,Deterministic-ShortestPath-4x4-FrozenLake-v0,qppo-Hgog-qlr1.0e-3,Hgog,30
0.00025,0.001,0.011630930937826633,-5.929917097091675e-05,1.277949333190918,-0.007023326586931944,7.514981552958488e-05,5.541369318962097e-07,0.0,0.07154035568237305,7,1,368128,Deterministic-ShortestPath-4x4-FrozenLake-v0,qppo-Hgog-qlr1.0e-3,Hgog,30
0.00025,0.001,0.015811797231435776,-0.0008463133126497269,1.2720540761947632,-0.005660954862833023,-0.00015662796795368195,1.0696705430746078e-05,0.0,0.22636717557907104,7,1,368640,Deterministic-ShortestPath-4x4-FrozenLake-v0,qppo-Hgog-qlr1.0e-3,Hgog,30
0.00025,0.001,0.04797707125544548,-0.00024290289729833603,1.2734280824661255,0.011011351831257343,5.252193659543991e-05,1.841224730014801e-06,0.0,0.420701801776886,7,1,369152,Deterministic-ShortestPath-4x4-FrozenLake-v0,qppo-Hgog-qlr1.0e-3,Hgog,30
0.00025,0.001,0.009660022333264351,-0.0005253693088889122,1.2790954113006592,-0.008486311882734299,-0.00028174370527267456,2.6706140488386154e-05,0.0,0.008600592613220215,7,1,369664,Deterministic-ShortestPath-4x4-FrozenLake-v0,qppo-Hgog-qlr1.0e-3,Hgog,30
0.00025,0.001,0.008289256133139133,0.00048525817692279816,1.2970467805862427,-0.008340580388903618,0.0002952767536044121,6.0764141380786896e-06,0.0,0.31168192625045776,7,1,370176,Deterministic-ShortestPath-4x4-FrozenLake-v0,qppo-Hgog-qlr1.0e-3,Hgog,30
0.00025,0.001,0.014378472231328487,-0.00010740011930465698,1.2929542064666748,-0.005847705993801355,-0.0008221277967095375,1.1717434972524643e-05,0.0,0.3389066457748413,7,1,370688,Deterministic-ShortestPath-4x4-FrozenLake-v0,qppo-Hgog-qlr1.0e-3,Hgog,30
0.00025,0.001,0.023412875831127167,3.54275107383728e-05,1.2773423194885254,-0.001031557098031044,0.0003034141846001148,5.04031777381897e-06,0.0,0.3069038391113281,7,1,371200,Deterministic-ShortestPath-4x4-FrozenLake-v0,qppo-Hgog-qlr1.0e-3,Hgog,30
0.00025,0.001,0.01263332273811102,-0.00012442655861377716,1.281860589981079,-0.006626370828598738,0.00011035054922103882,1.4528632164001465e-07,0.0,0.4960665702819824,7,1,371712,Deterministic-ShortestPath-4x4-FrozenLake-v0,qppo-Hgog-qlr1.0e-3,Hgog,30
0.00025,0.001,0.02567947655916214,-0.00034605618566274643,1.2602882385253906,-0.0001092003658413887,0.00103769451379776,1.1619646102190018e-05,0.0,0.42046594619750977,7,1,372224,Deterministic-ShortestPath-4x4-FrozenLake-v0,qppo-Hgog-qlr1.0e-3,Hgog,30
0.00025,0.001,0.02363838441669941,-0.0006370656192302704,1.2803831100463867,-0.0016217045485973358,-3.3224932849407196e-05,1.6975682228803635e-05,0.0,0.2888615131378174,7,1,372736,Deterministic-ShortestPath-4x4-FrozenLake-v0,qppo-Hgog-qlr1.0e-3,Hgog,30
0.00025,0.001,0.021655820310115814,-0.0014919284731149673,1.2779743671417236,-0.0034437617287039757,-0.0003633638843894005,2.6635359972715378e-05,0.0,0.15614467859268188,7,1,373248,Deterministic-ShortestPath-4x4-FrozenLake-v0,qppo-Hgog-qlr1.0e-3,Hgog,30
0.00025,0.001,0.004655187018215656,0.0002968013286590576,1.2858707904815674,-0.01023431308567524,-0.0007439982146024704,1.3174489140510559e-05,0.0,0.40457701683044434,7,1,373760,Deterministic-ShortestPath-4x4-FrozenLake-v0,qppo-Hgog-qlr1.0e-3,Hgog,30
0.00025,0.001,0.008458455093204975,-0.00043680891394615173,1.281790852546692,-0.009025489911437035,0.00042324373498559,5.0943344831466675e-06,0.0,0.32886314392089844,7,1,374272,Deterministic-ShortestPath-4x4-FrozenLake-v0,qppo-Hgog-qlr1.0e-3,Hgog,30
0.00025,0.001,0.02256564050912857,-3.395089879631996e-05,1.2687745094299316,-0.001438874751329422,-0.00024228496477007866,1.7140991985797882e-06,0.0,0.3930965065956116,7,1,374784,Deterministic-ShortestPath-4x4-FrozenLake-v0,qppo-Hgog-qlr1.0e-3,Hgog,30
0.00025,0.001,0.002997959265485406,0.0004295734688639641,1.2775073051452637,-0.010846519842743874,-0.00031136535108089447,1.1025462299585342e-05,0.0,-12.014657974243164,7,1,375296,Deterministic-ShortestPath-4x4-FrozenLake-v0,qppo-Hgog-qlr1.0e-3,Hgog,30
0.00025,0.001,0.024890121072530746,-0.0012444816529750824,1.275146245956421,-0.0015508830547332764,0.00019042659550905228,1.5785451978445053e-05,0.0,0.19112324714660645,7,1,375808,Deterministic-ShortestPath-4x4-FrozenLake-v0,qppo-Hgog-qlr1.0e-3,Hgog,30
0.00025,0.001,0.041695140302181244,-0.00022693350911140442,1.2658989429473877,0.00796164758503437,0.00027366261929273605,3.109825775027275e-05,0.0,0.3489394187927246,7,1,376320,Deterministic-ShortestPath-4x4-FrozenLake-v0,qppo-Hgog-qlr1.0e-3,Hgog,30
0.00025,0.001,0.008953716605901718,7.529091089963913e-05,1.2769039869308472,-0.008216890506446362,-0.00020689889788627625,1.4654360711574554e-06,0.0,0.3974071741104126,7,1,376832,Deterministic-ShortestPath-4x4-FrozenLake-v0,qppo-Hgog-qlr1.0e-3,Hgog,30
0.00025,0.001,0.02358362078666687,-0.00023646652698516846,1.2561768293380737,-0.0010064244270324707,6.51082955300808e-05,2.7762725949287415e-06,0.0,0.3652840256690979,7,1,377344,Deterministic-ShortestPath-4x4-FrozenLake-v0,qppo-Hgog-qlr1.0e-3,Hgog,30
0.00025,0.001,0.017821623012423515,0.0006323959678411484,1.2671539783477783,-0.0031283320859074593,0.0005504749715328217,5.54276630282402e-06,0.0,0.15408217906951904,7,1,377856,Deterministic-ShortestPath-4x4-FrozenLake-v0,qppo-Hgog-qlr1.0e-3,Hgog,30
0.00025,0.001,0.024198200553655624,-0.0003500916063785553,1.2616474628448486,-0.0008674655109643936,0.0001382925547659397,5.867332220077515e-06,0.0,0.166847825050354,7,1,378368,Deterministic-ShortestPath-4x4-FrozenLake-v0,qppo-Hgog-qlr1.0e-3,Hgog,30
0.00025,0.001,0.014298740774393082,0.0005806814879179001,1.2815449237823486,-0.005085397511720657,-0.0008030440658330917,1.575332134962082e-05,0.0,0.3083929419517517,7,1,378880,Deterministic-ShortestPath-4x4-FrozenLake-v0,qppo-Hgog-qlr1.0e-3,Hgog,30
0.00025,0.001,0.013320906087756157,-0.0001301988959312439,1.2827417850494385,-0.006297163665294647,6.966851651668549e-05,5.358364433050156e-06,0.0,0.21380257606506348,7,1,379392,Deterministic-ShortestPath-4x4-FrozenLake-v0,qppo-Hgog-qlr1.0e-3,Hgog,30
0.00025,0.001,0.024110745638608932,-0.0008837729692459106,1.2790721654891968,-0.0016191210597753525,-0.00018536066636443138,7.7076256275177e-06,0.0,0.45812439918518066,7,1,379904,Deterministic-ShortestPath-4x4-FrozenLake-v0,qppo-Hgog-qlr1.0e-3,Hgog,30
0.00025,0.001,0.01858694851398468,0.00021739304065704346,1.2790559530258179,-0.0032796915620565414,-0.00048090238124132156,3.7034042179584503e-06,0.0,0.30608516931533813,7,1,380416,Deterministic-ShortestPath-4x4-FrozenLake-v0,qppo-Hgog-qlr1.0e-3,Hgog,30
0.00025,0.001,0.021918699145317078,-0.0002536289393901825,1.2904938459396362,-0.002199217677116394,-0.00019232602789998055,9.164214134216309e-06,0.0,0.32761114835739136,7,1,380928,Deterministic-ShortestPath-4x4-FrozenLake-v0,qppo-Hgog-qlr1.0e-3,Hgog,30
0.00025,0.001,0.016948219388723373,0.00035681575536727905,1.2919596433639526,-0.004088670946657658,0.0015904884785413742,3.6588869988918304e-05,0.0,0.27295011281967163,7,1,381440,Deterministic-ShortestPath-4x4-FrozenLake-v0,qppo-Hgog-qlr1.0e-3,Hgog,30
0.00025,0.001,0.030571842566132545,0.00014421017840504646,1.2792414426803589,0.002637716941535473,-0.00024083862081170082,4.807952791452408e-06,0.0,0.28852736949920654,7,1,381952,Deterministic-ShortestPath-4x4-FrozenLake-v0,qppo-Hgog-qlr1.0e-3,Hgog,30
0.00025,0.001,0.01136863511055708,4.455447196960449e-05,1.2823495864868164,-0.007094623986631632,-1.7150770872831345e-05,1.8309801816940308e-06,0.0,0.26289379596710205,7,1,382464,Deterministic-ShortestPath-4x4-FrozenLake-v0,qppo-Hgog-qlr1.0e-3,Hgog,30
0.00025,0.001,0.03493892401456833,-0.000984281301498413,1.292142391204834,0.0035637570545077324,-0.00048382580280303955,7.663620635867119e-05,0.0,0.2823416590690613,7,1,382976,Deterministic-ShortestPath-4x4-FrozenLake-v0,qppo-Hgog-qlr1.0e-3,Hgog,30
0.00025,0.001,0.01966250129044056,-0.00031156837940216064,1.2701328992843628,-0.003181646578013897,-0.0003821603022515774,2.1707266569137573e-05,0.0,0.12311041355133057,7,1,383488,Deterministic-ShortestPath-4x4-FrozenLake-v0,qppo-Hgog-qlr1.0e-3,Hgog,30
0.00025,0.001,0.003426013980060816,-0.0007128752768039703,1.2778726816177368,-0.011778594925999641,0.00044390512630343437,8.945818990468979e-06,0.0,0.45974546670913696,7,1,384000,Deterministic-ShortestPath-4x4-FrozenLake-v0,qppo-Hgog-qlr1.0e-3,Hgog,30
0.00025,0.001,0.02980327606201172,-0.0002180933952331543,1.2632039785385132,0.002051505260169506,-0.00021248450502753258,1.9724015146493912e-05,0.0,0.19999533891677856,7,1,384512,Deterministic-ShortestPath-4x4-FrozenLake-v0,qppo-Hgog-qlr1.0e-3,Hgog,30
0.00025,0.001,0.019742392003536224,0.00042470358312129974,1.2896817922592163,-0.0026009175926446915,3.133947029709816e-05,1.6802456229925156e-05,0.0,0.3139150142669678,7,1,385024,Deterministic-ShortestPath-4x4-FrozenLake-v0,qppo-Hgog-qlr1.0e-3,Hgog,30
0.00025,0.001,0.022045115008950233,-0.001390703022480011,1.2848355770111084,-0.0032165013253688812,0.0005112793296575546,4.968559369444847e-05,0.0,0.2350466251373291,7,1,385536,Deterministic-ShortestPath-4x4-FrozenLake-v0,qppo-Hgog-qlr1.0e-3,Hgog,30
0.00025,0.001,0.040310777723789215,-0.0002467334270477295,1.260902762413025,0.007299628108739853,5.9079378843307495e-05,3.0212104320526123e-06,0.0,0.3169001340866089,7,1,386048,Deterministic-ShortestPath-4x4-FrozenLake-v0,qppo-Hgog-qlr1.0e-3,Hgog,30
0.00025,0.001,0.027838611975312233,-0.00014181993901729584,1.2754982709884644,0.001022503711283207,0.00032587628811597824,2.9960647225379944e-05,0.0,0.3901125192642212,7,1,386560,Deterministic-ShortestPath-4x4-FrozenLake-v0,qppo-Hgog-qlr1.0e-3,Hgog,30
0.00025,0.001,0.015639249235391617,-0.0003196354955434799,1.2704694271087646,-0.005204704590141773,-0.0001871786080300808,9.126961231231689e-07,0.0,-0.0544888973236084,7,1,387072,Deterministic-ShortestPath-4x4-FrozenLake-v0,qppo-Hgog-qlr1.0e-3,Hgog,30
0.00025,0.001,0.007949421182274818,0.00018302910029888153,1.2977780103683472,-0.00882004015147686,0.00021437136456370354,1.2107659131288528e-05,0.0,0.2723844647407532,7,1,387584,Deterministic-ShortestPath-4x4-FrozenLake-v0,qppo-Hgog-qlr1.0e-3,Hgog,30
0.00025,0.001,0.009016359224915504,-0.0006351098418235779,1.2775155305862427,-0.00890208501368761,-0.0010759932920336723,3.3667776733636856e-05,0.0,0.2298870086669922,7,1,388096,Deterministic-ShortestPath-4x4-FrozenLake-v0,qppo-Hgog-qlr1.0e-3,Hgog,30
0.00025,0.001,0.03786930441856384,0.00027877092361450195,1.2731187343597412,0.006482236087322235,0.00033884448930621147,2.1278392523527145e-05,0.0,0.3475646376609802,7,1,388608,Deterministic-ShortestPath-4x4-FrozenLake-v0,qppo-Hgog-qlr1.0e-3,Hgog,30
0.00025,0.001,0.029611222445964813,-0.0003483332693576813,1.2785365581512451,0.0016719130799174309,-0.00034840498119592667,1.8369872123003006e-05,0.0,0.1805424690246582,7,1,389120,Deterministic-ShortestPath-4x4-FrozenLake-v0,qppo-Hgog-qlr1.0e-3,Hgog,30
0.00025,0.001,0.015275897458195686,-0.0005866587162017822,1.2727093696594238,-0.005675802938640118,0.0005339332856237888,2.185814082622528e-05,0.0,0.17296791076660156,7,1,389632,Deterministic-ShortestPath-4x4-FrozenLake-v0,qppo-Hgog-qlr1.0e-3,Hgog,30
0.00025,0.001,0.030535906553268433,-0.0010278956033289433,1.275769591331482,0.0014823619276285172,-6.395205855369568e-05,1.1391006410121918e-05,0.0,0.23503988981246948,7,1,390144,Deterministic-ShortestPath-4x4-FrozenLake-v0,qppo-Hgog-qlr1.0e-3,Hgog,30
0.00025,0.001,0.03757321462035179,-0.00010165944695472717,1.2644754648208618,0.006040193140506744,0.0007240450941026211,2.2032763808965683e-05,0.0,0.27688419818878174,7,1,390656,Deterministic-ShortestPath-4x4-FrozenLake-v0,qppo-Hgog-qlr1.0e-3,Hgog,30
0.00025,0.001,0.01959262788295746,0.0004356179852038622,1.2931170463562012,-0.002699238248169422,-0.0002578846178948879,3.3741816878318787e-06,0.0,0.2403268814086914,7,1,391168,Deterministic-ShortestPath-4x4-FrozenLake-v0,qppo-Hgog-qlr1.0e-3,Hgog,30
0.00025,0.001,0.01526794582605362,-7.026223465800285e-05,1.2750065326690674,-0.0051863547414541245,0.000514741986989975,6.137881428003311e-06,0.0,-0.17195606231689453,7,1,391680,Deterministic-ShortestPath-4x4-FrozenLake-v0,qppo-Hgog-qlr1.0e-3,Hgog,30
0.00025,0.001,0.013860625214874744,0.0008531808853149414,1.2925684452056885,-0.005142190959304571,0.0008126944303512573,1.6483478248119354e-05,0.0,0.21183526515960693,7,1,392192,Deterministic-ShortestPath-4x4-FrozenLake-v0,qppo-Hgog-qlr1.0e-3,Hgog,30
0.00025,0.001,0.026123613119125366,-0.000611407682299614,1.2779531478881836,-0.00032913219183683395,3.175344318151474e-06,1.4682766050100327e-05,0.0,0.30026715993881226,7,1,392704,Deterministic-ShortestPath-4x4-FrozenLake-v0,qppo-Hgog-qlr1.0e-3,Hgog,30
0.00025,0.001,0.0339975543320179,-0.001285318285226822,1.260066032409668,0.0031127985566854477,-0.0005372129380702972,3.200490027666092e-05,0.0,0.35047537088394165,7,1,393216,Deterministic-ShortestPath-4x4-FrozenLake-v0,qppo-Hgog-qlr1.0e-3,Hgog,30
0.00025,0.001,0.007274009753018618,-0.0006357822567224503,1.2737793922424316,-0.009736571460962296,0.00022618845105171204,1.9472092390060425e-05,0.0,0.13881540298461914,7,1,393728,Deterministic-ShortestPath-4x4-FrozenLake-v0,qppo-Hgog-qlr1.0e-3,Hgog,30
0.00025,0.001,0.046645328402519226,0.00011700019240379333,1.2659804821014404,0.010779859498143196,0.000900371465831995,6.2300823628902435e-06,0.0,0.4059721827507019,7,1,394240,Deterministic-ShortestPath-4x4-FrozenLake-v0,qppo-Hgog-qlr1.0e-3,Hgog,30
0.00025,0.001,0.008303584530949593,-0.0005074050277471542,1.289092779159546,-0.009246540255844593,-0.00014670006930828094,5.349982529878616e-06,0.0,-0.10876905918121338,7,1,394752,Deterministic-ShortestPath-4x4-FrozenLake-v0,qppo-Hgog-qlr1.0e-3,Hgog,30
0.00025,0.001,0.03171704337000847,6.443168967962265e-05,1.2911828756332397,0.0030111251398921013,-5.1239971071481705e-05,3.511086106300354e-07,0.0,0.3180403709411621,7,1,395264,Deterministic-ShortestPath-4x4-FrozenLake-v0,qppo-Hgog-qlr1.0e-3,Hgog,30
0.00025,0.001,0.051349908113479614,0.00010890141129493713,1.2694251537322998,0.013089604675769806,-0.0008152411319315434,1.860782504081726e-05,0.0,0.3677085041999817,7,1,395776,Deterministic-ShortestPath-4x4-FrozenLake-v0,qppo-Hgog-qlr1.0e-3,Hgog,30
0.00025,0.001,0.021612510085105896,-0.0013720057904720306,1.2629973888397217,-0.0031957244500517845,0.00026922160759568214,1.0059680789709091e-05,0.0,0.27790677547454834,7,1,396288,Deterministic-ShortestPath-4x4-FrozenLake-v0,qppo-Hgog-qlr1.0e-3,Hgog,30
0.00025,0.001,0.029841098934412003,-0.000927608460187912,1.2699164152145386,0.0012937774881720543,-4.507135599851608e-06,2.526957541704178e-05,0.0,0.2703944444656372,7,1,396800,Deterministic-ShortestPath-4x4-FrozenLake-v0,qppo-Hgog-qlr1.0e-3,Hgog,30
0.00025,0.001,0.021873582154512405,3.248080611228943e-05,1.2828567028045654,-0.0018592951819300652,-0.0006471900269389153,2.6240479201078415e-05,0.0,0.21583127975463867,7,1,397312,Deterministic-ShortestPath-4x4-FrozenLake-v0,qppo-Hgog-qlr1.0e-3,Hgog,30
0.00025,0.001,0.012465275824069977,-3.0564144253730774e-05,1.2637739181518555,-0.006435665301978588,0.0003972700797021389,3.039836883544922e-06,0.0,0.46215975284576416,7,1,397824,Deterministic-ShortestPath-4x4-FrozenLake-v0,qppo-Hgog-qlr1.0e-3,Hgog,30
0.00025,0.001,0.019704587757587433,-0.0002255011349916458,1.2787535190582275,-0.003160742111504078,1.9520055502653122e-05,1.2726522982120514e-05,0.0,0.44696325063705444,7,1,398336,Deterministic-ShortestPath-4x4-FrozenLake-v0,qppo-Hgog-qlr1.0e-3,Hgog,30
0.00025,0.001,0.04444991424679756,-0.001353500410914421,1.2617613077163696,0.008253843523561954,-0.00014386232942342758,2.7548056095838547e-05,0.0,0.34100085496902466,7,1,398848,Deterministic-ShortestPath-4x4-FrozenLake-v0,qppo-Hgog-qlr1.0e-3,Hgog,30
0.00025,0.001,0.004901423119008541,0.00030875997617840767,1.279494285583496,-0.010035470128059387,-0.0003255261108279228,1.153256744146347e-05,0.0,-22.91607666015625,7,1,399360,Deterministic-ShortestPath-4x4-FrozenLake-v0,qppo-Hgog-qlr1.0e-3,Hgog,30
0.00025,0.001,0.03537564352154732,-0.0003712335601449013,1.250402569770813,0.0048125628381967545,0.00012695789337158203,2.719927579164505e-06,0.0,0.33160465955734253,7,1,399872,Deterministic-ShortestPath-4x4-FrozenLake-v0,qppo-Hgog-qlr1.0e-3,Hgog,30
0.00025,0.001,0.007482554763555527,6.511807441711426e-05,1.2763324975967407,-0.008956929668784142,-0.00016852188855409622,1.0756775736808777e-06,0.0,0.23586338758468628,7,1,400384,Deterministic-ShortestPath-4x4-FrozenLake-v0,qppo-Hgog-qlr1.0e-3,Hgog,30
0.00025,0.001,0.011237597092986107,-0.0006682444363832474,1.285339117050171,-0.007902836427092552,0.00017516501247882843,2.4621840566396713e-05,0.0,0.2545013427734375,7,1,400896,Deterministic-ShortestPath-4x4-FrozenLake-v0,qppo-Hgog-qlr1.0e-3,Hgog,30
0.00025,0.001,0.016131166368722916,-0.0003023287281394005,1.2818903923034668,-0.00505564920604229,-0.0003620409406721592,1.4058779925107956e-05,0.0,0.19972586631774902,7,1,401408,Deterministic-ShortestPath-4x4-FrozenLake-v0,qppo-Hgog-qlr1.0e-3,Hgog,30
0.00025,0.001,0.02505774423480034,0.0007166638970375061,1.2694101333618164,0.0005514351651072502,0.00020429491996765137,1.4681369066238403e-05,0.0,0.29326826333999634,7,1,401920,Deterministic-ShortestPath-4x4-FrozenLake-v0,qppo-Hgog-qlr1.0e-3,Hgog,30
0.00025,0.001,0.009580278769135475,2.1459534764289856e-05,1.2685424089431763,-0.007873824797570705,-9.617116302251816e-05,8.614733815193176e-07,0.0,0.2726060748100281,7,1,402432,Deterministic-ShortestPath-4x4-FrozenLake-v0,qppo-Hgog-qlr1.0e-3,Hgog,30
0.00025,0.001,0.02042267471551895,-0.00021186843514442444,1.2701274156570435,-0.0027018049731850624,-1.6926322132349014e-05,2.494547516107559e-06,0.0,0.2508907914161682,7,1,402944,Deterministic-ShortestPath-4x4-FrozenLake-v0,qppo-Hgog-qlr1.0e-3,Hgog,30
0.00025,0.001,0.031041337177157402,0.0002797059714794159,1.2694847583770752,0.0031055277213454247,-0.00037925736978650093,3.7727877497673035e-06,0.0,0.45021361112594604,7,1,403456,Deterministic-ShortestPath-4x4-FrozenLake-v0,qppo-Hgog-qlr1.0e-3,Hgog,30
0.00025,0.001,0.02078949473798275,-7.885321974754333e-05,1.3058499097824097,-0.0027426043525338173,0.00016864435747265816,1.3412907719612122e-05,0.0,0.32460838556289673,7,1,403968,Deterministic-ShortestPath-4x4-FrozenLake-v0,qppo-Hgog-qlr1.0e-3,Hgog,30
0.00025,0.001,0.012642985209822655,0.00013422034680843353,1.254326581954956,-0.006087552756071091,0.00018481863662600517,3.2410025596618652e-06,0.0,0.44388240575790405,7,1,404480,Deterministic-ShortestPath-4x4-FrozenLake-v0,qppo-Hgog-qlr1.0e-3,Hgog,30
0.00025,0.001,0.019142141565680504,8.428003638982773e-05,1.2852635383605957,-0.0031972844153642654,-0.0004009222611784935,1.0896474123001099e-05,0.0,0.07570946216583252,7,1,404992,Deterministic-ShortestPath-4x4-FrozenLake-v0,qppo-Hgog-qlr1.0e-3,Hgog,30
0.00025,0.001,0.03647106885910034,0.0001471787691116333,1.2824969291687012,0.0055577438324689865,-0.00021233363077044487,2.830289304256439e-06,0.0,0.2804349660873413,7,1,405504,Deterministic-ShortestPath-4x4-FrozenLake-v0,qppo-Hgog-qlr1.0e-3,Hgog,30
0.00025,0.001,0.004476537927985191,-0.00015253666788339615,1.28543221950531,-0.010768589563667774,-3.4873373806476593e-06,1.0384246706962585e-07,0.0,-9.550806045532227,7,1,406016,Deterministic-ShortestPath-4x4-FrozenLake-v0,qppo-Hgog-qlr1.0e-3,Hgog,30
0.00025,0.001,0.021518483757972717,-0.0012067882344126701,1.2908709049224854,-0.0033562546595931053,0.0004991437308490276,2.6221387088298798e-05,0.0,0.23319143056869507,7,1,406528,Deterministic-ShortestPath-4x4-FrozenLake-v0,qppo-Hgog-qlr1.0e-3,Hgog,30
0.00025,0.001,0.027915041893720627,0.001056985929608345,1.270437479019165,0.00231013260781765,0.000997165683656931,1.606624573469162e-05,0.0,0.3675019145011902,7,1,407040,Deterministic-ShortestPath-4x4-FrozenLake-v0,qppo-Hgog-qlr1.0e-3,Hgog,30
0.00025,0.001,0.0282429289072752,0.00038457009941339493,1.281184196472168,0.001694193109869957,0.0006202049553394318,6.472691893577576e-06,0.0,0.2089211344718933,7,1,407552,Deterministic-ShortestPath-4x4-FrozenLake-v0,qppo-Hgog-qlr1.0e-3,Hgog,30
0.00025,0.001,0.0242309533059597,-0.00012627989053726196,1.287808895111084,-0.0008888915181159973,-8.281739428639412e-05,3.734603524208069e-06,0.0,0.12342774868011475,7,1,408064,Deterministic-ShortestPath-4x4-FrozenLake-v0,qppo-Hgog-qlr1.0e-3,Hgog,30
0.00025,0.001,0.03225860744714737,-5.036592483520508e-06,1.2878215312957764,0.0032460521906614304,-0.0003831712529063225,1.488393172621727e-05,0.0,0.2091342806816101,7,1,408576,Deterministic-ShortestPath-4x4-FrozenLake-v0,qppo-Hgog-qlr1.0e-3,Hgog,30
0.00025,0.001,0.01012821402400732,0.00011419691145420074,1.2903685569763184,-0.007725381758064032,0.00022142520174384117,3.591179847717285e-06,0.0,0.22943443059921265,7,1,409088,Deterministic-ShortestPath-4x4-FrozenLake-v0,qppo-Hgog-qlr1.0e-3,Hgog,30
0.00025,0.001,0.021762605756521225,-0.00015590712428092957,1.2657166719436646,-0.0019317707046866417,-0.000335080549120903,1.1176802217960358e-05,0.0,0.2514321208000183,7,1,409600,Deterministic-ShortestPath-4x4-FrozenLake-v0,qppo-Hgog-qlr1.0e-3,Hgog,30
0.00025,0.001,0.015063246712088585,7.361546158790588e-05,1.2858878374099731,-0.005253639072179794,-0.0004242551513016224,1.3254117220640182e-05,0.0,0.028317570686340332,7,1,410112,Deterministic-ShortestPath-4x4-FrozenLake-v0,qppo-Hgog-qlr1.0e-3,Hgog,30
0.00025,0.001,0.02620621584355831,-0.00022414512932300568,1.291029930114746,-3.1336210668087006e-05,0.0004296954721212387,1.0669231414794922e-05,0.0,0.2981869578361511,7,1,410624,Deterministic-ShortestPath-4x4-FrozenLake-v0,qppo-Hgog-qlr1.0e-3,Hgog,30
0.00025,0.001,0.017115633934736252,0.0001108907163143158,1.2625164985656738,-0.003956456668674946,-0.00041796034201979637,9.664800018072128e-06,0.0,0.2964937686920166,7,1,411136,Deterministic-ShortestPath-4x4-FrozenLake-v0,qppo-Hgog-qlr1.0e-3,Hgog,30
0.00025,0.001,0.019875992089509964,-0.00038345903158187866,1.27022123336792,-0.003147674724459648,5.5617187172174454e-05,5.146954208612442e-06,0.0,0.2608593702316284,7,1,411648,Deterministic-ShortestPath-4x4-FrozenLake-v0,qppo-Hgog-qlr1.0e-3,Hgog,30
0.00025,0.001,0.013497932814061642,-0.0003645755350589752,1.2729780673980713,-0.006345389876514673,-0.00031484197825193405,1.2711621820926666e-05,0.0,0.3149009346961975,7,1,412160,Deterministic-ShortestPath-4x4-FrozenLake-v0,qppo-Hgog-qlr1.0e-3,Hgog,30
0.00025,0.001,0.02925722301006317,-0.00016993284225463867,1.2913506031036377,0.0015451731160283089,-7.103057578206062e-05,1.2237578630447388e-06,0.0,0.23758292198181152,7,1,412672,Deterministic-ShortestPath-4x4-FrozenLake-v0,qppo-Hgog-qlr1.0e-3,Hgog,30
0.00025,0.001,0.013926774263381958,-0.0002681128680706024,1.2794830799102783,-0.00609955657273531,0.0004306989721953869,1.106085255742073e-05,0.0,-0.09580051898956299,7,1,413184,Deterministic-ShortestPath-4x4-FrozenLake-v0,qppo-Hgog-qlr1.0e-3,Hgog,30
0.00025,0.001,0.01822993904352188,-0.00010977312922477722,1.2822624444961548,-0.0038174279034137726,0.0007466357201337814,5.966704338788986e-05,0.0,0.3245224356651306,7,1,413696,Deterministic-ShortestPath-4x4-FrozenLake-v0,qppo-Hgog-qlr1.0e-3,Hgog,30
0.00025,0.001,0.027023056522011757,-0.0007212087512016296,1.2672516107559204,0.00011780392378568649,0.0004106923006474972,3.321748226881027e-05,0.0,0.1337120532989502,7,1,414208,Deterministic-ShortestPath-4x4-FrozenLake-v0,qppo-Hgog-qlr1.0e-3,Hgog,30
0.00025,0.001,0.028473548591136932,-0.0008714757859706879,1.2478981018066406,0.0008863173425197601,-0.0006953119300305843,2.751639112830162e-05,0.0,0.20036613941192627,7,1,414720,Deterministic-ShortestPath-4x4-FrozenLake-v0,qppo-Hgog-qlr1.0e-3,Hgog,30
0.00025,0.001,0.014085076749324799,0.0003875717520713806,1.2821340560913086,-0.005391229875385761,-0.00017912639304995537,1.181475818157196e-05,0.0,0.14981240034103394,7,1,415232,Deterministic-ShortestPath-4x4-FrozenLake-v0,qppo-Hgog-qlr1.0e-3,Hgog,30
0.00025,0.001,0.006264533381909132,-0.0004395581781864166,1.2668192386627197,-0.009975483641028404,-0.0004922053776681423,7.914379239082336e-06,0.0,0.26753997802734375,7,1,415744,Deterministic-ShortestPath-4x4-FrozenLake-v0,qppo-Hgog-qlr1.0e-3,Hgog,30
0.00025,0.001,0.003254540264606476,-1.465529203414917e-05,1.2730567455291748,-0.011117951944470406,5.967728793621063e-05,3.105960786342621e-07,0.0,0.20895695686340332,7,1,416256,Deterministic-ShortestPath-4x4-FrozenLake-v0,qppo-Hgog-qlr1.0e-3,Hgog,30
0.00025,0.001,0.023304061964154243,-0.0003546886146068573,1.2786717414855957,-0.0014893747866153717,-4.791701212525368e-05,2.323184162378311e-06,0.0,0.27702832221984863,7,1,416768,Deterministic-ShortestPath-4x4-FrozenLake-v0,qppo-Hgog-qlr1.0e-3,Hgog,30
0.00025,0.001,0.023579396307468414,0.00044096168130636215,1.2821717262268066,-0.0005910573527216911,2.2901222109794617e-05,8.623581379652023e-06,0.0,0.28682243824005127,7,1,417280,Deterministic-ShortestPath-4x4-FrozenLake-v0,qppo-Hgog-qlr1.0e-3,Hgog,30
0.00025,0.001,0.024299118667840958,7.599964737892151e-05,1.2743558883666992,-0.0005179997533559799,-0.00047292979434132576,8.406117558479309e-06,0.0,0.33919793367385864,7,1,417792,Deterministic-ShortestPath-4x4-FrozenLake-v0,qppo-Hgog-qlr1.0e-3,Hgog,30
0.00025,0.001,0.010564764030277729,-3.8916245102882385e-05,1.286214828491211,-0.0076186819933354855,-0.0001901760697364807,5.234032869338989e-07,0.0,0.2096693515777588,7,1,418304,Deterministic-ShortestPath-4x4-FrozenLake-v0,qppo-Hgog-qlr1.0e-3,Hgog,30
0.00025,0.001,0.03947814553976059,-0.0005365579854696989,1.2681890726089478,0.0065206242725253105,0.0008344198577105999,2.308189868927002e-05,0.0,0.10134142637252808,7,1,418816,Deterministic-ShortestPath-4x4-FrozenLake-v0,qppo-Hgog-qlr1.0e-3,Hgog,30
0.00025,0.001,0.028683358803391457,0.0005807168781757355,1.2575703859329224,0.002346692606806755,-0.0015643369406461716,5.592219531536102e-05,0.0,0.3115115165710449,7,1,419328,Deterministic-ShortestPath-4x4-FrozenLake-v0,qppo-Hgog-qlr1.0e-3,Hgog,30
0.00025,0.001,0.0401272214949131,-1.1611729860305786e-05,1.254801869392395,0.00750398077070713,5.103275179862976e-05,4.100147634744644e-06,0.0,0.36210906505584717,7,1,419840,Deterministic-ShortestPath-4x4-FrozenLake-v0,qppo-Hgog-qlr1.0e-3,Hgog,30
0.00025,0.001,0.030327774584293365,-0.00025287456810474396,1.2817163467407227,0.002093849703669548,-0.000248870812356472,5.832407623529434e-06,0.0,0.20402121543884277,7,1,420352,Deterministic-ShortestPath-4x4-FrozenLake-v0,qppo-Hgog-qlr1.0e-3,Hgog,30
0.00025,0.001,0.021067682653665543,-1.3399869203567505e-05,1.269180417060852,-0.0021713627502322197,0.00022499309852719307,7.115770131349564e-06,0.0,0.31328004598617554,7,1,420864,Deterministic-ShortestPath-4x4-FrozenLake-v0,qppo-Hgog-qlr1.0e-3,Hgog,30
0.00025,0.001,0.010016387328505516,-0.00020724348723888397,1.2671884298324585,-0.007870933972299099,-1.148739829659462e-05,1.2208707630634308e-05,0.0,-0.09042644500732422,7,1,421376,Deterministic-ShortestPath-4x4-FrozenLake-v0,qppo-Hgog-qlr1.0e-3,Hgog,30
0.00025,0.001,0.021128756925463676,-5.7085417211055756e-05,1.254747986793518,-0.002040186896920204,-4.3105799704790115e-05,1.0989606380462646e-07,0.0,0.39889365434646606,7,1,421888,Deterministic-ShortestPath-4x4-FrozenLake-v0,qppo-Hgog-qlr1.0e-3,Hgog,30
0.00025,0.001,0.04541498422622681,0.0005345288664102554,1.247722864151001,0.010764792561531067,0.00038112420588731766,2.271542325615883e-05,0.0,0.26912784576416016,7,1,422400,Deterministic-ShortestPath-4x4-FrozenLake-v0,qppo-Hgog-qlr1.0e-3,Hgog,30
0.00025,0.001,0.02624646946787834,-0.00024000555276870728,1.2587957382202148,0.000295272096991539,-7.324619218707085e-05,4.5727938413619995e-06,0.0,0.2809237837791443,7,1,422912,Deterministic-ShortestPath-4x4-FrozenLake-v0,qppo-Hgog-qlr1.0e-3,Hgog,30
0.00025,0.001,0.01779811456799507,0.00010499358177185059,1.2827008962631226,-0.0038229580968618393,0.00026506371796131134,8.558854460716248e-06,0.0,-0.0021932125091552734,7,1,423424,Deterministic-ShortestPath-4x4-FrozenLake-v0,qppo-Hgog-qlr1.0e-3,Hgog,30
0.00025,0.001,0.027594413608312607,-0.00019649788737297058,1.2644469738006592,0.000956239178776741,-6.61737285554409e-05,1.391395926475525e-06,0.0,0.2857654094696045,7,1,423936,Deterministic-ShortestPath-4x4-FrozenLake-v0,qppo-Hgog-qlr1.0e-3,Hgog,30
0.00025,0.001,0.033691681921482086,-3.3056363463401794e-05,1.2760658264160156,0.004052126780152321,7.201824337244034e-05,8.921604603528976e-06,0.0,0.26946932077407837,7,1,424448,Deterministic-ShortestPath-4x4-FrozenLake-v0,qppo-Hgog-qlr1.0e-3,Hgog,30
0.00025,0.001,0.027268076315522194,0.0007251864299178123,1.2601999044418335,0.0017572259530425072,0.00012805406004190445,1.307949423789978e-05,0.0,0.3279568552970886,7,1,424960,Deterministic-ShortestPath-4x4-FrozenLake-v0,qppo-Hgog-qlr1.0e-3,Hgog,30
0.00025,0.001,0.015939151868224144,-0.00025145523250102997,1.2761282920837402,-0.005043162032961845,4.785647615790367e-05,7.790513336658478e-06,0.0,0.2533402442932129,7,1,425472,Deterministic-ShortestPath-4x4-FrozenLake-v0,qppo-Hgog-qlr1.0e-3,Hgog,30
0.00025,0.001,0.004976799711585045,-7.329508662223816e-05,1.2934517860412598,-0.010519412346184254,0.00016031041741371155,4.269648343324661e-06,0.0,0.11142998933792114,7,1,425984,Deterministic-ShortestPath-4x4-FrozenLake-v0,qppo-Hgog-qlr1.0e-3,Hgog,30
0.00025,0.001,0.014849669300019741,-0.0003388598561286926,1.255644679069519,-0.0054704719223082066,-0.00023622158914804459,6.736721843481064e-06,0.0,0.4127384424209595,7,1,426496,Deterministic-ShortestPath-4x4-FrozenLake-v0,qppo-Hgog-qlr1.0e-3,Hgog,30
0.00025,0.001,0.016787489876151085,2.7313828468322754e-05,1.2721866369247437,-0.004300807602703571,-2.1891668438911438e-05,9.440351277589798e-06,0.0,0.3656924366950989,7,1,427008,Deterministic-ShortestPath-4x4-FrozenLake-v0,qppo-Hgog-qlr1.0e-3,Hgog,30
0.00025,0.001,0.005768726114183664,0.0003367718309164047,1.2699230909347534,-0.009478095918893814,0.0003297184593975544,1.3592187315225601e-05,0.0,-0.22202515602111816,7,1,427520,Deterministic-ShortestPath-4x4-FrozenLake-v0,qppo-Hgog-qlr1.0e-3,Hgog,30
0.00025,0.001,0.020572006702423096,-0.000273238867521286,1.2630047798156738,-0.0026172827929258347,0.0004725721664726734,6.21424987912178e-06,0.0,0.18284940719604492,7,1,428032,Deterministic-ShortestPath-4x4-FrozenLake-v0,qppo-Hgog-qlr1.0e-3,Hgog,30
0.00025,0.001,0.001552344998344779,-0.0011487416923046112,1.2816604375839233,-0.013189173303544521,0.0005905879661440849,6.175972521305084e-05,0.0,-8.811429977416992,7,1,428544,Deterministic-ShortestPath-4x4-FrozenLake-v0,qppo-Hgog-qlr1.0e-3,Hgog,30
0.00025,0.001,0.030510742217302322,-0.0001905970275402069,1.2840431928634644,0.0022243428975343704,-0.00039765238761901855,2.066139131784439e-05,0.0,0.3010997176170349,7,1,429056,Deterministic-ShortestPath-4x4-FrozenLake-v0,qppo-Hgog-qlr1.0e-3,Hgog,30
0.00025,0.001,0.03757200762629509,0.00015218742191791534,1.2687392234802246,0.006250799633562565,0.00045450683683156967,1.5970319509506226e-05,0.0,0.4362247586250305,7,1,429568,Deterministic-ShortestPath-4x4-FrozenLake-v0,qppo-Hgog-qlr1.0e-3,Hgog,30
0.00025,0.001,0.0036271915305405855,-9.265844710171223e-06,1.276908278465271,-0.010964752174913883,-0.00031448202207684517,3.742985427379608e-06,0.0,0.2783900499343872,7,1,430080,Deterministic-ShortestPath-4x4-FrozenLake-v0,qppo-Hgog-qlr1.0e-3,Hgog,30
0.00025,0.001,0.015527918934822083,4.2805448174476624e-05,1.2789627313613892,-0.004982861690223217,6.214110180735588e-05,3.618188202381134e-07,0.0,0.24956727027893066,7,1,430592,Deterministic-ShortestPath-4x4-FrozenLake-v0,qppo-Hgog-qlr1.0e-3,Hgog,30
0.00025,0.001,0.03747023642063141,0.00010564550757408142,1.284231424331665,0.005998449400067329,-0.00022090692073106766,3.927852958440781e-06,0.0,0.3492940664291382,7,1,431104,Deterministic-ShortestPath-4x4-FrozenLake-v0,qppo-Hgog-qlr1.0e-3,Hgog,30
0.00025,0.001,0.044055208563804626,-0.00026995502412319183,1.2511765956878662,0.00924588367342949,-0.0005014762282371521,5.5246055126190186e-06,0.0,0.23831331729888916,7,1,431616,Deterministic-ShortestPath-4x4-FrozenLake-v0,qppo-Hgog-qlr1.0e-3,Hgog,30
0.00025,0.001,0.0025389885995537043,-0.0001557944342494011,1.2823524475097656,-0.011709824204444885,0.0001238030381500721,5.2871182560920715e-06,0.0,-7.868166923522949,7,1,432128,Deterministic-ShortestPath-4x4-FrozenLake-v0,qppo-Hgog-qlr1.0e-3,Hgog,30
0.00025,0.001,0.012143679894506931,-9.31471586227417e-05,1.284296989440918,-0.006864277180284262,3.29003669321537e-05,1.0985415428876877e-05,0.0,0.25925111770629883,7,1,432640,Deterministic-ShortestPath-4x4-FrozenLake-v0,qppo-Hgog-qlr1.0e-3,Hgog,30
0.00025,0.001,0.03421078622341156,-0.0004561226814985275,1.2772523164749146,0.003876747563481331,0.0004165065474808216,2.312473952770233e-05,0.0,0.3477340340614319,7,1,433152,Deterministic-ShortestPath-4x4-FrozenLake-v0,qppo-Hgog-qlr1.0e-3,Hgog,30
0.00025,0.001,0.010471860878169537,-0.0005671735852956772,1.2840361595153809,-0.008171604946255684,-2.424372360110283e-05,6.780494004487991e-06,0.0,0.20082157850265503,7,1,433664,Deterministic-ShortestPath-4x4-FrozenLake-v0,qppo-Hgog-qlr1.0e-3,Hgog,30
0.00025,0.001,0.0309306588023901,-0.0007102079689502716,1.2986992597579956,0.0017681289464235306,0.00020497571676969528,1.1677388101816177e-05,0.0,0.38800930976867676,7,1,434176,Deterministic-ShortestPath-4x4-FrozenLake-v0,qppo-Hgog-qlr1.0e-3,Hgog,30
0.00025,0.001,0.02852463722229004,0.0005598412826657295,1.2674496173858643,0.0021476643159985542,4.5404303818941116e-05,5.53252175450325e-06,0.0,0.3732457756996155,7,1,434688,Deterministic-ShortestPath-4x4-FrozenLake-v0,qppo-Hgog-qlr1.0e-3,Hgog,30
0.00025,0.001,0.015162350609898567,0.0003054514527320862,1.290271520614624,-0.0050160884857177734,0.00042646797373890877,1.1505559086799622e-05,0.0,0.1339404582977295,7,1,435200,Deterministic-ShortestPath-4x4-FrozenLake-v0,qppo-Hgog-qlr1.0e-3,Hgog,30
0.00025,0.001,0.0011700220638886094,-0.00018140464089810848,1.2899274826049805,-0.012495668604969978,0.00032251235097646713,4.174746572971344e-05,0.0,-9.657007217407227,7,1,435712,Deterministic-ShortestPath-4x4-FrozenLake-v0,qppo-Hgog-qlr1.0e-3,Hgog,30
0.00025,0.001,0.024029022082686424,-0.0008398070931434631,1.2805628776550293,-0.001630924642086029,0.0007572113536298275,9.027495980262756e-05,0.0,0.2717592716217041,7,1,436224,Deterministic-ShortestPath-4x4-FrozenLake-v0,qppo-Hgog-qlr1.0e-3,Hgog,30
0.00025,0.001,0.02086682990193367,-6.740447133779526e-05,1.2703872919082642,-0.002337861806154251,-4.49158251285553e-05,4.284083843231201e-07,0.0,0.4432385563850403,7,1,436736,Deterministic-ShortestPath-4x4-FrozenLake-v0,qppo-Hgog-qlr1.0e-3,Hgog,30
0.00025,0.001,0.02746843360364437,-0.00012513622641563416,1.2562874555587769,0.0010462058708071709,-5.738483741879463e-05,8.735805749893188e-07,0.0,0.2689324617385864,7,1,437248,Deterministic-ShortestPath-4x4-FrozenLake-v0,qppo-Hgog-qlr1.0e-3,Hgog,30
0.00025,0.001,0.03172874450683594,-0.00015397276729345322,1.2804996967315674,0.0029054032638669014,3.499491140246391e-05,2.560671418905258e-06,0.0,0.2505074143409729,7,1,437760,Deterministic-ShortestPath-4x4-FrozenLake-v0,qppo-Hgog-qlr1.0e-3,Hgog,30
0.00025,0.001,0.015044779516756535,-0.0004765680059790611,1.2649707794189453,-0.005603885743767023,0.0005514551885426044,2.2201798856258392e-05,0.0,-0.16900742053985596,7,1,438272,Deterministic-ShortestPath-4x4-FrozenLake-v0,qppo-Hgog-qlr1.0e-3,Hgog,30
0.00025,0.001,0.044750455766916275,-0.0006884559988975525,1.2682387828826904,0.009004384279251099,0.00031411321833729744,2.3823697119951248e-05,0.0,0.3895196318626404,7,1,438784,Deterministic-ShortestPath-4x4-FrozenLake-v0,qppo-Hgog-qlr1.0e-3,Hgog,30
0.00025,0.001,0.02747758850455284,4.1194725781679153e-05,1.2910456657409668,0.00086953304708004,-0.0004587252624332905,1.0938849300146103e-05,0.0,0.14302575588226318,7,1,439296,Deterministic-ShortestPath-4x4-FrozenLake-v0,qppo-Hgog-qlr1.0e-3,Hgog,30
0.00025,0.001,0.03976646065711975,-0.0009505674242973328,1.2548067569732666,0.006384595297276974,-0.000438835471868515,2.5890767574310303e-05,0.0,0.3136444687843323,7,1,439808,Deterministic-ShortestPath-4x4-FrozenLake-v0,qppo-Hgog-qlr1.0e-3,Hgog,30
0.00025,0.001,0.032041508704423904,5.340203642845154e-05,1.271449089050293,0.003359666094183922,-0.00018826406449079514,2.1960586309432983e-06,0.0,0.15047383308410645,7,1,440320,Deterministic-ShortestPath-4x4-FrozenLake-v0,qppo-Hgog-qlr1.0e-3,Hgog,30
0.00025,0.001,0.022439248859882355,-0.001372840255498886,1.2960954904556274,-0.0031141703948378563,-0.00032353494316339493,7.216678932309151e-05,0.0,0.21661335229873657,7,1,440832,Deterministic-ShortestPath-4x4-FrozenLake-v0,qppo-Hgog-qlr1.0e-3,Hgog,30
0.00025,0.001,0.020489299669861794,-0.0007108114659786224,1.286954402923584,-0.0033357050269842148,0.00013690441846847534,7.655657827854156e-05,0.0,0.18370401859283447,7,1,441344,Deterministic-ShortestPath-4x4-FrozenLake-v0,qppo-Hgog-qlr1.0e-3,Hgog,30
0.00025,0.001,0.024237163364887238,-0.000805852934718132,1.2602474689483643,-0.0012897457927465439,-3.158813342452049e-05,2.6128720492124557e-05,0.0,0.2517440915107727,7,1,441856,Deterministic-ShortestPath-4x4-FrozenLake-v0,qppo-Hgog-qlr1.0e-3,Hgog,30
0.00025,0.001,0.01179287675768137,-0.00012214109301567078,1.2878878116607666,-0.007104580756276846,0.00014837272465229034,1.9514933228492737e-05,0.0,0.4553484320640564,7,1,442368,Deterministic-ShortestPath-4x4-FrozenLake-v0,qppo-Hgog-qlr1.0e-3,Hgog,30
0.00025,0.001,0.022699421271681786,0.0005702432245016098,1.2835321426391602,-0.0009153671562671661,0.00026300083845853806,1.545855775475502e-05,0.0,0.18356609344482422,7,1,442880,Deterministic-ShortestPath-4x4-FrozenLake-v0,qppo-Hgog-qlr1.0e-3,Hgog,30
0.00025,0.001,0.017198972404003143,-0.00025404058396816254,1.3065067529678345,-0.004719621501863003,0.00031596049666404724,9.369570761919022e-06,0.0,0.25400906801223755,7,1,443392,Deterministic-ShortestPath-4x4-FrozenLake-v0,qppo-Hgog-qlr1.0e-3,Hgog,30
0.00025,0.001,0.030155614018440247,-0.00010343082249164581,1.286292314529419,0.00211145356297493,-0.00013614865019917488,3.2712705433368683e-06,0.0,0.36530905961990356,7,1,443904,Deterministic-ShortestPath-4x4-FrozenLake-v0,qppo-Hgog-qlr1.0e-3,Hgog,30
0.00025,0.001,0.024716580286622047,-3.512762486934662e-05,1.2563550472259521,-0.00024038739502429962,0.0009590820409357548,2.4888664484024048e-05,0.0,0.26069480180740356,7,1,444416,Deterministic-ShortestPath-4x4-FrozenLake-v0,qppo-Hgog-qlr1.0e-3,Hgog,30
0.00025,0.001,0.034359708428382874,-5.14201819896698e-05,1.2671175003051758,0.004457259550690651,-4.735775291919708e-07,8.166767656803131e-06,0.0,0.3525262475013733,7,1,444928,Deterministic-ShortestPath-4x4-FrozenLake-v0,qppo-Hgog-qlr1.0e-3,Hgog,30
0.00025,0.001,0.02286968193948269,-0.00012880610302090645,1.2760870456695557,-0.0014548348262906075,0.0007881163619458675,1.3810582458972931e-05,0.0,0.3640976548194885,7,1,445440,Deterministic-ShortestPath-4x4-FrozenLake-v0,qppo-Hgog-qlr1.0e-3,Hgog,30
0.00025,0.001,0.014303702861070633,4.199519753456116e-05,1.2851344347000122,-0.00565749779343605,0.000288606621325016,1.8659047782421112e-06,0.0,0.32269829511642456,7,1,445952,Deterministic-ShortestPath-4x4-FrozenLake-v0,qppo-Hgog-qlr1.0e-3,Hgog,30
0.00025,0.001,0.006460440810769796,-0.002120058983564377,1.261415958404541,-0.011503997258841991,-0.00098323542624712,3.567757084965706e-05,0.0,-19.07839584350586,7,1,446464,Deterministic-ShortestPath-4x4-FrozenLake-v0,qppo-Hgog-qlr1.0e-3,Hgog,30
0.00025,0.001,0.0009302726248279214,-0.0002858005464076996,1.3115323781967163,-0.012935987673699856,1.9047874957323074e-05,4.40254807472229e-05,0.0,-4.272693634033203,7,1,446976,Deterministic-ShortestPath-4x4-FrozenLake-v0,qppo-Hgog-qlr1.0e-3,Hgog,30
0.00025,0.001,0.02643437683582306,-0.0003652647137641907,1.2856051921844482,-4.127621650695801e-06,0.0005326094105839729,9.63779166340828e-06,0.0,0.3741406798362732,7,1,447488,Deterministic-ShortestPath-4x4-FrozenLake-v0,qppo-Hgog-qlr1.0e-3,Hgog,30
0.00025,0.001,0.0281527116894722,-0.00044010020792484283,1.2685831785202026,0.000950424000620842,0.0003243940882384777,1.9622035324573517e-05,0.0,0.37849247455596924,7,1,448000,Deterministic-ShortestPath-4x4-FrozenLake-v0,qppo-Hgog-qlr1.0e-3,Hgog,30
0.00025,0.001,0.018669195473194122,-0.00039444491267204285,1.2527705430984497,-0.003587552346289158,-0.0005283006466925144,1.0807067155838013e-05,0.0,0.3501129150390625,7,1,448512,Deterministic-ShortestPath-4x4-FrozenLake-v0,qppo-Hgog-qlr1.0e-3,Hgog,30
0.00025,0.001,0.01660415716469288,-4.3101608753204346e-06,1.2582087516784668,-0.004284318536520004,-0.0002390560694038868,3.1096860766410828e-06,0.0,0.5139651000499725,7,1,449024,Deterministic-ShortestPath-4x4-FrozenLake-v0,qppo-Hgog-qlr1.0e-3,Hgog,30
0.00025,0.001,0.01190540473908186,-0.0006823278963565826,1.2873955965042114,-0.00760358152911067,9.495764970779419e-05,3.84356826543808e-06,0.0,0.07817953824996948,7,1,449536,Deterministic-ShortestPath-4x4-FrozenLake-v0,qppo-Hgog-qlr1.0e-3,Hgog,30
0.00025,0.001,0.01906450092792511,3.9925798773765564e-05,1.2653477191925049,-0.0030813002958893776,-0.00011374615132808685,1.6647391021251678e-06,0.0,0.31798332929611206,7,1,450048,Deterministic-ShortestPath-4x4-FrozenLake-v0,qppo-Hgog-qlr1.0e-3,Hgog,30
0.00025,0.001,0.02226323075592518,-6.376206874847412e-05,1.2879436016082764,-0.0018115825951099396,-8.273590356111526e-05,9.698327630758286e-06,0.0,0.34421271085739136,7,1,450560,Deterministic-ShortestPath-4x4-FrozenLake-v0,qppo-Hgog-qlr1.0e-3,Hgog,30
0.00025,0.001,0.0357154905796051,0.00018318742513656616,1.2684193849563599,0.005356739275157452,6.62100501358509e-05,4.361849278211594e-06,0.0,0.2856576442718506,7,1,451072,Deterministic-ShortestPath-4x4-FrozenLake-v0,qppo-Hgog-qlr1.0e-3,Hgog,30
0.00025,0.001,0.010794195346534252,-0.00036568520590662956,1.2604851722717285,-0.00757343927398324,0.00022154999896883965,1.0163523256778717e-05,0.0,-0.585655927658081,7,1,451584,Deterministic-ShortestPath-4x4-FrozenLake-v0,qppo-Hgog-qlr1.0e-3,Hgog,30
0.00025,0.001,0.006672149524092674,-0.0006995499134063721,1.2811068296432495,-0.010174543596804142,1.7238780856132507e-06,1.2742355465888977e-05,0.0,-15.022052764892578,7,1,452096,Deterministic-ShortestPath-4x4-FrozenLake-v0,qppo-Hgog-qlr1.0e-3,Hgog,30
0.00025,0.001,0.002954153111204505,-8.149351924657822e-05,1.279593586921692,-0.011400352232158184,-6.463378667831421e-07,2.0349398255348206e-07,0.0,-6.571115016937256,7,1,452608,Deterministic-ShortestPath-4x4-FrozenLake-v0,qppo-Hgog-qlr1.0e-3,Hgog,30
0.00025,0.001,0.028171977028250694,-0.0007536560297012329,1.281003475189209,0.0005222978070378304,0.0004842374473810196,3.3697113394737244e-05,0.0,0.3508824110031128,7,1,453120,Deterministic-ShortestPath-4x4-FrozenLake-v0,qppo-Hgog-qlr1.0e-3,Hgog,30
0.00025,0.001,0.047273170202970505,-0.00018194317817687988,1.291278600692749,0.010541856288909912,0.00047506997361779213,2.218596637248993e-05,0.0,0.22032397985458374,7,1,453632,Deterministic-ShortestPath-4x4-FrozenLake-v0,qppo-Hgog-qlr1.0e-3,Hgog,30
0.00025,0.001,0.015550987794995308,0.0005492307245731354,1.2730485200881958,-0.004405760206282139,-0.0004115044139325619,1.423712819814682e-05,0.0,0.21644073724746704,7,1,454144,Deterministic-ShortestPath-4x4-FrozenLake-v0,qppo-Hgog-qlr1.0e-3,Hgog,30
0.00025,0.001,0.009263290092349052,-0.00030262768268585205,1.274282693862915,-0.008413809351623058,0.0002895388752222061,7.188413292169571e-06,0.0,0.21402251720428467,7,1,454656,Deterministic-ShortestPath-4x4-FrozenLake-v0,qppo-Hgog-qlr1.0e-3,Hgog,30
0.00025,0.001,0.00215588859282434,0.00039267539978027344,1.2651678323745728,-0.01118105836212635,-0.0002767462283372879,8.810777217149734e-06,0.0,0.27446895837783813,7,1,455168,Deterministic-ShortestPath-4x4-FrozenLake-v0,qppo-Hgog-qlr1.0e-3,Hgog,30
0.00025,0.001,0.03404933586716652,0.00019207410514354706,1.2652525901794434,0.004564216360449791,-0.00025763455778360367,6.863847374916077e-06,0.0,0.3851674199104309,7,1,455680,Deterministic-ShortestPath-4x4-FrozenLake-v0,qppo-Hgog-qlr1.0e-3,Hgog,30
0.00025,0.001,0.0028632895555347204,-0.0004949867725372314,1.2666325569152832,-0.011729666963219643,0.00022001750767230988,5.88209368288517e-05,0.0,-0.7758743762969971,7,1,456192,Deterministic-ShortestPath-4x4-FrozenLake-v0,qppo-Hgog-qlr1.0e-3,Hgog,30
0.00025,0.001,0.043177034705877304,-0.0002808254212141037,1.2730028629302979,0.008577663451433182,0.000947524793446064,1.3025477528572083e-05,0.0,0.3036835789680481,7,1,456704,Deterministic-ShortestPath-4x4-FrozenLake-v0,qppo-Hgog-qlr1.0e-3,Hgog,30
0.00025,0.001,0.015643227845430374,8.327607065439224e-05,1.285179853439331,-0.0049469079822301865,0.00011985935270786285,4.632864147424698e-06,0.0,0.4529157876968384,7,1,457216,Deterministic-ShortestPath-4x4-FrozenLake-v0,qppo-Hgog-qlr1.0e-3,Hgog,30
0.00025,0.001,0.0354376956820488,-5.235522985458374e-05,1.2942042350769043,0.004724450409412384,-0.0003152112476527691,2.5848858058452606e-06,0.0,0.26913362741470337,7,1,457728,Deterministic-ShortestPath-4x4-FrozenLake-v0,qppo-Hgog-qlr1.0e-3,Hgog,30
0.00025,0.001,0.05060052126646042,0.00025409087538719177,1.2817022800445557,0.012737329117953777,-0.00011714361608028412,3.885943442583084e-06,0.0,0.28919196128845215,7,1,458240,Deterministic-ShortestPath-4x4-FrozenLake-v0,qppo-Hgog-qlr1.0e-3,Hgog,30
0.00025,0.001,0.028011783957481384,-0.0002742595970630646,1.251625418663025,0.0012153787538409233,-5.620531737804413e-07,3.3257529139518738e-06,0.0,0.3163612484931946,7,1,458752,Deterministic-ShortestPath-4x4-FrozenLake-v0,qppo-Hgog-qlr1.0e-3,Hgog,30
0.00025,0.001,0.02658511884510517,-0.00021631643176078796,1.2757949829101562,0.000318293459713459,7.416540756821632e-05,9.323935955762863e-06,0.0,0.25535762310028076,7,1,459264,Deterministic-ShortestPath-4x4-FrozenLake-v0,qppo-Hgog-qlr1.0e-3,Hgog,30
0.00025,0.001,0.01037939265370369,-0.000544574111700058,1.2753833532333374,-0.008108710870146751,0.00024176482111215591,2.7939677238464355e-05,0.0,0.47103291749954224,7,1,459776,Deterministic-ShortestPath-4x4-FrozenLake-v0,qppo-Hgog-qlr1.0e-3,Hgog,30
0.00025,0.001,0.018079688772559166,-0.000935195479542017,1.2800178527832031,-0.00469553004950285,0.0006928439252078533,3.56920063495636e-05,0.0,0.2538459897041321,7,1,460288,Deterministic-ShortestPath-4x4-FrozenLake-v0,qppo-Hgog-qlr1.0e-3,Hgog,30
0.00025,0.001,0.025205112993717194,-0.0008848663419485092,1.2958106994628906,-0.0012404164299368858,0.0009026564657688141,2.5198794901371002e-05,0.0,0.3998856544494629,7,1,460800,Deterministic-ShortestPath-4x4-FrozenLake-v0,qppo-Hgog-qlr1.0e-3,Hgog,30
0.00025,0.001,0.010462626814842224,-0.00034068524837493896,1.2882441282272339,-0.007991813123226166,0.00044296495616436005,1.019798219203949e-05,0.0,0.17476701736450195,7,1,461312,Deterministic-ShortestPath-4x4-FrozenLake-v0,qppo-Hgog-qlr1.0e-3,Hgog,30
0.00025,0.001,0.022634144872426987,0.00027655065059661865,1.2726212739944458,-0.001132589764893055,-0.0005305884405970573,1.1627096682786942e-05,0.0,0.25834619998931885,7,1,461824,Deterministic-ShortestPath-4x4-FrozenLake-v0,qppo-Hgog-qlr1.0e-3,Hgog,30
0.00025,0.001,0.03021712228655815,-0.0006279516965150833,1.2907001972198486,0.001573607325553894,-0.0006507318466901779,1.7270445823669434e-05,0.0,0.32150107622146606,7,1,462336,Deterministic-ShortestPath-4x4-FrozenLake-v0,qppo-Hgog-qlr1.0e-3,Hgog,30
0.00025,0.001,0.01878402568399906,-0.000985361635684967,1.2860970497131348,-0.00445431936532259,-0.0006112772971391678,3.9664097130298615e-05,0.0,0.44451022148132324,7,1,462848,Deterministic-ShortestPath-4x4-FrozenLake-v0,qppo-Hgog-qlr1.0e-3,Hgog,30
0.00025,0.001,0.004892177879810333,-4.646182060241699e-05,1.2987374067306519,-0.010587746277451515,0.0003320667892694473,6.067100912332535e-06,0.0,-0.48152828216552734,7,1,463360,Deterministic-ShortestPath-4x4-FrozenLake-v0,qppo-Hgog-qlr1.0e-3,Hgog,30
0.00025,0.001,0.026157917454838753,-0.0002011321485042572,1.2703449726104736,0.00017437711358070374,-0.0003899820148944855,8.669216185808182e-06,0.0,0.39704370498657227,7,1,463872,Deterministic-ShortestPath-4x4-FrozenLake-v0,qppo-Hgog-qlr1.0e-3,Hgog,30
0.00025,0.001,0.01933358423411846,-2.5425106287002563e-05,1.283910870552063,-0.0031977416947484016,0.0002809325233101845,8.773058652877808e-07,0.0,0.30753660202026367,7,1,464384,Deterministic-ShortestPath-4x4-FrozenLake-v0,qppo-Hgog-qlr1.0e-3,Hgog,30
0.00025,0.001,0.014759980142116547,-3.2821670174598694e-05,1.2919265031814575,-0.005572096444666386,-0.00024152453988790512,3.5008415579795837e-06,0.0,0.1438668966293335,7,1,464896,Deterministic-ShortestPath-4x4-FrozenLake-v0,qppo-Hgog-qlr1.0e-3,Hgog,30
0.00025,0.001,0.026016350835561752,0.0002346336841583252,1.262356162071228,0.000619247555732727,0.00029552821069955826,3.1460076570510864e-06,0.0,0.2084757685661316,7,1,465408,Deterministic-ShortestPath-4x4-FrozenLake-v0,qppo-Hgog-qlr1.0e-3,Hgog,30
0.00025,0.001,0.026561595499515533,-8.393079042434692e-05,1.2684634923934937,0.0005122320726513863,-2.4369917809963226e-05,2.0042061805725098e-06,0.0,0.36944448947906494,7,1,465920,Deterministic-ShortestPath-4x4-FrozenLake-v0,qppo-Hgog-qlr1.0e-3,Hgog,30
0.00025,0.001,0.021000778302550316,-0.00016831234097480774,1.2727121114730835,-0.002395044080913067,0.00011047208681702614,6.356276571750641e-07,0.0,0.34036171436309814,7,1,466432,Deterministic-ShortestPath-4x4-FrozenLake-v0,qppo-Hgog-qlr1.0e-3,Hgog,30
0.00025,0.001,0.035532496869564056,-0.0002372749149799347,1.2871341705322266,0.004657631739974022,0.00013959873467683792,3.821682184934616e-06,0.0,0.2564523220062256,7,1,466944,Deterministic-ShortestPath-4x4-FrozenLake-v0,qppo-Hgog-qlr1.0e-3,Hgog,30
0.00025,0.001,0.03337712958455086,-0.0002638287842273712,1.2746046781539917,0.0036786897107958794,-0.0003295373171567917,1.4709774404764175e-05,0.0,0.24026399850845337,7,1,467456,Deterministic-ShortestPath-4x4-FrozenLake-v0,qppo-Hgog-qlr1.0e-3,Hgog,30
0.00025,0.001,0.020445039495825768,8.427724242210388e-05,1.2815170288085938,-0.002508372999727726,5.601486191153526e-05,1.0710209608078003e-07,0.0,0.23901480436325073,7,1,467968,Deterministic-ShortestPath-4x4-FrozenLake-v0,qppo-Hgog-qlr1.0e-3,Hgog,30
0.00025,0.001,0.01589331589639187,-0.0012002009898424149,1.2797502279281616,-0.006051044911146164,0.0005352692678570747,3.5618431866168976e-05,0.0,-0.24933886528015137,7,1,468480,Deterministic-ShortestPath-4x4-FrozenLake-v0,qppo-Hgog-qlr1.0e-3,Hgog,30
0.00025,0.001,0.0027452975045889616,-0.0006459616124629974,1.2817155122756958,-0.012090467847883701,0.0003834133967757225,1.2074597179889679e-05,0.0,-0.015835285186767578,7,1,468992,Deterministic-ShortestPath-4x4-FrozenLake-v0,qppo-Hgog-qlr1.0e-3,Hgog,30
0.00025,0.001,0.008095663040876389,-0.0001091938465833664,1.2881120443344116,-0.008942482061684132,-0.0005217310972511768,1.270044595003128e-05,0.0,0.02328622341156006,7,1,469504,Deterministic-ShortestPath-4x4-FrozenLake-v0,qppo-Hgog-qlr1.0e-3,Hgog,30
0.00025,0.001,0.009158575907349586,7.195770740509033e-05,1.278153419494629,-0.008130288682878017,-0.00012445636093616486,1.6284175217151642e-06,0.0,0.0645257830619812,7,1,470016,Deterministic-ShortestPath-4x4-FrozenLake-v0,qppo-Hgog-qlr1.0e-3,Hgog,30
0.00025,0.001,0.00622030533850193,-0.0001539420336484909,1.2924036979675293,-0.009967826306819916,-1.046154648065567e-05,1.0244548320770264e-07,0.0,0.21698880195617676,7,1,470528,Deterministic-ShortestPath-4x4-FrozenLake-v0,qppo-Hgog-qlr1.0e-3,Hgog,30
0.00025,0.001,0.015188549645245075,-3.3624470233917236e-05,1.2965476512908936,-0.005404825787991285,-5.0150323659181595e-05,9.043142199516296e-07,0.0,0.18156647682189941,7,1,471040,Deterministic-ShortestPath-4x4-FrozenLake-v0,qppo-Hgog-qlr1.0e-3,Hgog,30
0.00025,0.001,0.009214242920279503,7.733702659606934e-05,1.2791858911514282,-0.008107400499284267,-2.360902726650238e-07,2.355314791202545e-06,0.0,0.3351116180419922,7,1,471552,Deterministic-ShortestPath-4x4-FrozenLake-v0,qppo-Hgog-qlr1.0e-3,Hgog,30
0.00025,0.001,0.028856176882982254,-0.00048675015568733215,1.289747714996338,0.0010438617318868637,0.00011357851326465607,2.349819988012314e-05,0.0,0.3186389207839966,7,1,472064,Deterministic-ShortestPath-4x4-FrozenLake-v0,qppo-Hgog-qlr1.0e-3,Hgog,30
0.00025,0.001,0.01891295239329338,-0.0012638717889785767,1.2897827625274658,-0.0047052232548594475,-4.1725579649209976e-05,1.9698403775691986e-05,0.0,0.35705792903900146,7,1,472576,Deterministic-ShortestPath-4x4-FrozenLake-v0,qppo-Hgog-qlr1.0e-3,Hgog,30
0.00025,0.001,0.015677936375141144,-0.0001332983374595642,1.280117392539978,-0.0050955042243003845,-0.00010950863361358643,3.983266651630402e-06,0.0,0.20452266931533813,7,1,473088,Deterministic-ShortestPath-4x4-FrozenLake-v0,qppo-Hgog-qlr1.0e-3,Hgog,30
0.00025,0.001,0.013177884742617607,-0.0005956124514341354,1.273587942123413,-0.006742549128830433,0.0003484203480184078,4.369625821709633e-05,0.0,0.30054229497909546,7,1,473600,Deterministic-ShortestPath-4x4-FrozenLake-v0,qppo-Hgog-qlr1.0e-3,Hgog,30
0.00025,0.001,0.022807028144598007,5.431473255157471e-05,1.276793122291565,-0.0013101017102599144,-3.5626813769340515e-05,6.312970072031021e-06,0.0,0.24463510513305664,7,1,474112,Deterministic-ShortestPath-4x4-FrozenLake-v0,qppo-Hgog-qlr1.0e-3,Hgog,30
0.00025,0.001,0.009297232143580914,1.549161970615387e-05,1.282615065574646,-0.008162042126059532,-4.212837666273117e-05,1.671724021434784e-07,0.0,0.15960001945495605,7,1,474624,Deterministic-ShortestPath-4x4-FrozenLake-v0,qppo-Hgog-qlr1.0e-3,Hgog,30
0.00025,0.001,0.01274670846760273,0.0002697240561246872,1.280181646347046,-0.00615873746573925,-0.00034090038388967514,5.2910298109054565e-05,0.0,0.11448287963867188,7,1,475136,Deterministic-ShortestPath-4x4-FrozenLake-v0,qppo-Hgog-qlr1.0e-3,Hgog,30
0.00025,0.001,0.005273844581097364,0.0015473905950784683,1.2705175876617432,-0.008520862087607384,0.0005956930108368397,3.567058593034744e-05,0.0,0.24040323495864868,7,1,475648,Deterministic-ShortestPath-4x4-FrozenLake-v0,qppo-Hgog-qlr1.0e-3,Hgog,30
0.00025,0.001,0.0075739421881735325,-3.901869058609009e-05,1.281978964805603,-0.009071837179362774,0.00034407153725624084,5.889683961868286e-06,0.0,0.1473146677017212,7,1,476160,Deterministic-ShortestPath-4x4-FrozenLake-v0,qppo-Hgog-qlr1.0e-3,Hgog,30
0.00025,0.001,0.03222537413239479,0.00015477463603019714,1.2500677108764648,0.003766784444451332,-9.63904894888401e-05,1.0551884770393372e-06,0.0,0.08777111768722534,7,1,476672,Deterministic-ShortestPath-4x4-FrozenLake-v0,qppo-Hgog-qlr1.0e-3,Hgog,30
0.00025,0.001,0.02187865599989891,0.0006698966026306152,1.2849164009094238,-0.001239938661456108,-0.0007058419287204742,1.6590114682912827e-05,0.0,0.20550179481506348,7,1,477184,Deterministic-ShortestPath-4x4-FrozenLake-v0,qppo-Hgog-qlr1.0e-3,Hgog,30
0.00025,0.001,0.020447123795747757,-0.0015318794175982475,1.266687035560608,-0.003975187428295612,-2.538040280342102e-05,3.871601074934006e-05,0.0,0.3313872218132019,7,1,477696,Deterministic-ShortestPath-4x4-FrozenLake-v0,qppo-Hgog-qlr1.0e-3,Hgog,30
0.00025,0.001,0.014425803907215595,1.842062920331955e-05,1.2634398937225342,-0.005403075832873583,0.0005163941532373428,5.3833238780498505e-05,0.0,0.3114897608757019,7,1,478208,Deterministic-ShortestPath-4x4-FrozenLake-v0,qppo-Hgog-qlr1.0e-3,Hgog,30
0.00025,0.001,0.011506432667374611,-0.00014234520494937897,1.263476014137268,-0.007023888640105724,-0.00012447359040379524,8.586794137954712e-07,0.0,0.33267802000045776,7,1,478720,Deterministic-ShortestPath-4x4-FrozenLake-v0,qppo-Hgog-qlr1.0e-3,Hgog,30
0.00025,0.001,0.01164928451180458,-0.0001252405345439911,1.2717461585998535,-0.007018059492111206,0.0012637097388505936,4.85982745885849e-05,0.0,0.2769322991371155,7,1,479232,Deterministic-ShortestPath-4x4-FrozenLake-v0,qppo-Hgog-qlr1.0e-3,Hgog,30
0.00025,0.001,0.04289346560835838,6.63958489894867e-05,1.2627168893814087,0.008885960094630718,0.00012659933418035507,6.076879799365997e-07,0.0,0.3192630410194397,7,1,479744,Deterministic-ShortestPath-4x4-FrozenLake-v0,qppo-Hgog-qlr1.0e-3,Hgog,30
0.00025,0.001,0.010758393444120884,0.00027041323482990265,1.2669315338134766,-0.007019704673439264,-3.391411155462265e-05,3.4188851714134216e-06,0.0,0.3193155527114868,7,1,480256,Deterministic-ShortestPath-4x4-FrozenLake-v0,qppo-Hgog-qlr1.0e-3,Hgog,30
0.00025,0.001,0.04867381602525711,-0.00023651961237192154,1.2661911249160767,0.011438477784395218,0.0001875464804470539,3.3471733331680298e-06,0.0,0.22966814041137695,7,1,480768,Deterministic-ShortestPath-4x4-FrozenLake-v0,qppo-Hgog-qlr1.0e-3,Hgog,30
0.00025,0.001,0.04088083282113075,0.00018012523651123047,1.2352523803710938,0.008268018253147602,0.00017656059935688972,4.977919161319733e-06,0.0,0.2509598731994629,7,1,481280,Deterministic-ShortestPath-4x4-FrozenLake-v0,qppo-Hgog-qlr1.0e-3,Hgog,30
0.00025,0.001,0.03125493973493576,-0.00014204159379005432,1.2828607559204102,0.00265682116150856,0.0002651982940733433,1.5064142644405365e-06,0.0,0.2601338028907776,7,1,481792,Deterministic-ShortestPath-4x4-FrozenLake-v0,qppo-Hgog-qlr1.0e-3,Hgog,30
0.00025,0.001,0.020028233528137207,0.0003303214907646179,1.283066749572754,-0.0024862289428710938,0.0006290399469435215,1.381896436214447e-05,0.0,0.25976449251174927,7,1,482304,Deterministic-ShortestPath-4x4-FrozenLake-v0,qppo-Hgog-qlr1.0e-3,Hgog,30
0.00025,0.001,0.04214391112327576,-0.00041031092405319214,1.2523905038833618,0.008137740194797516,0.0002745743840932846,9.470619261264801e-06,0.0,0.3403794765472412,7,1,482816,Deterministic-ShortestPath-4x4-FrozenLake-v0,qppo-Hgog-qlr1.0e-3,Hgog,30
0.00025,0.001,0.03207244724035263,-0.0006158272735774517,1.2589828968048096,0.0028305668383836746,0.0009485213086009026,1.895194873213768e-05,0.0,0.14787417650222778,7,1,483328,Deterministic-ShortestPath-4x4-FrozenLake-v0,qppo-Hgog-qlr1.0e-3,Hgog,30
0.00025,0.001,0.017934562638401985,0.0003922153264284134,1.2800753116607666,-0.00344125647097826,0.0003558848984539509,1.361314207315445e-05,0.0,0.5033308565616608,7,1,483840,Deterministic-ShortestPath-4x4-FrozenLake-v0,qppo-Hgog-qlr1.0e-3,Hgog,30
0.00025,0.001,0.007898236624896526,-1.5798024833202362e-05,1.2650843858718872,-0.008717523887753487,-6.66729174554348e-05,3.427267074584961e-07,0.0,0.4471897482872009,7,1,484352,Deterministic-ShortestPath-4x4-FrozenLake-v0,qppo-Hgog-qlr1.0e-3,Hgog,30
0.00025,0.001,0.02129008248448372,-0.0003375224769115448,1.2869151830673218,-0.0025616325438022614,1.6907230019569397e-05,5.316454917192459e-06,0.0,0.23312127590179443,7,1,484864,Deterministic-ShortestPath-4x4-FrozenLake-v0,qppo-Hgog-qlr1.0e-3,Hgog,30
0.00025,0.001,0.012321536429226398,0.00043322425335645676,1.3011784553527832,-0.006417791824787855,7.013976573944092e-05,1.4930497854948044e-05,0.0,0.39941853284835815,7,1,485376,Deterministic-ShortestPath-4x4-FrozenLake-v0,qppo-Hgog-qlr1.0e-3,Hgog,30
0.00025,0.001,0.018609555438160896,-0.002527475357055664,1.277097463607788,-0.005993671715259552,0.0014618532732129097,5.6061893701553345e-05,0.0,0.23795771598815918,7,1,485888,Deterministic-ShortestPath-4x4-FrozenLake-v0,qppo-Hgog-qlr1.0e-3,Hgog,30
0.00025,0.001,0.027076618745923042,-0.0010481523349881172,1.2668343782424927,-0.00017818622291088104,-0.00014261342585086823,3.2975804060697556e-05,0.0,0.3463882803916931,7,1,486400,Deterministic-ShortestPath-4x4-FrozenLake-v0,qppo-Hgog-qlr1.0e-3,Hgog,30
0.00025,0.001,0.04744420573115349,0.00020839646458625793,1.266396403312683,0.011266535148024559,-0.00013766391202807426,1.2685079127550125e-05,0.0,0.2182002067565918,7,1,486912,Deterministic-ShortestPath-4x4-FrozenLake-v0,qppo-Hgog-qlr1.0e-3,Hgog,30
0.00025,0.001,0.012453350238502026,-6.731599569320679e-05,1.2750041484832764,-0.006590681616216898,0.0006189583800733089,4.114583134651184e-06,0.0,0.23196470737457275,7,1,487424,Deterministic-ShortestPath-4x4-FrozenLake-v0,qppo-Hgog-qlr1.0e-3,Hgog,30
0.00025,0.001,0.03093627467751503,-0.0007272288203239441,1.2663629055023193,0.0020772796124219894,0.00044340919703245163,1.2515578418970108e-05,0.0,0.20200496912002563,7,1,487936,Deterministic-ShortestPath-4x4-FrozenLake-v0,qppo-Hgog-qlr1.0e-3,Hgog,30
0.00025,0.001,0.02245631068944931,3.042072057723999e-05,1.2661715745925903,-0.0014031389728188515,-0.00017644278705120087,8.975155651569366e-06,0.0,0.2861190438270569,7,1,488448,Deterministic-ShortestPath-4x4-FrozenLake-v0,qppo-Hgog-qlr1.0e-3,Hgog,30
0.00025,0.001,0.03164122253656387,-0.00021054968237876892,1.280815601348877,0.002801906317472458,-0.0002961074933409691,4.360917955636978e-06,0.0,0.35156506299972534,7,1,488960,Deterministic-ShortestPath-4x4-FrozenLake-v0,qppo-Hgog-qlr1.0e-3,Hgog,30
0.00025,0.001,0.016421565786004066,-0.0002699345350265503,1.2987782955169678,-0.005046933889389038,-0.00032652774825692177,4.25335019826889e-06,0.0,0.03147310018539429,7,1,489472,Deterministic-ShortestPath-4x4-FrozenLake-v0,qppo-Hgog-qlr1.0e-3,Hgog,30
0.00025,0.001,0.009899631142616272,1.1548399925231934e-06,1.2799935340881348,-0.007848965004086494,7.17630609869957e-05,7.72206112742424e-06,0.0,0.20088082551956177,7,1,489984,Deterministic-ShortestPath-4x4-FrozenLake-v0,qppo-Hgog-qlr1.0e-3,Hgog,30
0.00025,0.001,0.045777637511491776,-0.0012418190017342567,1.2729884386062622,0.00891711562871933,-0.0003183581866323948,2.6087742298841476e-05,0.0,0.3544795513153076,7,1,490496,Deterministic-ShortestPath-4x4-FrozenLake-v0,qppo-Hgog-qlr1.0e-3,Hgog,30
0.00025,0.001,0.012909813784062862,-2.347957342863083e-05,1.2717225551605225,-0.006285798270255327,0.0007679052650928497,1.2996606528759003e-05,0.0,0.30413490533828735,7,1,491008,Deterministic-ShortestPath-4x4-FrozenLake-v0,qppo-Hgog-qlr1.0e-3,Hgog,30
0.00025,0.001,0.01700952649116516,-0.0006815753877162933,1.2741060256958008,-0.0049178721383214,0.0008780066855251789,1.8897466361522675e-05,0.0,0.3674846291542053,7,1,491520,Deterministic-ShortestPath-4x4-FrozenLake-v0,qppo-Hgog-qlr1.0e-3,Hgog,30
0.00025,0.001,0.020720284432172775,-0.0006245067343115807,1.2672736644744873,-0.002937100827693939,0.0003041345626115799,3.073550760746002e-05,0.0,0.32228416204452515,7,1,492032,Deterministic-ShortestPath-4x4-FrozenLake-v0,qppo-Hgog-qlr1.0e-3,Hgog,30
0.00025,0.001,0.044297896325588226,-0.00012236274778842926,1.289450764656067,0.009132077917456627,6.025517359375954e-05,1.0014045983552933e-05,0.0,0.3478085994720459,7,1,492544,Deterministic-ShortestPath-4x4-FrozenLake-v0,qppo-Hgog-qlr1.0e-3,Hgog,30
0.00025,0.001,0.028136005625128746,-0.0012142201885581017,1.2866466045379639,-1.2682750821113586e-05,0.0007650186307728291,1.4589168131351471e-05,0.0,0.28911590576171875,7,1,493056,Deterministic-ShortestPath-4x4-FrozenLake-v0,qppo-Hgog-qlr1.0e-3,Hgog,30
0.00025,0.001,0.00908227451145649,-0.0007583014667034149,1.2637317180633545,-0.008854481391608715,-0.00019580591470003128,3.640400245785713e-05,0.0,0.20607173442840576,7,1,493568,Deterministic-ShortestPath-4x4-FrozenLake-v0,qppo-Hgog-qlr1.0e-3,Hgog,30
0.00025,0.001,0.01358187384903431,0.0005467422306537628,1.272740125656128,-0.005389722064137459,-0.0005694516003131866,1.4037825167179108e-05,0.0,0.3598593473434448,7,1,494080,Deterministic-ShortestPath-4x4-FrozenLake-v0,qppo-Hgog-qlr1.0e-3,Hgog,30
0.00025,0.001,0.04970176890492439,-0.001366943120956421,1.280977725982666,0.01067416463047266,0.00043249456211924553,7.948372513055801e-06,0.0,0.3051309585571289,7,1,494592,Deterministic-ShortestPath-4x4-FrozenLake-v0,qppo-Hgog-qlr1.0e-3,Hgog,30
0.00025,0.001,0.017366094514727592,-0.00011207163333892822,1.277552604675293,-0.004204549826681614,-6.517209112644196e-05,3.4314580261707306e-06,0.0,0.23410731554031372,7,1,495104,Deterministic-ShortestPath-4x4-FrozenLake-v0,qppo-Hgog-qlr1.0e-3,Hgog,30
0.00025,0.001,0.041363127529621124,4.97233122587204e-05,1.2654131650924683,0.00807715579867363,8.2431361079216e-06,2.432148903608322e-06,0.0,0.1542646288871765,7,1,495616,Deterministic-ShortestPath-4x4-FrozenLake-v0,qppo-Hgog-qlr1.0e-3,Hgog,30
0.00025,0.001,0.026269132271409035,0.0002033226191997528,1.2735201120376587,0.0006026877090334892,-6.028497591614723e-05,4.309229552745819e-06,0.0,-0.04769539833068848,7,1,496128,Deterministic-ShortestPath-4x4-FrozenLake-v0,qppo-Hgog-qlr1.0e-3,Hgog,30
0.00025,0.001,0.05004478991031647,-0.00044632889330387115,1.2882739305496216,0.011693326756358147,1.3091135770082474e-05,8.227303624153137e-06,0.0,0.28550469875335693,7,1,496640,Deterministic-ShortestPath-4x4-FrozenLake-v0,qppo-Hgog-qlr1.0e-3,Hgog,30
0.00025,0.001,0.006718938704580069,0.0002380339428782463,1.2855916023254395,-0.009258411824703217,-0.00021096644923090935,1.0722316801548004e-05,0.0,0.268104612827301,7,1,497152,Deterministic-ShortestPath-4x4-FrozenLake-v0,qppo-Hgog-qlr1.0e-3,Hgog,30
0.00025,0.001,0.0077261789701879025,-4.785880446434021e-05,1.283930778503418,-0.009024076163768768,4.6040862798690796e-05,2.086162567138672e-07,0.0,-0.2409418821334839,7,1,497664,Deterministic-ShortestPath-4x4-FrozenLake-v0,qppo-Hgog-qlr1.0e-3,Hgog,30
0.00025,0.001,0.0349440723657608,0.00012164004147052765,1.2700910568237305,0.004892765544354916,-7.791584357619286e-05,1.0545831173658371e-05,0.0,0.40932244062423706,7,1,498176,Deterministic-ShortestPath-4x4-FrozenLake-v0,qppo-Hgog-qlr1.0e-3,Hgog,30
0.00025,0.001,0.01982247456908226,3.0946917831897736e-05,1.268180251121521,-0.0027396176010370255,-0.00026400480419397354,7.413327693939209e-06,0.0,0.2763224244117737,7,1,498688,Deterministic-ShortestPath-4x4-FrozenLake-v0,qppo-Hgog-qlr1.0e-3,Hgog,30
0.00025,0.001,0.05364328250288963,-0.0001524612307548523,1.2885316610336304,0.013783863745629787,0.00013678846880793571,2.253800630569458e-07,0.0,0.33815038204193115,7,1,499200,Deterministic-ShortestPath-4x4-FrozenLake-v0,qppo-Hgog-qlr1.0e-3,Hgog,30
0.00025,0.001,0.021709799766540527,6.976071745157242e-05,1.2829980850219727,-0.0019053202122449875,-4.4179148972034454e-05,7.14324414730072e-07,0.0,0.258417010307312,7,1,499712,Deterministic-ShortestPath-4x4-FrozenLake-v0,qppo-Hgog-qlr1.0e-3,Hgog,30
0.00025,0.001,0.014272116124629974,2.2472813725471497e-05,1.2916226387023926,-0.005757695063948631,6.902962923049927e-05,2.095010131597519e-06,0.0,0.36563682556152344,7,1,500224,Deterministic-ShortestPath-4x4-FrozenLake-v0,qppo-Hgog-qlr1.0e-3,Hgog,30
0.00025,0.001,0.025218695402145386,-0.00012997910380363464,1.2865408658981323,-0.00038603972643613815,0.00012870831415057182,2.921558916568756e-06,0.0,0.2623549699783325,7,1,500736,Deterministic-ShortestPath-4x4-FrozenLake-v0,qppo-Hgog-qlr1.0e-3,Hgog,30
0.00025,0.001,0.029707089066505432,-0.00015653669834136963,1.300966501235962,0.0016873432323336601,0.00016894517466425896,1.5231780707836151e-06,0.0,0.4077603816986084,7,1,501248,Deterministic-ShortestPath-4x4-FrozenLake-v0,qppo-Hgog-qlr1.0e-3,Hgog,30
0.00025,0.001,0.02738053724169731,-0.00012424681335687637,1.287888526916504,0.000687137246131897,-0.00026024971157312393,1.2649688869714737e-05,0.0,0.2438744306564331,7,1,501760,Deterministic-ShortestPath-4x4-FrozenLake-v0,qppo-Hgog-qlr1.0e-3,Hgog,30
0.00025,0.001,0.04262392222881317,-0.0001757107675075531,1.2622473239898682,0.008513777516782284,-0.00010130275040864944,8.60169529914856e-06,0.0,0.2565290927886963,7,1,502272,Deterministic-ShortestPath-4x4-FrozenLake-v0,qppo-Hgog-qlr1.0e-3,Hgog,30
0.00025,0.001,0.01700708270072937,0.00022531114518642426,1.2767486572265625,-0.004038633778691292,0.00026092492043972015,4.109926521778107e-06,0.0,0.32828909158706665,7,1,502784,Deterministic-ShortestPath-4x4-FrozenLake-v0,qppo-Hgog-qlr1.0e-3,Hgog,30
0.00025,0.001,0.02106001228094101,-0.0004340820014476776,1.2870237827301025,-0.0027743130922317505,-7.64806754887104e-05,6.181187927722931e-06,0.0,-0.10443806648254395,7,1,503296,Deterministic-ShortestPath-4x4-FrozenLake-v0,qppo-Hgog-qlr1.0e-3,Hgog,30
0.00025,0.001,0.03157684952020645,-8.840439841151237e-05,1.2956398725509644,0.002743622288107872,0.000141180120408535,1.2323260307312012e-05,0.0,0.26011621952056885,7,1,503808,Deterministic-ShortestPath-4x4-FrozenLake-v0,qppo-Hgog-qlr1.0e-3,Hgog,30
0.00025,0.001,0.036578401923179626,-6.633996963500977e-05,1.2863026857376099,0.005359834060072899,-0.00033336319029331207,4.30084764957428e-06,0.0,0.30661308765411377,7,1,504320,Deterministic-ShortestPath-4x4-FrozenLake-v0,qppo-Hgog-qlr1.0e-3,Hgog,30
0.00025,0.001,0.021918518468737602,-4.597008228302002e-06,1.2851237058639526,-0.0018965741619467735,9.743310511112213e-05,6.468035280704498e-07,0.0,0.2943724989891052,7,1,504832,Deterministic-ShortestPath-4x4-FrozenLake-v0,qppo-Hgog-qlr1.0e-3,Hgog,30
0.00025,0.001,0.041132405400276184,-4.972144961357117e-05,1.2785954475402832,0.007730526849627495,-1.0195188224315643e-05,1.4370307326316833e-06,0.0,0.09543120861053467,7,1,505344,Deterministic-ShortestPath-4x4-FrozenLake-v0,qppo-Hgog-qlr1.0e-3,Hgog,30
0.00025,0.001,0.029309628531336784,-0.0007014232687652111,1.2645007371902466,0.0013083843514323235,-3.654696047306061e-05,3.6302953958511353e-06,0.0,0.34505563974380493,7,1,505856,Deterministic-ShortestPath-4x4-FrozenLake-v0,qppo-Hgog-qlr1.0e-3,Hgog,30
0.00025,0.001,0.0387725830078125,-0.001180265098810196,1.2814216613769531,0.005391810089349747,0.0008652191609144211,2.588331699371338e-05,0.0,0.2928663492202759,7,1,506368,Deterministic-ShortestPath-4x4-FrozenLake-v0,qppo-Hgog-qlr1.0e-3,Hgog,30
0.00025,0.001,0.011575677432119846,-0.0010599065572023392,1.2795772552490234,-0.008067840710282326,0.0006195139139890671,2.7504749596118927e-05,0.0,0.445522665977478,7,1,506880,Deterministic-ShortestPath-4x4-FrozenLake-v0,qppo-Hgog-qlr1.0e-3,Hgog,30
0.00025,0.001,0.012348458170890808,-5.699321627616882e-05,1.273712158203125,-0.006619885563850403,2.2030435502529144e-05,9.736977517604828e-07,0.0,-0.037680745124816895,7,1,507392,Deterministic-ShortestPath-4x4-FrozenLake-v0,qppo-Hgog-qlr1.0e-3,Hgog,30
0.00025,0.001,0.008691033348441124,-0.00017361529171466827,1.2703123092651367,-0.008531221188604832,0.0002620392479002476,6.617046892642975e-06,0.0,0.4383513927459717,7,1,507904,Deterministic-ShortestPath-4x4-FrozenLake-v0,qppo-Hgog-qlr1.0e-3,Hgog,30
0.00025,0.001,0.017249632626771927,-0.00042416714131832123,1.2645667791366577,-0.004445018246769905,0.0001592794433236122,8.828006684780121e-06,0.0,0.3727307915687561,7,1,508416,Deterministic-ShortestPath-4x4-FrozenLake-v0,qppo-Hgog-qlr1.0e-3,Hgog,30
0.00025,0.001,0.012524835765361786,0.0002803374081850052,1.2826855182647705,-0.006284100003540516,-2.5341752916574478e-05,7.62939453125e-06,0.0,0.46935147047042847,7,1,508928,Deterministic-ShortestPath-4x4-FrozenLake-v0,qppo-Hgog-qlr1.0e-3,Hgog,30
0.00025,0.001,0.04465869069099426,-0.00037902407348155975,1.269683837890625,0.009253483265638351,-0.0008619981817901134,3.230152651667595e-05,0.0,0.2646220922470093,7,1,509440,Deterministic-ShortestPath-4x4-FrozenLake-v0,qppo-Hgog-qlr1.0e-3,Hgog,30
0.00025,0.001,0.041099365800619125,-0.00031316373497247696,1.2825214862823486,0.007411304861307144,-0.00021031172946095467,2.2897496819496155e-05,0.0,0.06530141830444336,7,1,509952,Deterministic-ShortestPath-4x4-FrozenLake-v0,qppo-Hgog-qlr1.0e-3,Hgog,30
0.00025,0.001,0.01973845809698105,1.7842277884483337e-05,1.284389615058899,-0.002956824377179146,-0.00040750764310359955,2.441462129354477e-06,0.0,0.2715842127799988,7,1,510464,Deterministic-ShortestPath-4x4-FrozenLake-v0,qppo-Hgog-qlr1.0e-3,Hgog,30
0.00025,0.001,0.01715127006173134,-0.00039313011802732944,1.278372049331665,-0.00460121501237154,-8.151354268193245e-05,4.7050416469573975e-06,0.0,0.14721894264221191,7,1,510976,Deterministic-ShortestPath-4x4-FrozenLake-v0,qppo-Hgog-qlr1.0e-3,Hgog,30
0.00025,0.001,0.021137716248631477,-0.00017139315605163574,1.2573068141937256,-0.002175603061914444,5.452008917927742e-05,4.592817276716232e-06,0.0,0.21473604440689087,7,1,511488,Deterministic-ShortestPath-4x4-FrozenLake-v0,qppo-Hgog-qlr1.0e-3,Hgog,30
0.00025,0.001,0.002514754654839635,5.32492995262146e-05,1.2916589975357056,-0.011605963110923767,0.0006499253213405609,2.0921695977449417e-05,0.0,-9.267411231994629,7,1,512000,Deterministic-ShortestPath-4x4-FrozenLake-v0,qppo-Hgog-qlr1.0e-3,Hgog,30
0.00025,0.001,0.016788367182016373,-0.001433156430721283,1.29591703414917,-0.005998142994940281,-0.00043800054118037224,2.7419067919254303e-05,0.0,0.39578336477279663,7,1,512512,Deterministic-ShortestPath-4x4-FrozenLake-v0,qppo-Hgog-qlr1.0e-3,Hgog,30
0.00025,0.001,0.021098975092172623,-0.00048378482460975647,1.2637609243392944,-0.0025719059631228447,0.00015217391774058342,8.254311978816986e-06,0.0,0.269355833530426,7,1,513024,Deterministic-ShortestPath-4x4-FrozenLake-v0,qppo-Hgog-qlr1.0e-3,Hgog,30
0.00025,0.001,0.023967396467924118,0.00017417408525943756,1.286852240562439,-0.0007106494158506393,0.0005993461236357689,5.663838237524033e-06,0.0,0.31422001123428345,7,1,513536,Deterministic-ShortestPath-4x4-FrozenLake-v0,qppo-Hgog-qlr1.0e-3,Hgog,30
0.00025,0.001,0.03850055858492851,-0.0003714505583047867,1.272161841392517,0.006157211028039455,-0.00038655195385217667,1.1773314327001572e-05,0.0,0.2998713254928589,7,1,514048,Deterministic-ShortestPath-4x4-FrozenLake-v0,qppo-Hgog-qlr1.0e-3,Hgog,30
0.00025,0.001,0.00763421505689621,-0.0002917340025305748,1.2753381729125977,-0.00922800786793232,-0.00034689251333475113,3.251619637012482e-05,0.0,0.02111738920211792,7,1,514560,Deterministic-ShortestPath-4x4-FrozenLake-v0,qppo-Hgog-qlr1.0e-3,Hgog,30
0.00025,0.001,0.03011956624686718,-0.0013866908848285675,1.267657995223999,0.0009965123608708382,0.00021576602011919022,3.1035859137773514e-05,0.0,0.29054296016693115,7,1,515072,Deterministic-ShortestPath-4x4-FrozenLake-v0,qppo-Hgog-qlr1.0e-3,Hgog,30
0.00025,0.001,0.03112584538757801,-0.0003868117928504944,1.3033411502838135,0.002142699435353279,9.689433500170708e-05,1.9219238311052322e-05,0.0,0.27205079793930054,7,1,515584,Deterministic-ShortestPath-4x4-FrozenLake-v0,qppo-Hgog-qlr1.0e-3,Hgog,30
0.00025,0.001,0.007029893808066845,-0.0002328045666217804,1.2724308967590332,-0.009442165493965149,5.006138235330582e-05,3.426428884267807e-05,0.0,-0.11934304237365723,7,1,516096,Deterministic-ShortestPath-4x4-FrozenLake-v0,qppo-Hgog-qlr1.0e-3,Hgog,30
0.00025,0.001,0.008482459932565689,-4.8529356718063354e-05,1.2928974628448486,-0.008736273273825645,-0.00010481011122465134,1.1330004781484604e-05,0.0,0.27591001987457275,7,1,516608,Deterministic-ShortestPath-4x4-FrozenLake-v0,qppo-Hgog-qlr1.0e-3,Hgog,30
0.00025,0.001,0.017436234280467033,-9.237229824066162e-05,1.2899529933929443,-0.004273784346878529,-2.586888149380684e-05,2.8437934815883636e-06,0.0,0.5004598200321198,7,1,517120,Deterministic-ShortestPath-4x4-FrozenLake-v0,qppo-Hgog-qlr1.0e-3,Hgog,30
0.00025,0.001,0.0323103629052639,-0.0001541581004858017,1.2761186361312866,0.0032398374751210213,0.0003003431484103203,5.033798515796661e-06,0.0,0.22561639547348022,7,1,517632,Deterministic-ShortestPath-4x4-FrozenLake-v0,qppo-Hgog-qlr1.0e-3,Hgog,30
0.00025,0.001,0.01472437847405672,8.831918239593506e-05,1.2721413373947144,-0.005270904395729303,-0.00021836208179593086,2.791173756122589e-06,0.0,-0.07795166969299316,7,1,518144,Deterministic-ShortestPath-4x4-FrozenLake-v0,qppo-Hgog-qlr1.0e-3,Hgog,30
0.00025,0.001,0.020847288891673088,-0.00022194115445017815,1.255447268486023,-0.002352769486606121,5.2167102694511414e-05,1.7047859728336334e-06,0.0,0.26912248134613037,7,1,518656,Deterministic-ShortestPath-4x4-FrozenLake-v0,qppo-Hgog-qlr1.0e-3,Hgog,30
0.00025,0.001,0.02268732711672783,-0.0003798864781856537,1.2654956579208374,-0.0016911793500185013,-0.0005027120932936668,8.888542652130127e-06,0.0,0.3950798511505127,7,1,519168,Deterministic-ShortestPath-4x4-FrozenLake-v0,qppo-Hgog-qlr1.0e-3,Hgog,30
0.00025,0.001,0.04115631431341171,2.5767367333173752e-05,1.2726584672927856,0.007877340540289879,0.00014174636453390121,2.8973445296287537e-06,0.0,0.11960023641586304,7,1,519680,Deterministic-ShortestPath-4x4-FrozenLake-v0,qppo-Hgog-qlr1.0e-3,Hgog,30
0.00025,0.001,0.02650105394423008,-4.647113382816315e-05,1.2513428926467896,0.0006906269118189812,-1.3353303074836731e-05,4.091300070285797e-06,0.0,0.24804192781448364,7,1,520192,Deterministic-ShortestPath-4x4-FrozenLake-v0,qppo-Hgog-qlr1.0e-3,Hgog,30
0.00025,0.001,0.016743771731853485,-0.00013189483433961868,1.2877788543701172,-0.004637797363102436,0.00019528856500983238,6.069894880056381e-06,0.0,0.20242780447006226,7,1,520704,Deterministic-ShortestPath-4x4-FrozenLake-v0,qppo-Hgog-qlr1.0e-3,Hgog,30
0.00025,0.001,0.023167749866843224,-0.00041109323501586914,1.281481385231018,-0.0016420315951108932,0.00014439783990383148,1.7097685486078262e-05,0.0,0.21910053491592407,7,1,521216,Deterministic-ShortestPath-4x4-FrozenLake-v0,qppo-Hgog-qlr1.0e-3,Hgog,30
0.00025,0.001,0.016572654247283936,0.00017540343105793,1.26101815700531,-0.004148450680077076,-0.00037579843774437904,3.467220813035965e-05,0.0,0.20391422510147095,7,1,521728,Deterministic-ShortestPath-4x4-FrozenLake-v0,qppo-Hgog-qlr1.0e-3,Hgog,30
0.00025,0.001,0.038500308990478516,0.0002921689301729202,1.2505829334259033,0.007036494091153145,0.0015354305505752563,3.5855453461408615e-05,0.0,0.2607688307762146,7,1,522240,Deterministic-ShortestPath-4x4-FrozenLake-v0,qppo-Hgog-qlr1.0e-3,Hgog,30
0.00025,0.001,0.020943323150277138,2.6598572731018066e-05,1.2785903215408325,-0.0022876430302858353,-0.00021446915343403816,2.8372742235660553e-06,0.0,0.25765252113342285,7,1,522752,Deterministic-ShortestPath-4x4-FrozenLake-v0,qppo-Hgog-qlr1.0e-3,Hgog,30
0.00025,0.001,0.002585527952760458,1.9079074263572693e-05,1.2908432483673096,-0.011596589349210262,2.6393216103315353e-05,5.154870450496674e-07,0.0,0.09329599142074585,7,1,523264,Deterministic-ShortestPath-4x4-FrozenLake-v0,qppo-Hgog-qlr1.0e-3,Hgog,30
0.00025,0.001,0.0008043569978326559,-4.988163709640503e-06,1.2929069995880127,-0.012531879357993603,-0.00016088597476482391,3.009568899869919e-06,0.0,-6.1457295417785645,7,1,523776,Deterministic-ShortestPath-4x4-FrozenLake-v0,qppo-Hgog-qlr1.0e-3,Hgog,30
0.00025,0.001,0.0024164484348148108,-0.0008963663130998611,1.2761424779891968,-0.012449566274881363,0.0008990513160824776,2.2308435291051865e-05,0.0,0.1548214554786682,7,1,524288,Deterministic-ShortestPath-4x4-FrozenLake-v0,qppo-Hgog-qlr1.0e-3,Hgog,30
0.00025,0.001,0.04121077433228493,-2.8759241104125977e-06,1.2815124988555908,0.007787386886775494,-1.276656985282898e-05,1.1641532182693481e-08,0.0,0.2908165454864502,7,1,524800,Deterministic-ShortestPath-4x4-FrozenLake-v0,qppo-Hgog-qlr1.0e-3,Hgog,30
0.00025,0.001,0.01758427545428276,-0.0005511133931577206,1.2645288705825806,-0.004404263570904732,0.0002544890157878399,1.138448715209961e-05,0.0,0.39556199312210083,7,1,525312,Deterministic-ShortestPath-4x4-FrozenLake-v0,qppo-Hgog-qlr1.0e-3,Hgog,30
0.00025,0.001,0.01090268325060606,-0.001368323341012001,1.2586299180984497,-0.008503280580043793,-7.967324927449226e-05,3.658002242445946e-05,0.0,0.45107585191726685,7,1,525824,Deterministic-ShortestPath-4x4-FrozenLake-v0,qppo-Hgog-qlr1.0e-3,Hgog,30
0.00025,0.001,0.03068487159907818,1.0151416063308716e-06,1.2681219577789307,0.0026622312143445015,8.230749517679214e-05,9.597279131412506e-06,0.0,0.3052377700805664,7,1,526336,Deterministic-ShortestPath-4x4-FrozenLake-v0,qppo-Hgog-qlr1.0e-3,Hgog,30
0.00025,0.001,0.017793193459510803,0.0001379735767841339,1.2893006801605225,-0.0038584358990192413,-6.928201764822006e-05,1.407228410243988e-06,0.0,0.27225518226623535,7,1,526848,Deterministic-ShortestPath-4x4-FrozenLake-v0,qppo-Hgog-qlr1.0e-3,Hgog,30
0.00025,0.001,0.00834285095334053,0.0006276257336139679,1.2832356691360474,-0.008033305406570435,1.0021030902862549e-06,1.8897466361522675e-05,0.0,-0.004347085952758789,7,1,527360,Deterministic-ShortestPath-4x4-FrozenLake-v0,qppo-Hgog-qlr1.0e-3,Hgog,30
0.00025,0.001,0.014160227961838245,-8.549168705940247e-05,1.2747911214828491,-0.005753288511186838,-0.0002477811649441719,1.4711171388626099e-05,0.0,0.06606769561767578,7,1,527872,Deterministic-ShortestPath-4x4-FrozenLake-v0,qppo-Hgog-qlr1.0e-3,Hgog,30
0.00025,0.001,0.011719690635800362,-0.00321970134973526,1.2692272663116455,-0.010052128694951534,-0.001493158284574747,4.7581735998392105e-05,0.0,0.20770478248596191,7,1,528384,Deterministic-ShortestPath-4x4-FrozenLake-v0,qppo-Hgog-qlr1.0e-3,Hgog,30
0.00025,0.001,0.031119663268327713,-0.00033328868448734283,1.277773141860962,0.0024488121271133423,5.228538066148758e-05,9.655486792325974e-06,0.0,0.3531573414802551,7,1,528896,Deterministic-ShortestPath-4x4-FrozenLake-v0,qppo-Hgog-qlr1.0e-3,Hgog,30
0.00025,0.001,0.04015903174877167,-0.0005316012538969517,1.2593482732772827,0.0069544315338134766,0.00030504260212183,1.7978716641664505e-05,0.0,0.3157864212989807,7,1,529408,Deterministic-ShortestPath-4x4-FrozenLake-v0,qppo-Hgog-qlr1.0e-3,Hgog,30
0.00025,0.001,0.009450835175812244,-0.00019983574748039246,1.2539111375808716,-0.00801352970302105,-0.0003693019971251488,2.0543579012155533e-05,0.0,0.3182946443557739,7,1,529920,Deterministic-ShortestPath-4x4-FrozenLake-v0,qppo-Hgog-qlr1.0e-3,Hgog,30
0.00025,0.001,0.010089931078255177,-0.0002854391932487488,1.2886667251586914,-0.008127139881253242,0.0004765908233821392,1.4142133295536041e-06,0.0,0.47113025188446045,7,1,530432,Deterministic-ShortestPath-4x4-FrozenLake-v0,qppo-Hgog-qlr1.0e-3,Hgog,30
0.00025,0.001,0.024079326540231705,0.00015557557344436646,1.2793782949447632,-0.000598544254899025,-0.0006097643636167049,4.470814019441605e-06,0.0,0.22434145212173462,7,1,530944,Deterministic-ShortestPath-4x4-FrozenLake-v0,qppo-Hgog-qlr1.0e-3,Hgog,30
0.00025,0.001,0.02368675172328949,-2.8032809495925903e-05,1.2778050899505615,-0.0009627072140574455,2.701207995414734e-05,1.7439015209674835e-06,0.0,0.5014703571796417,7,1,531456,Deterministic-ShortestPath-4x4-FrozenLake-v0,qppo-Hgog-qlr1.0e-3,Hgog,30
0.00025,0.001,0.010463055223226547,-6.272085011005402e-05,1.2748520374298096,-0.007579713128507137,0.00015568826347589493,7.175840437412262e-07,0.0,0.15983349084854126,7,1,531968,Deterministic-ShortestPath-4x4-FrozenLake-v0,qppo-Hgog-qlr1.0e-3,Hgog,30
0.00025,0.001,0.009623612277209759,-0.0001080147922039032,1.2664262056350708,-0.007960470393300056,0.00010098470374941826,1.5350058674812317e-05,0.0,0.1807345747947693,7,1,532480,Deterministic-ShortestPath-4x4-FrozenLake-v0,qppo-Hgog-qlr1.0e-3,Hgog,30
0.00025,0.001,0.011642754077911377,-0.00090770423412323,1.2547926902770996,-0.007634254172444344,-0.0004092254675924778,1.8811319023370743e-05,0.0,0.37218326330184937,7,1,532992,Deterministic-ShortestPath-4x4-FrozenLake-v0,qppo-Hgog-qlr1.0e-3,Hgog,30
0.00025,0.001,0.015799392014741898,0.0001341104507446289,1.275564432144165,-0.004721837118268013,-0.0002488819882273674,1.4258548617362976e-05,0.0,0.42839139699935913,7,1,533504,Deterministic-ShortestPath-4x4-FrozenLake-v0,qppo-Hgog-qlr1.0e-3,Hgog,30
0.00025,0.001,0.0028508228715509176,0.00016665644943714142,1.2622321844100952,-0.011030253954231739,0.00025257281959056854,4.320405423641205e-06,0.0,-9.522647857666016,7,1,534016,Deterministic-ShortestPath-4x4-FrozenLake-v0,qppo-Hgog-qlr1.0e-3,Hgog,30
0.00025,0.001,0.02468058094382286,-0.0001984424889087677,1.2723684310913086,-0.0005818363279104233,0.0005637221038341522,6.466638296842575e-06,0.0,0.3782408833503723,7,1,534528,Deterministic-ShortestPath-4x4-FrozenLake-v0,qppo-Hgog-qlr1.0e-3,Hgog,30
0.00025,0.001,0.024713624268770218,0.00011807680130004883,1.2769148349761963,-0.00029425881803035736,0.0004006284289062023,5.585607141256332e-06,0.0,0.3929039239883423,7,1,535040,Deterministic-ShortestPath-4x4-FrozenLake-v0,qppo-Hgog-qlr1.0e-3,Hgog,30
0.00025,0.001,0.011188105680048466,-0.0002800840884447098,1.278883695602417,-0.007474868092685938,0.00026670610532164574,1.2732576578855515e-05,0.0,0.4688825011253357,7,1,535552,Deterministic-ShortestPath-4x4-FrozenLake-v0,qppo-Hgog-qlr1.0e-3,Hgog,30
0.00025,0.001,0.021791428327560425,6.586126983165741e-05,1.294313907623291,-0.0019815629348158836,0.00024315575137734413,1.010950654745102e-06,0.0,0.2670891284942627,7,1,536064,Deterministic-ShortestPath-4x4-FrozenLake-v0,qppo-Hgog-qlr1.0e-3,Hgog,30
0.00025,0.001,0.02457643300294876,-0.0010552983731031418,1.274407148361206,-0.00151115283370018,0.0007012407295405865,2.1179672330617905e-05,0.0,0.18464982509613037,7,1,536576,Deterministic-ShortestPath-4x4-FrozenLake-v0,qppo-Hgog-qlr1.0e-3,Hgog,30
0.00025,0.001,0.004509504418820143,0.00017931126058101654,1.2615290880203247,-0.010181226767599583,0.00026853568851947784,1.9929837435483932e-05,0.0,-11.44816780090332,7,1,537088,Deterministic-ShortestPath-4x4-FrozenLake-v0,qppo-Hgog-qlr1.0e-3,Hgog,30
0.00025,0.001,0.031463053077459335,-0.0005677128210663795,1.2579039335250854,0.0025847749784588814,7.250020280480385e-05,7.363036274909973e-06,0.0,0.29634732007980347,7,1,537600,Deterministic-ShortestPath-4x4-FrozenLake-v0,qppo-Hgog-qlr1.0e-3,Hgog,30
0.00025,0.001,0.055411096662282944,0.00011321716010570526,1.2559360265731812,0.015259405598044395,4.8236455768346786e-05,1.9694678485393524e-05,0.0,0.3122190833091736,7,1,538112,Deterministic-ShortestPath-4x4-FrozenLake-v0,qppo-Hgog-qlr1.0e-3,Hgog,30
0.00025,0.001,0.03359803557395935,0.0003715287894010544,1.2609922885894775,0.004560624249279499,0.0006197430193424225,1.1236406862735748e-05,0.0,0.2943994402885437,7,1,538624,Deterministic-ShortestPath-4x4-FrozenLake-v0,qppo-Hgog-qlr1.0e-3,Hgog,30
0.00025,0.001,0.020397506654262543,-0.0008990950882434845,1.2560908794403076,-0.0032612504437565804,-0.0004791533574461937,1.0925345122814178e-05,0.0,0.3728724718093872,7,1,539136,Deterministic-ShortestPath-4x4-FrozenLake-v0,qppo-Hgog-qlr1.0e-3,Hgog,30
0.00025,0.001,0.04063359275460243,0.0005070492625236511,1.2501972913742065,0.008321872912347317,-0.0004255678504705429,1.86944380402565e-05,0.0,0.31861090660095215,7,1,539648,Deterministic-ShortestPath-4x4-FrozenLake-v0,qppo-Hgog-qlr1.0e-3,Hgog,30
0.00025,0.001,0.021603679284453392,-0.0006668572314083576,1.2720023393630981,-0.0025850413367152214,0.000754303764551878,3.758911043405533e-05,0.0,0.21022284030914307,7,1,540160,Deterministic-ShortestPath-4x4-FrozenLake-v0,qppo-Hgog-qlr1.0e-3,Hgog,30
0.00025,0.001,0.005455109756439924,0.00019921548664569855,1.2718734741210938,-0.0097919637337327,3.722589462995529e-05,4.717148840427399e-06,0.0,0.43184733390808105,7,1,540672,Deterministic-ShortestPath-4x4-FrozenLake-v0,qppo-Hgog-qlr1.0e-3,Hgog,30
0.00025,0.001,0.037482280284166336,-7.153209298849106e-05,1.2810312509536743,0.005859295837581158,-0.00012552132830023766,2.2351741790771484e-07,0.0,0.3250408172607422,7,1,541184,Deterministic-ShortestPath-4x4-FrozenLake-v0,qppo-Hgog-qlr1.0e-3,Hgog,30
0.00025,0.001,0.02515898458659649,-0.0001302659511566162,1.2619082927703857,-0.0001698564738035202,-0.00012022210285067558,6.067566573619843e-07,0.0,0.43651068210601807,7,1,541696,Deterministic-ShortestPath-4x4-FrozenLake-v0,qppo-Hgog-qlr1.0e-3,Hgog,30
0.00025,0.001,0.0250403955578804,5.3619034588336945e-05,1.2712053060531616,-0.00013823620975017548,-0.0003964412026107311,4.230067133903503e-06,0.0,0.2740022540092468,7,1,542208,Deterministic-ShortestPath-4x4-FrozenLake-v0,qppo-Hgog-qlr1.0e-3,Hgog,30
0.00025,0.001,0.044206634163856506,-0.0007982142269611359,1.2745842933654785,0.00855926051735878,0.00010143965482711792,1.2023374438285828e-05,0.0,0.2013087272644043,7,1,542720,Deterministic-ShortestPath-4x4-FrozenLake-v0,qppo-Hgog-qlr1.0e-3,Hgog,30
0.00025,0.001,0.014593943953514099,-0.00030094385147094727,1.2764039039611816,-0.005768010392785072,-0.0002439124509692192,8.038245141506195e-06,0.0,0.11506986618041992,7,1,543232,Deterministic-ShortestPath-4x4-FrozenLake-v0,qppo-Hgog-qlr1.0e-3,Hgog,30
0.00025,0.001,0.02262817695736885,-9.368360042572021e-05,1.268644094467163,-0.0014660358428955078,3.4870579838752747e-05,3.916677087545395e-06,0.0,0.23465287685394287,7,1,543744,Deterministic-ShortestPath-4x4-FrozenLake-v0,qppo-Hgog-qlr1.0e-3,Hgog,30
0.00025,0.001,0.034721821546554565,-0.0004079313948750496,1.2719968557357788,0.004233011044561863,0.00024255458265542984,1.1675059795379639e-05,0.0,0.2735946774482727,7,1,544256,Deterministic-ShortestPath-4x4-FrozenLake-v0,qppo-Hgog-qlr1.0e-3,Hgog,30
0.00025,0.001,0.022410402074456215,-0.0009724125266075134,1.2687556743621826,-0.0024547679349780083,-0.0003073010593652725,8.766073733568192e-06,0.0,0.36350560188293457,7,1,544768,Deterministic-ShortestPath-4x4-FrozenLake-v0,qppo-Hgog-qlr1.0e-3,Hgog,30
0.00025,0.001,0.00985688529908657,-0.0006002075970172882,1.2522118091583252,-0.00819388311356306,0.00010760640725493431,1.5582889318466187e-05,0.0,-6.5386481285095215,7,1,545280,Deterministic-ShortestPath-4x4-FrozenLake-v0,qppo-Hgog-qlr1.0e-3,Hgog,30
0.00025,0.001,0.040550634264945984,5.294382572174072e-05,1.2787455320358276,0.007540806196630001,9.870156645774841e-05,2.3214612156152725e-05,0.0,0.32048463821411133,7,1,545792,Deterministic-ShortestPath-4x4-FrozenLake-v0,qppo-Hgog-qlr1.0e-3,Hgog,30
0.00025,0.001,0.03430585563182831,8.897483348846436e-05,1.2855072021484375,0.004386831074953079,-0.000673272181302309,5.465932190418243e-06,0.0,0.28610771894454956,7,1,546304,Deterministic-ShortestPath-4x4-FrozenLake-v0,qppo-Hgog-qlr1.0e-3,Hgog,30
0.00025,0.001,0.0025528797414153814,-0.00018764100968837738,1.266331434249878,-0.011574515141546726,-0.0003434326499700546,2.1406449377536774e-06,0.0,-13.900672912597656,7,1,546816,Deterministic-ShortestPath-4x4-FrozenLake-v0,qppo-Hgog-qlr1.0e-3,Hgog,30
0.00025,0.001,0.011976281180977821,0.00019409321248531342,1.2897635698318481,-0.006715402007102966,-0.00018649082630872726,3.207474946975708e-06,0.0,0.11881822347640991,7,1,547328,Deterministic-ShortestPath-4x4-FrozenLake-v0,qppo-Hgog-qlr1.0e-3,Hgog,30
0.00025,0.001,0.038995757699012756,-0.0002821441739797592,1.2536356449127197,0.00667937844991684,0.00032565556466579437,5.437992513179779e-06,0.0,0.32750868797302246,7,1,547840,Deterministic-ShortestPath-4x4-FrozenLake-v0,qppo-Hgog-qlr1.0e-3,Hgog,30
0.00025,0.001,0.0361638069152832,-0.0001060832291841507,1.2557753324508667,0.005418066866695881,-9.397882968187332e-05,1.152046024799347e-06,0.0,0.35766321420669556,7,1,548352,Deterministic-ShortestPath-4x4-FrozenLake-v0,qppo-Hgog-qlr1.0e-3,Hgog,30
0.00025,0.001,0.015452935360372066,-0.0003949366509914398,1.2697972059249878,-0.005366440396755934,-0.00016394676640629768,3.5976991057395935e-06,0.0,0.24209469556808472,7,1,548864,Deterministic-ShortestPath-4x4-FrozenLake-v0,qppo-Hgog-qlr1.0e-3,Hgog,30
0.00025,0.001,0.03204796835780144,-0.0013977226335555315,1.285372257232666,0.0017725396901369095,0.0016732276417315006,4.153186455368996e-05,0.0,0.20881181955337524,7,1,549376,Deterministic-ShortestPath-4x4-FrozenLake-v0,qppo-Hgog-qlr1.0e-3,Hgog,30
0.00025,0.001,0.02281608246266842,-0.000681072473526001,1.2746717929840088,-0.0020197490230202675,0.0005363142117857933,6.355065852403641e-05,0.0,0.28863728046417236,7,1,549888,Deterministic-ShortestPath-4x4-FrozenLake-v0,qppo-Hgog-qlr1.0e-3,Hgog,30
0.00025,0.001,0.041152577847242355,-0.0014247968792915344,1.2757896184921265,0.006393596529960632,6.148964166641235e-05,3.791460767388344e-05,0.0,0.3983500599861145,7,1,550400,Deterministic-ShortestPath-4x4-FrozenLake-v0,qppo-Hgog-qlr1.0e-3,Hgog,30
0.00025,0.001,0.01353343203663826,-3.9301812648773193e-07,1.26312255859375,-0.005864902399480343,-0.00017790216952562332,5.466863512992859e-07,0.0,0.4086493253707886,7,1,550912,Deterministic-ShortestPath-4x4-FrozenLake-v0,qppo-Hgog-qlr1.0e-3,Hgog,30
0.00025,0.001,0.03232664242386818,-4.642084240913391e-05,1.2747161388397217,0.003369739279150963,0.00010142289102077484,1.1329539120197296e-06,0.0,0.2227984070777893,7,1,551424,Deterministic-ShortestPath-4x4-FrozenLake-v0,qppo-Hgog-qlr1.0e-3,Hgog,30
0.00025,0.001,0.02567138336598873,0.00017056893557310104,1.2799665927886963,0.0002065952867269516,-0.00030633481219410896,3.480818122625351e-06,0.0,0.430023193359375,7,1,551936,Deterministic-ShortestPath-4x4-FrozenLake-v0,qppo-Hgog-qlr1.0e-3,Hgog,30
0.00025,0.001,0.011712788604199886,0.0001728460192680359,1.2782922983169556,-0.006753682624548674,0.0002606273628771305,4.512723535299301e-06,0.0,0.29342782497406006,7,1,552448,Deterministic-ShortestPath-4x4-FrozenLake-v0,qppo-Hgog-qlr1.0e-3,Hgog,30
0.00025,0.001,0.017389841377735138,-6.174668669700623e-05,1.2671566009521484,-0.004038391634821892,6.310222670435905e-05,9.60659235715866e-07,0.0,0.2352645993232727,7,1,552960,Deterministic-ShortestPath-4x4-FrozenLake-v0,qppo-Hgog-qlr1.0e-3,Hgog,30
0.00025,0.001,0.020867643877863884,-0.0002034911885857582,1.260966181755066,-0.0023793308064341545,6.430409848690033e-05,1.897290349006653e-05,0.0,0.2594861388206482,7,1,553472,Deterministic-ShortestPath-4x4-FrozenLake-v0,qppo-Hgog-qlr1.0e-3,Hgog,30
0.00025,0.001,0.016643688082695007,-0.0007356717251241207,1.2659904956817627,-0.005073731765151024,-1.0848045349121094e-05,1.5342608094215393e-05,0.0,0.031834959983825684,7,1,553984,Deterministic-ShortestPath-4x4-FrozenLake-v0,qppo-Hgog-qlr1.0e-3,Hgog,30
0.00025,0.001,0.017666440457105637,-0.0017707720398902893,1.2904151678085327,-0.005841703154146671,0.0008765943348407745,7.948093116283417e-05,0.0,0.3535524010658264,7,1,554496,Deterministic-ShortestPath-4x4-FrozenLake-v0,qppo-Hgog-qlr1.0e-3,Hgog,30
0.00025,0.001,0.008334828540682793,0.00022147409617900848,1.2498544454574585,-0.008109656162559986,0.0005900179967284203,5.4805073887109756e-05,0.0,0.22297996282577515,7,1,555008,Deterministic-ShortestPath-4x4-FrozenLake-v0,qppo-Hgog-qlr1.0e-3,Hgog,30
0.00025,0.001,0.013887128792703152,-0.0004955083131790161,1.2816545963287354,-0.006368489470332861,-0.0004345430061221123,3.750622272491455e-05,0.0,-0.3834034204483032,7,1,555520,Deterministic-ShortestPath-4x4-FrozenLake-v0,qppo-Hgog-qlr1.0e-3,Hgog,30
0.00025,0.001,0.010025125928223133,-0.0005298033356666565,1.258270025253296,-0.008099939674139023,0.00018888292834162712,2.7510803192853928e-05,0.0,0.35281723737716675,7,1,556032,Deterministic-ShortestPath-4x4-FrozenLake-v0,qppo-Hgog-qlr1.0e-3,Hgog,30
0.00025,0.001,0.020158858969807625,8.669868111610413e-05,1.2568069696426392,-0.002401941455900669,-0.0009144027717411518,1.6571488231420517e-05,0.0,-0.007084488868713379,7,1,556544,Deterministic-ShortestPath-4x4-FrozenLake-v0,qppo-Hgog-qlr1.0e-3,Hgog,30
0.00025,0.001,0.0094788558781147,-0.0007745847105979919,1.2663356065750122,-0.008698512800037861,0.0008267443627119064,2.018781378865242e-05,0.0,0.37185800075531006,7,1,557056,Deterministic-ShortestPath-4x4-FrozenLake-v0,qppo-Hgog-qlr1.0e-3,Hgog,30
0.00025,0.001,0.009513910859823227,-0.000640583224594593,1.2675354480743408,-0.00855898205190897,0.0008819978684186935,5.900487303733826e-05,0.0,0.36296403408050537,7,1,557568,Deterministic-ShortestPath-4x4-FrozenLake-v0,qppo-Hgog-qlr1.0e-3,Hgog,30
0.00025,0.001,0.024862678721547127,-0.00019793305546045303,1.2717764377593994,-0.000484357587993145,0.0009114565327763557,8.624047040939331e-06,0.0,0.3934974670410156,7,1,558080,Deterministic-ShortestPath-4x4-FrozenLake-v0,qppo-Hgog-qlr1.0e-3,Hgog,30
0.00025,0.001,0.017669623717665672,-0.0004758210852742195,1.2662863731384277,-0.004303872585296631,0.0001528519205749035,3.7616118788719177e-06,0.0,0.22376710176467896,7,1,558592,Deterministic-ShortestPath-4x4-FrozenLake-v0,qppo-Hgog-qlr1.0e-3,Hgog,30
0.00025,0.001,0.01682472974061966,-4.529207944869995e-05,1.2573521137237549,-0.00420644786208868,7.635541260242462e-05,2.1373853087425232e-07,0.0,0.2594985365867615,7,1,559104,Deterministic-ShortestPath-4x4-FrozenLake-v0,qppo-Hgog-qlr1.0e-3,Hgog,30
0.00025,0.001,0.024529719725251198,-0.000598616898059845,1.2555776834487915,-0.0008895331993699074,0.0006572017446160316,1.271301880478859e-05,0.0,0.3282893896102905,7,1,559616,Deterministic-ShortestPath-4x4-FrozenLake-v0,qppo-Hgog-qlr1.0e-3,Hgog,30
0.00025,0.001,0.02290579490363598,0.0001591276377439499,1.260110855102539,-0.0009890832006931305,-0.00027997978031635284,7.953494787216187e-07,0.0,0.3378973603248596,7,1,560128,Deterministic-ShortestPath-4x4-FrozenLake-v0,qppo-Hgog-qlr1.0e-3,Hgog,30
0.00025,0.001,0.023882918059825897,0.00011309236288070679,1.258915901184082,-0.0005346070975065231,3.6710407584905624e-05,3.310851752758026e-07,0.0,0.3056851029396057,7,1,560640,Deterministic-ShortestPath-4x4-FrozenLake-v0,qppo-Hgog-qlr1.0e-3,Hgog,30
0.00025,0.001,0.008273373357951641,0.0001838579773902893,1.2667049169540405,-0.008346503600478172,-2.1278858184814453e-05,5.007721483707428e-06,0.0,0.1402687430381775,7,1,561152,Deterministic-ShortestPath-4x4-FrozenLake-v0,qppo-Hgog-qlr1.0e-3,Hgog,30
0.00025,0.001,0.024516383185982704,-0.00027010589838027954,1.2765350341796875,-0.0007772641256451607,8.72747041285038e-05,9.864568710327148e-06,0.0,0.2539812922477722,7,1,561664,Deterministic-ShortestPath-4x4-FrozenLake-v0,qppo-Hgog-qlr1.0e-3,Hgog,30
0.00025,0.001,0.009294886142015457,-0.00013569369912147522,1.2632920742034912,-0.008121171034872532,-2.4029985070228577e-05,3.725290298461914e-07,0.0,0.024395883083343506,7,1,562176,Deterministic-ShortestPath-4x4-FrozenLake-v0,qppo-Hgog-qlr1.0e-3,Hgog,30
0.00025,0.001,0.025422975420951843,-5.6024640798568726e-05,1.2466332912445068,0.00018913019448518753,1.5562400221824646e-06,1.885928213596344e-07,0.0,0.11251652240753174,7,1,562688,Deterministic-ShortestPath-4x4-FrozenLake-v0,qppo-Hgog-qlr1.0e-3,Hgog,30
0.00025,0.001,0.021765973418951035,-6.293319165706635e-05,1.2616488933563232,-0.0017964355647563934,0.00034405430778861046,3.606686368584633e-05,0.0,0.34133660793304443,7,1,563200,Deterministic-ShortestPath-4x4-FrozenLake-v0,qppo-Hgog-qlr1.0e-3,Hgog,30
0.00025,0.001,0.01252573449164629,-0.0028966888785362244,1.2670105695724487,-0.009303927421569824,-0.0004288055934011936,0.00013050762936472893,0.0,0.17274588346481323,7,1,563712,Deterministic-ShortestPath-4x4-FrozenLake-v0,qppo-Hgog-qlr1.0e-3,Hgog,30
0.00025,0.001,0.03972388803958893,-0.004703456535935402,1.2597200870513916,0.0025612860918045044,0.0011692512780427933,0.00019748881459236145,0.0,0.261813223361969,7,1,564224,Deterministic-ShortestPath-4x4-FrozenLake-v0,qppo-Hgog-qlr1.0e-3,Hgog,30
0.00025,0.001,0.012327779084444046,0.00043213460594415665,1.2769510746002197,-0.006173485890030861,0.0016594035550951958,2.505537122488022e-05,0.0,-0.29448890686035156,7,1,564736,Deterministic-ShortestPath-4x4-FrozenLake-v0,qppo-Hgog-qlr1.0e-3,Hgog,30
0.00025,0.001,0.0164994727820158,-0.00015167146921157837,1.2876263856887817,-0.0047781988978385925,0.000240374356508255,4.458706825971603e-06,0.0,0.36542820930480957,7,1,565248,Deterministic-ShortestPath-4x4-FrozenLake-v0,qppo-Hgog-qlr1.0e-3,Hgog,30
0.00025,0.001,0.02821328118443489,-0.0011760052293539047,1.2830346822738647,0.00010028854012489319,0.0009295414201915264,6.232783198356628e-05,0.0,0.27989232540130615,7,1,565760,Deterministic-ShortestPath-4x4-FrozenLake-v0,qppo-Hgog-qlr1.0e-3,Hgog,30
0.00025,0.001,0.01023789495229721,-0.002032654359936714,1.2771930694580078,-0.009685637429356575,-0.00026165787130594254,0.00012626545503735542,0.0,0.17261719703674316,7,1,566272,Deterministic-ShortestPath-4x4-FrozenLake-v0,qppo-Hgog-qlr1.0e-3,Hgog,30
0.00025,0.001,0.013402966782450676,-0.000751374289393425,1.2819032669067383,-0.006868923082947731,-0.0007192636840045452,4.907604306936264e-05,0.0,0.4572494626045227,7,1,566784,Deterministic-ShortestPath-4x4-FrozenLake-v0,qppo-Hgog-qlr1.0e-3,Hgog,30
0.00025,0.001,0.011585974134504795,-0.0006771944463253021,1.2879738807678223,-0.007763945963233709,0.0004813931882381439,5.3247902542352676e-05,0.0,0.35695403814315796,7,1,567296,Deterministic-ShortestPath-4x4-FrozenLake-v0,qppo-Hgog-qlr1.0e-3,Hgog,30
0.00025,0.001,0.011065110564231873,0.0001317150890827179,1.3022793531417847,-0.0073585230857133865,0.0002823593094944954,5.6158751249313354e-06,0.0,0.22277534008026123,7,1,567808,Deterministic-ShortestPath-4x4-FrozenLake-v0,qppo-Hgog-qlr1.0e-3,Hgog,30
0.00025,0.001,0.022348035126924515,0.00070929154753685,1.2650299072265625,-0.0007669897750020027,-0.0005907299928367138,8.192379027605057e-06,0.0,0.27966445684432983,7,1,568320,Deterministic-ShortestPath-4x4-FrozenLake-v0,qppo-Hgog-qlr1.0e-3,Hgog,30
0.00025,0.001,0.03730684891343117,-0.0006131520494818687,1.2624350786209106,0.0054159220308065414,-0.0005776220932602882,2.290029078722e-05,0.0,0.4203670620918274,7,1,568832,Deterministic-ShortestPath-4x4-FrozenLake-v0,qppo-Hgog-qlr1.0e-3,Hgog,30
0.00025,0.001,0.03302854299545288,0.0004817880690097809,1.2787727117538452,0.004208332858979702,-0.00011908542364835739,1.35018490254879e-05,0.0,0.3039907217025757,7,1,569344,Deterministic-ShortestPath-4x4-FrozenLake-v0,qppo-Hgog-qlr1.0e-3,Hgog,30
0.00025,0.001,0.005705511663109064,-0.0009300336241722107,1.2929986715316772,-0.011007264256477356,-0.0007166853174567223,5.452893674373627e-05,0.0,-15.644113540649414,7,1,569856,Deterministic-ShortestPath-4x4-FrozenLake-v0,qppo-Hgog-qlr1.0e-3,Hgog,30
0.00025,0.001,0.017517589032649994,-0.0005447119474411011,1.276308298110962,-0.004549000412225723,0.0008966303430497646,3.879610449075699e-05,0.0,0.31807512044906616,7,1,570368,Deterministic-ShortestPath-4x4-FrozenLake-v0,qppo-Hgog-qlr1.0e-3,Hgog,30
0.00025,0.001,0.011064235121011734,-0.001544941682368517,1.2865238189697266,-0.008878061547875404,0.0006639724597334862,1.187669113278389e-05,0.0,0.34119778871536255,7,1,570880,Deterministic-ShortestPath-4x4-FrozenLake-v0,qppo-Hgog-qlr1.0e-3,Hgog,30
0.00025,0.001,0.023014409467577934,-0.00015189498662948608,1.2875850200653076,-0.001520540565252304,-1.550186425447464e-05,2.4260953068733215e-06,0.0,0.2806527614593506,7,1,571392,Deterministic-ShortestPath-4x4-FrozenLake-v0,qppo-Hgog-qlr1.0e-3,Hgog,30
0.00025,0.001,0.025758294388651848,-0.0006774589419364929,1.2719331979751587,-0.0005176430568099022,-9.610271081328392e-05,6.489455699920654e-06,0.0,0.39811843633651733,7,1,571904,Deterministic-ShortestPath-4x4-FrozenLake-v0,qppo-Hgog-qlr1.0e-3,Hgog,30
0.00025,0.001,0.021716810762882233,-0.0007762424647808075,1.2842800617218018,-0.002760637551546097,-0.0003079921007156372,1.3916287571191788e-05,0.0,0.19016695022583008,7,1,572416,Deterministic-ShortestPath-4x4-FrozenLake-v0,qppo-Hgog-qlr1.0e-3,Hgog,30
0.00025,0.001,0.010661471635103226,-0.00016350671648979187,1.2778618335723877,-0.007611389271914959,-0.00014635734260082245,7.147900760173798e-07,0.0,0.3046473264694214,7,1,572928,Deterministic-ShortestPath-4x4-FrozenLake-v0,qppo-Hgog-qlr1.0e-3,Hgog,30
0.00025,0.001,0.03793593496084213,-0.0005184048786759377,1.2765989303588867,0.005683573894202709,0.000571168027818203,4.735775291919708e-06,0.0,0.242537260055542,7,1,573440,Deterministic-ShortestPath-4x4-FrozenLake-v0,qppo-Hgog-qlr1.0e-3,Hgog,30
0.00025,0.001,0.022746991366147995,-9.812414646148682e-06,1.2701369524002075,-0.0013376856222748756,-5.370471626520157e-06,2.0205043256282806e-06,0.0,0.3280782699584961,7,1,573952,Deterministic-ShortestPath-4x4-FrozenLake-v0,qppo-Hgog-qlr1.0e-3,Hgog,30
0.00025,0.001,0.03333581984043121,-0.0002224436029791832,1.2688966989517212,0.0037564998492598534,-0.00011171819642186165,5.251262336969376e-06,0.0,0.3748355507850647,7,1,574464,Deterministic-ShortestPath-4x4-FrozenLake-v0,qppo-Hgog-qlr1.0e-3,Hgog,30
0.00025,0.001,0.026740899309515953,4.9620866775512695e-06,1.282836675643921,0.0005470449104905128,0.0006098980084061623,1.89170241355896e-05,0.0,0.31638073921203613,7,1,574976,Deterministic-ShortestPath-4x4-FrozenLake-v0,qppo-Hgog-qlr1.0e-3,Hgog,30
0.00025,0.001,0.03895680233836174,-0.00044758617877960205,1.2451967000961304,0.006578848697245121,-0.00039747729897499084,1.0152347385883331e-05,0.0,0.28402113914489746,7,1,575488,Deterministic-ShortestPath-4x4-FrozenLake-v0,qppo-Hgog-qlr1.0e-3,Hgog,30
0.00025,0.001,0.018141435459256172,-3.003329038619995e-05,1.2784969806671143,-0.0037442846223711967,0.0002842480316758156,3.880821168422699e-06,0.0,0.30293506383895874,7,1,576000,Deterministic-ShortestPath-4x4-FrozenLake-v0,qppo-Hgog-qlr1.0e-3,Hgog,30
0.00025,0.001,0.020317409187555313,-0.0009286170825362206,1.2771658897399902,-0.0035415710881352425,-0.0011422866955399513,7.008109241724014e-05,0.0,0.3062565326690674,7,1,576512,Deterministic-ShortestPath-4x4-FrozenLake-v0,qppo-Hgog-qlr1.0e-3,Hgog,30
0.00025,0.001,0.0151396244764328,-0.002674464136362076,1.2676342725753784,-0.007780994288623333,0.001598262693732977,0.00011092005297541618,0.0,0.3202577233314514,7,1,577024,Deterministic-ShortestPath-4x4-FrozenLake-v0,qppo-Hgog-qlr1.0e-3,Hgog,30
0.00025,0.001,0.013328976929187775,-0.0008729277178645134,1.2891411781311035,-0.007099851034581661,0.00247185118496418,4.449300467967987e-05,0.0,0.11588895320892334,7,1,577536,Deterministic-ShortestPath-4x4-FrozenLake-v0,qppo-Hgog-qlr1.0e-3,Hgog,30
0.00025,0.001,0.011695106513798237,-0.0006524268537759781,1.2728924751281738,-0.007533798459917307,-0.00025065522640943527,1.2502539902925491e-05,0.0,0.4184974431991577,7,1,578048,Deterministic-ShortestPath-4x4-FrozenLake-v0,qppo-Hgog-qlr1.0e-3,Hgog,30
0.00025,0.001,0.019688712432980537,-2.9305927455425262e-05,1.2926974296569824,-0.0031119240447878838,9.211944416165352e-05,1.953914761543274e-06,0.0,0.45937401056289673,7,1,578560,Deterministic-ShortestPath-4x4-FrozenLake-v0,qppo-Hgog-qlr1.0e-3,Hgog,30
0.00025,0.001,0.015891307964920998,-0.0002234913408756256,1.263693928718567,-0.004914776422083378,8.392101153731346e-05,5.406327545642853e-07,0.0,0.40071815252304077,7,1,579072,Deterministic-ShortestPath-4x4-FrozenLake-v0,qppo-Hgog-qlr1.0e-3,Hgog,30
0.00025,0.001,0.038546811789274216,-0.0006342679262161255,1.2615505456924438,0.006023632362484932,-0.000425578560680151,1.298263669013977e-05,0.0,0.4056253433227539,7,1,579584,Deterministic-ShortestPath-4x4-FrozenLake-v0,qppo-Hgog-qlr1.0e-3,Hgog,30
0.00025,0.001,0.01633697748184204,-0.0009269639849662781,1.2944387197494507,-0.00570286251604557,-0.0003820657730102539,1.2040138244628906e-05,0.0,0.404593288898468,7,1,580096,Deterministic-ShortestPath-4x4-FrozenLake-v0,qppo-Hgog-qlr1.0e-3,Hgog,30
0.00025,0.001,0.026886459439992905,-0.00041650421917438507,1.276696801185608,0.00025975797325372696,0.0008416511118412018,1.551862806081772e-05,0.0,0.3330989480018616,7,1,580608,Deterministic-ShortestPath-4x4-FrozenLake-v0,qppo-Hgog-qlr1.0e-3,Hgog,30
0.00025,0.001,0.009770295582711697,-0.00010414235293865204,1.2883076667785645,-0.008102070540189743,-0.00022198306396603584,1.3918615877628326e-06,0.0,-21.77123260498047,7,1,581120,Deterministic-ShortestPath-4x4-FrozenLake-v0,qppo-Hgog-qlr1.0e-3,Hgog,30
0.00025,0.001,0.014484535902738571,-0.00012369081377983093,1.2975012063980103,-0.005856434814631939,-1.5778932720422745e-05,7.249414920806885e-06,0.0,0.2753552794456482,7,1,581632,Deterministic-ShortestPath-4x4-FrozenLake-v0,qppo-Hgog-qlr1.0e-3,Hgog,30
0.00025,0.001,0.02631259150803089,4.083290696144104e-05,1.2976651191711426,0.00022047758102416992,-4.447018727660179e-05,1.7415732145309448e-07,0.0,0.3354722261428833,7,1,582144,Deterministic-ShortestPath-4x4-FrozenLake-v0,qppo-Hgog-qlr1.0e-3,Hgog,30
0.00025,0.001,0.01074386015534401,0.000290505588054657,1.2610459327697754,-0.0069480231031775475,0.00012577977031469345,4.775822162628174e-06,0.0,0.3734133839607239,7,1,582656,Deterministic-ShortestPath-4x4-FrozenLake-v0,qppo-Hgog-qlr1.0e-3,Hgog,30
0.00025,0.001,0.020468629896640778,-0.0005372464656829834,1.2574094533920288,-0.0028770258650183678,0.0003241114318370819,4.026107490062714e-06,0.0,0.25718826055526733,7,1,583168,Deterministic-ShortestPath-4x4-FrozenLake-v0,qppo-Hgog-qlr1.0e-3,Hgog,30
0.00025,0.001,0.019995195791125298,-0.000853758305311203,1.2813347578048706,-0.0036695078015327454,3.187032416462898e-05,5.684792995452881e-06,0.0,-0.09786927700042725,7,1,583680,Deterministic-ShortestPath-4x4-FrozenLake-v0,qppo-Hgog-qlr1.0e-3,Hgog,30
0.00025,0.001,0.02315283939242363,-5.415827035903931e-05,1.2701468467712402,-0.0011792071163654327,8.061015978455544e-05,1.8137507140636444e-06,0.0,0.39247918128967285,7,1,584192,Deterministic-ShortestPath-4x4-FrozenLake-v0,qppo-Hgog-qlr1.0e-3,Hgog,30
0.00025,0.001,0.015551255084574223,-0.0007998980581760406,1.2863022089004517,-0.005887291859835386,0.00024384260177612305,1.2839213013648987e-05,0.0,0.1603887677192688,7,1,584704,Deterministic-ShortestPath-4x4-FrozenLake-v0,qppo-Hgog-qlr1.0e-3,Hgog,30
0.00025,0.001,0.04587756469845772,-0.00010899407789111137,1.267602562904358,0.010153762996196747,-0.0005366490222513676,1.2520700693130493e-05,0.0,0.2681960463523865,7,1,585216,Deterministic-ShortestPath-4x4-FrozenLake-v0,qppo-Hgog-qlr1.0e-3,Hgog,30
0.00025,0.001,0.016637740656733513,-9.961659088730812e-05,1.2808994054794312,-0.004589739255607128,0.000513467937707901,1.7714686691761017e-05,0.0,0.366360068321228,7,1,585728,Deterministic-ShortestPath-4x4-FrozenLake-v0,qppo-Hgog-qlr1.0e-3,Hgog,30
0.00025,0.001,0.01601971685886383,-0.00014152377843856812,1.29684579372406,-0.005100122652947903,7.80448317527771e-06,2.6961788535118103e-07,0.0,0.15071368217468262,7,1,586240,Deterministic-ShortestPath-4x4-FrozenLake-v0,qppo-Hgog-qlr1.0e-3,Hgog,30
0.00025,0.001,0.011206289753317833,-7.67274759709835e-05,1.293534278869629,-0.007408925332129002,-0.000475363340228796,5.1674433052539825e-06,0.0,0.046077191829681396,7,1,586752,Deterministic-ShortestPath-4x4-FrozenLake-v0,qppo-Hgog-qlr1.0e-3,Hgog,30
0.00025,0.001,0.05085545778274536,-0.00019340403378009796,1.2944897413253784,0.012289428152143955,0.0001357714645564556,1.291278749704361e-06,0.0,0.2900593876838684,7,1,587264,Deterministic-ShortestPath-4x4-FrozenLake-v0,qppo-Hgog-qlr1.0e-3,Hgog,30
0.00025,0.001,0.013498760759830475,-0.0002099405974149704,1.300578236579895,-0.006466342136263847,0.00024078693240880966,5.059875547885895e-06,0.0,0.34721237421035767,7,1,587776,Deterministic-ShortestPath-4x4-FrozenLake-v0,qppo-Hgog-qlr1.0e-3,Hgog,30
0.00025,0.001,0.009302228689193726,0.00015583448112010956,1.2724850177764893,-0.007917901501059532,7.319403812289238e-05,6.39352947473526e-07,0.0,0.5401889681816101,7,1,588288,Deterministic-ShortestPath-4x4-FrozenLake-v0,qppo-Hgog-qlr1.0e-3,Hgog,30
0.00025,0.001,0.028960850089788437,-0.0005433801561594009,1.283124327659607,0.00110580213367939,-0.000771739985793829,1.0666903108358383e-05,0.0,0.1931566596031189,7,1,588800,Deterministic-ShortestPath-4x4-FrozenLake-v0,qppo-Hgog-qlr1.0e-3,Hgog,30
0.00025,0.001,0.028894614428281784,-0.0007445700466632843,1.2644562721252441,0.0010581742972135544,-3.304425626993179e-05,1.4404300600290298e-05,0.0,0.35952574014663696,7,1,589312,Deterministic-ShortestPath-4x4-FrozenLake-v0,qppo-Hgog-qlr1.0e-3,Hgog,30
0.00025,0.001,0.026301953941583633,-0.0006418600678443909,1.2641026973724365,-0.00013190973550081253,-0.0003988700918853283,9.068287909030914e-06,0.0,0.4242313504219055,7,1,589824,Deterministic-ShortestPath-4x4-FrozenLake-v0,qppo-Hgog-qlr1.0e-3,Hgog,30
0.00025,0.001,0.02137383073568344,-0.0003992319107055664,1.2856636047363281,-0.002568952739238739,-5.371682345867157e-05,9.32859256863594e-06,0.0,0.10501718521118164,7,1,590336,Deterministic-ShortestPath-4x4-FrozenLake-v0,qppo-Hgog-qlr1.0e-3,Hgog,30
0.00025,0.001,0.02297559566795826,-7.866136729717255e-05,1.29184091091156,-0.0015092724934220314,0.00018187519162893295,1.528766006231308e-06,0.0,0.20376360416412354,7,1,590848,Deterministic-ShortestPath-4x4-FrozenLake-v0,qppo-Hgog-qlr1.0e-3,Hgog,30
0.00025,0.001,0.014788131229579449,2.0693987607955933e-05,1.2679084539413452,-0.005264324601739645,-2.089422196149826e-06,5.620531737804413e-07,0.0,0.5367742776870728,7,1,591360,Deterministic-ShortestPath-4x4-FrozenLake-v0,qppo-Hgog-qlr1.0e-3,Hgog,30
0.00025,0.001,0.020740728825330734,-0.00010179169476032257,1.26982843875885,-0.0024297116324305534,-0.00014506280422210693,8.069910109043121e-07,0.0,0.20032012462615967,7,1,591872,Deterministic-ShortestPath-4x4-FrozenLake-v0,qppo-Hgog-qlr1.0e-3,Hgog,30
0.00025,0.001,0.012403763830661774,3.3697113394737244e-05,1.274499535560608,-0.006509415805339813,8.856458589434624e-05,7.650814950466156e-07,0.0,0.16021597385406494,7,1,592384,Deterministic-ShortestPath-4x4-FrozenLake-v0,qppo-Hgog-qlr1.0e-3,Hgog,30
0.00025,0.001,0.015943564474582672,-1.2718141078948975e-05,1.2623363733291626,-0.004664299078285694,-0.0001777810975909233,6.545800715684891e-06,0.0,-12.830101013183594,7,1,592896,Deterministic-ShortestPath-4x4-FrozenLake-v0,qppo-Hgog-qlr1.0e-3,Hgog,30
0.00025,0.001,0.014883068390190601,0.00010311231017112732,1.2790992259979248,-0.005246345419436693,-0.00023234263062477112,8.408911526203156e-06,0.0,0.1141480803489685,7,1,593408,Deterministic-ShortestPath-4x4-FrozenLake-v0,qppo-Hgog-qlr1.0e-3,Hgog,30
0.00025,0.001,0.028241261839866638,-0.00017422810196876526,1.2893482446670532,0.0010529207065701485,0.00021785404533147812,4.790257662534714e-06,0.0,0.3498583436012268,7,1,593920,Deterministic-ShortestPath-4x4-FrozenLake-v0,qppo-Hgog-qlr1.0e-3,Hgog,30
0.00025,0.001,0.03245044872164726,-0.0004296824336051941,1.2726866006851196,0.0030686762183904648,4.7072768211364746e-05,2.7283094823360443e-06,0.0,0.33554601669311523,7,1,594432,Deterministic-ShortestPath-4x4-FrozenLake-v0,qppo-Hgog-qlr1.0e-3,Hgog,30
0.00025,0.001,0.008296559564769268,-1.7737969756126404e-05,1.2594292163848877,-0.008463749662041664,1.838989555835724e-05,3.632158041000366e-08,0.0,0.47346848249435425,7,1,594944,Deterministic-ShortestPath-4x4-FrozenLake-v0,qppo-Hgog-qlr1.0e-3,Hgog,30
0.00025,0.001,0.02041913941502571,3.959052264690399e-05,1.2762902975082397,-0.002513742074370384,3.4104567021131516e-05,4.536006599664688e-06,0.0,0.4458795189857483,7,1,595456,Deterministic-ShortestPath-4x4-FrozenLake-v0,qppo-Hgog-qlr1.0e-3,Hgog,30
0.00025,0.001,0.02825147472321987,-0.0002676248550415039,1.2945606708526611,0.0009125061333179474,-0.0004940279759466648,1.0219868272542953e-05,0.0,0.3760114312171936,7,1,595968,Deterministic-ShortestPath-4x4-FrozenLake-v0,qppo-Hgog-qlr1.0e-3,Hgog,30
0.00025,0.001,0.008720328100025654,0.0001388341188430786,1.2571232318878174,-0.008072234690189362,0.00017669331282377243,1.6431789845228195e-05,0.0,-8.722244262695312,7,1,596480,Deterministic-ShortestPath-4x4-FrozenLake-v0,qppo-Hgog-qlr1.0e-3,Hgog,30
0.00025,0.001,0.02165563963353634,9.476207196712494e-06,1.275973916053772,-0.001922442577779293,4.0065962821245193e-05,1.9744038581848145e-07,0.0,0.064281165599823,7,1,596992,Deterministic-ShortestPath-4x4-FrozenLake-v0,qppo-Hgog-qlr1.0e-3,Hgog,30
0.00025,0.001,0.035076603293418884,-4.8704445362091064e-05,1.2751103639602661,0.004738493822515011,0.00014975853264331818,5.355104804039001e-07,0.0,0.2625485062599182,7,1,597504,Deterministic-ShortestPath-4x4-FrozenLake-v0,qppo-Hgog-qlr1.0e-3,Hgog,30
0.00025,0.001,0.029238570481538773,3.669224679470062e-05,1.2876554727554321,0.0017794230952858925,-0.00018616113811731339,2.561137080192566e-07,0.0,0.181302011013031,7,1,598016,Deterministic-ShortestPath-4x4-FrozenLake-v0,qppo-Hgog-qlr1.0e-3,Hgog,30
0.00025,0.001,0.034459054470062256,0.00014019757509231567,1.2891812324523926,0.004477912560105324,-0.00012950971722602844,2.202112227678299e-06,0.0,0.1786363124847412,7,1,598528,Deterministic-ShortestPath-4x4-FrozenLake-v0,qppo-Hgog-qlr1.0e-3,Hgog,30
0.00025,0.001,0.02708173170685768,-0.0010393233969807625,1.2803266048431396,-0.0003017233684659004,0.00025464966893196106,1.0685995221138e-05,0.0,0.2922494411468506,7,1,599040,Deterministic-ShortestPath-4x4-FrozenLake-v0,qppo-Hgog-qlr1.0e-3,Hgog,30
0.00025,0.001,0.02887708693742752,-0.0006163120269775391,1.2872363328933716,0.0009498680010437965,-0.00013789627701044083,8.94768163561821e-06,0.0,0.42061322927474976,7,1,599552,Deterministic-ShortestPath-4x4-FrozenLake-v0,qppo-Hgog-qlr1.0e-3,Hgog,30
0.00025,0.001,0.023754432797431946,-0.0006137266755104065,1.2625391483306885,-0.0013619018718600273,-0.0001968848519027233,7.71787017583847e-06,0.0,0.25575578212738037,7,1,600064,Deterministic-ShortestPath-4x4-FrozenLake-v0,qppo-Hgog-qlr1.0e-3,Hgog,30
0.00025,0.001,0.027877388522028923,9.295344352722168e-05,1.2860307693481445,0.0011713402345776558,-7.819849997758865e-05,1.8901191651821136e-06,0.0,0.3956241011619568,7,1,600576,Deterministic-ShortestPath-4x4-FrozenLake-v0,qppo-Hgog-qlr1.0e-3,Hgog,30
0.00025,0.001,0.024408327415585518,-1.3027340173721313e-05,1.270310401916504,-0.0005119675770401955,-7.35260546207428e-05,1.7415732145309448e-07,0.0,0.17961502075195312,7,1,601088,Deterministic-ShortestPath-4x4-FrozenLake-v0,qppo-Hgog-qlr1.0e-3,Hgog,30
0.00025,0.001,0.018153201788663864,0.0001953504979610443,1.2960057258605957,-0.003688105382025242,9.7617506980896e-05,1.064501702785492e-06,0.0,0.3423784375190735,7,1,601600,Deterministic-ShortestPath-4x4-FrozenLake-v0,qppo-Hgog-qlr1.0e-3,Hgog,30
0.00025,0.001,0.010017972439527512,3.1068921089172363e-06,1.279531717300415,-0.007783223874866962,6.233155727386475e-05,1.825392246246338e-07,0.0,0.319968581199646,7,1,602112,Deterministic-ShortestPath-4x4-FrozenLake-v0,qppo-Hgog-qlr1.0e-3,Hgog,30
0.00025,0.001,0.043338168412446976,3.814324736595154e-05,1.260011076927185,0.009107116609811783,7.594050839543343e-05,1.5827827155590057e-06,0.0,0.43520259857177734,7,1,602624,Deterministic-ShortestPath-4x4-FrozenLake-v0,qppo-Hgog-qlr1.0e-3,Hgog,30
0.00025,0.001,0.04066435992717743,1.3887882232666016e-05,1.2689592838287354,0.007656475529074669,-0.00029324600473046303,4.6836212277412415e-06,0.0,0.3319169878959656,7,1,603136,Deterministic-ShortestPath-4x4-FrozenLake-v0,qppo-Hgog-qlr1.0e-3,Hgog,30
0.00025,0.001,0.009568335488438606,0.0003080759197473526,1.2925608158111572,-0.00783336441963911,-0.0005178824067115784,1.752469688653946e-05,0.0,-0.19046354293823242,7,1,603648,Deterministic-ShortestPath-4x4-FrozenLake-v0,qppo-Hgog-qlr1.0e-3,Hgog,30
0.00025,0.001,0.05711228772997856,0.00014387443661689758,1.2758651971817017,0.01594136655330658,0.0007589841261506081,8.809845894575119e-06,0.0,0.267042875289917,7,1,604160,Deterministic-ShortestPath-4x4-FrozenLake-v0,qppo-Hgog-qlr1.0e-3,Hgog,30
0.00025,0.001,0.023672621697187424,-0.000431266613304615,1.279025912284851,-0.001385214738547802,0.0005526421591639519,9.725335985422134e-06,0.0,0.286152720451355,7,1,604672,Deterministic-ShortestPath-4x4-FrozenLake-v0,qppo-Hgog-qlr1.0e-3,Hgog,30
0.00025,0.001,0.0035435263998806477,-0.0005844756960868835,1.2758560180664062,-0.011571272276341915,0.0001301988959312439,1.912098377943039e-05,0.0,-0.13816356658935547,7,1,605184,Deterministic-ShortestPath-4x4-FrozenLake-v0,qppo-Hgog-qlr1.0e-3,Hgog,30
0.00025,0.001,0.01934640482068062,-0.0002556741237640381,1.2697911262512207,-0.003280382603406906,0.0001583881676197052,8.505303412675858e-06,0.0,0.19530415534973145,7,1,605696,Deterministic-ShortestPath-4x4-FrozenLake-v0,qppo-Hgog-qlr1.0e-3,Hgog,30
0.00025,0.001,0.007165096700191498,-0.00029551004990935326,1.2615636587142944,-0.009328598156571388,0.0002824966795742512,1.8272548913955688e-06,0.0,0.2722141742706299,7,1,606208,Deterministic-ShortestPath-4x4-FrozenLake-v0,qppo-Hgog-qlr1.0e-3,Hgog,30
0.00025,0.001,0.02939538285136223,-4.256516695022583e-05,1.2653114795684814,0.0020020119845867157,-0.0003552548587322235,1.4501158148050308e-05,0.0,-0.08028876781463623,7,1,606720,Deterministic-ShortestPath-4x4-FrozenLake-v0,qppo-Hgog-qlr1.0e-3,Hgog,30
0.00025,0.001,0.07122089713811874,-0.0005064569413661957,1.2562518119812012,0.022541474550962448,-0.0010288422927260399,6.298953667283058e-05,0.0,0.24268412590026855,7,1,607232,Deterministic-ShortestPath-4x4-FrozenLake-v0,qppo-Hgog-qlr1.0e-3,Hgog,30
0.00025,0.001,0.017659813165664673,0.0005630999803543091,1.285610318183899,-0.003463095985352993,0.0021269889548420906,7.55777582526207e-05,0.0,0.2063971757888794,7,1,607744,Deterministic-ShortestPath-4x4-FrozenLake-v0,qppo-Hgog-qlr1.0e-3,Hgog,30
0.00025,0.001,0.02225223369896412,-0.0008984245359897614,1.279545545578003,-0.0025677625089883804,0.00015608128160238266,4.298985004425049e-05,0.0,0.23779451847076416,7,1,608256,Deterministic-ShortestPath-4x4-FrozenLake-v0,qppo-Hgog-qlr1.0e-3,Hgog,30
0.00025,0.001,0.021033402532339096,-0.0004274751991033554,1.2728835344314575,-0.0026396093890070915,-0.0015795598737895489,2.4104025214910507e-05,0.0,0.2924877405166626,7,1,608768,Deterministic-ShortestPath-4x4-FrozenLake-v0,qppo-Hgog-qlr1.0e-3,Hgog,30
0.00025,0.001,0.021279633045196533,-0.00020807888358831406,1.268144130706787,-0.0022497037425637245,0.00013331975787878036,7.428694516420364e-06,0.0,0.2965777516365051,7,1,609280,Deterministic-ShortestPath-4x4-FrozenLake-v0,qppo-Hgog-qlr1.0e-3,Hgog,30
0.00025,0.001,0.030286919325590134,-0.0003613010048866272,1.257387399673462,0.0022082850337028503,0.0001864330843091011,3.7671998143196106e-06,0.0,0.26893365383148193,7,1,609792,Deterministic-ShortestPath-4x4-FrozenLake-v0,qppo-Hgog-qlr1.0e-3,Hgog,30
0.00025,0.001,0.007916833274066448,6.579793989658356e-07,1.2799999713897705,-0.008840924128890038,-0.00020822091028094292,1.9473955035209656e-06,0.0,-0.12937259674072266,7,1,610304,Deterministic-ShortestPath-4x4-FrozenLake-v0,qppo-Hgog-qlr1.0e-3,Hgog,30
0.00025,0.001,0.008965015411376953,-0.0008629113435745239,1.275880217552185,-0.00913920532912016,-6.171874701976776e-06,3.056507557630539e-05,0.0,0.14459198713302612,7,1,610816,Deterministic-ShortestPath-4x4-FrozenLake-v0,qppo-Hgog-qlr1.0e-3,Hgog,30
0.00025,0.001,0.0437302365899086,-0.0019685402512550354,1.2777010202407837,0.0071195680648088455,0.00036627147346735,6.0494523495435715e-05,0.0,0.30953752994537354,7,1,611328,Deterministic-ShortestPath-4x4-FrozenLake-v0,qppo-Hgog-qlr1.0e-3,Hgog,30
0.00025,0.001,0.023344755172729492,0.00010475888848304749,1.290265679359436,-0.0011255200952291489,-0.0003053611144423485,3.4067779779434204e-06,0.0,0.29473167657852173,7,1,611840,Deterministic-ShortestPath-4x4-FrozenLake-v0,qppo-Hgog-qlr1.0e-3,Hgog,30
0.00025,0.001,0.019053783267736435,-2.8274953365325928e-06,1.2702207565307617,-0.0031781429424881935,-1.5206634998321533e-05,1.0710209608078003e-08,0.0,0.3525826930999756,7,1,612352,Deterministic-ShortestPath-4x4-FrozenLake-v0,qppo-Hgog-qlr1.0e-3,Hgog,30
0.00025,0.001,0.023876778781414032,0.00011506304144859314,1.2745106220245361,-0.0006916532292962074,-0.00013921502977609634,5.577225238084793e-06,0.0,0.24057185649871826,7,1,612864,Deterministic-ShortestPath-4x4-FrozenLake-v0,qppo-Hgog-qlr1.0e-3,Hgog,30
0.00025,0.001,0.018564540892839432,0.0002679899334907532,1.2836792469024658,-0.003286532126367092,-0.00012058299034833908,2.237502485513687e-06,0.0,0.2934110164642334,7,1,613376,Deterministic-ShortestPath-4x4-FrozenLake-v0,qppo-Hgog-qlr1.0e-3,Hgog,30
0.00025,0.001,0.019166743382811546,-0.00019119307398796082,1.2535502910614014,-0.0031433235853910446,0.00017950404435396194,2.8370879590511322e-05,0.0,-0.036386966705322266,7,1,613888,Deterministic-ShortestPath-4x4-FrozenLake-v0,qppo-Hgog-qlr1.0e-3,Hgog,30
0.00025,0.001,0.006753369700163603,0.00045455247163772583,1.2832798957824707,-0.009001561440527439,-0.0006515039131045341,6.064306944608688e-06,0.0,0.3249519467353821,7,1,614400,Deterministic-ShortestPath-4x4-FrozenLake-v0,qppo-Hgog-qlr1.0e-3,Hgog,30
0.00025,0.001,0.027335617691278458,-0.001387001946568489,1.274683952331543,-0.0004660319536924362,0.00018259091302752495,1.2838747352361679e-05,0.0,0.2779863476753235,7,1,614912,Deterministic-ShortestPath-4x4-FrozenLake-v0,qppo-Hgog-qlr1.0e-3,Hgog,30
0.00025,0.001,0.009934928268194199,-0.0002730961423367262,1.2901668548583984,-0.008207300677895546,-0.00010984856635332108,8.227303624153137e-06,0.0,0.1842326521873474,7,1,615424,Deterministic-ShortestPath-4x4-FrozenLake-v0,qppo-Hgog-qlr1.0e-3,Hgog,30
0.00025,0.001,0.029428277164697647,0.00016993656754493713,1.2841371297836304,0.00204270426183939,-0.0006887158378958702,1.8768012523651123e-05,0.0,0.327073872089386,7,1,615936,Deterministic-ShortestPath-4x4-FrozenLake-v0,qppo-Hgog-qlr1.0e-3,Hgog,30
0.00025,0.001,0.045372374355793,-0.0017714621499180794,1.2672970294952393,0.008241754956543446,0.00012626033276319504,6.657186895608902e-05,0.0,0.338600754737854,7,1,616448,Deterministic-ShortestPath-4x4-FrozenLake-v0,qppo-Hgog-qlr1.0e-3,Hgog,30
0.00025,0.001,0.026449762284755707,-0.001042872667312622,1.2529067993164062,-0.0003470592200756073,0.000303526408970356,0.00014037638902664185,0.0,0.13594865798950195,7,1,616960,Deterministic-ShortestPath-4x4-FrozenLake-v0,qppo-Hgog-qlr1.0e-3,Hgog,30
0.00025,0.001,0.01856270805001259,-0.0001301802694797516,1.279741883277893,-0.003646245226264,-0.00022476352751255035,1.8059276044368744e-05,0.0,0.307647168636322,7,1,617472,Deterministic-ShortestPath-4x4-FrozenLake-v0,qppo-Hgog-qlr1.0e-3,Hgog,30
0.00025,0.001,0.023182202130556107,-0.0005451817996799946,1.2685121297836304,-0.0016392022371292114,-0.00011523440480232239,1.2956559658050537e-05,0.0,0.33165884017944336,7,1,617984,Deterministic-ShortestPath-4x4-FrozenLake-v0,qppo-Hgog-qlr1.0e-3,Hgog,30
0.00025,0.001,0.03612895309925079,0.00012667477130889893,1.276437759399414,0.005426773801445961,0.0007811905816197395,9.825453162193298e-06,0.0,0.3392874002456665,7,1,618496,Deterministic-ShortestPath-4x4-FrozenLake-v0,qppo-Hgog-qlr1.0e-3,Hgog,30
0.00025,0.001,0.022105123847723007,-0.001848667860031128,1.272047519683838,-0.0035165809094905853,-0.0006628939881920815,7.326668128371239e-05,0.0,0.3185266852378845,7,1,619008,Deterministic-ShortestPath-4x4-FrozenLake-v0,qppo-Hgog-qlr1.0e-3,Hgog,30
0.00025,0.001,0.04147643968462944,-0.00012266263365745544,1.2565557956695557,0.008049999363720417,0.0007372363470494747,5.860812962055206e-05,0.0,0.3363378047943115,7,1,619520,Deterministic-ShortestPath-4x4-FrozenLake-v0,qppo-Hgog-qlr1.0e-3,Hgog,30
0.00025,0.001,0.004239542875438929,0.00033499300479888916,1.2741762399673462,-0.010286998003721237,-0.0002827569842338562,2.7076806873083115e-05,0.0,0.20779025554656982,7,1,620032,Deterministic-ShortestPath-4x4-FrozenLake-v0,qppo-Hgog-qlr1.0e-3,Hgog,30
0.00025,0.001,0.01915249601006508,0.0003963802009820938,1.2878990173339844,-0.0029063615947961807,-0.00044779060408473015,2.098921686410904e-05,0.0,0.05242204666137695,7,1,620544,Deterministic-ShortestPath-4x4-FrozenLake-v0,qppo-Hgog-qlr1.0e-3,Hgog,30
0.00025,0.001,0.028155934065580368,-0.0005501490086317062,1.2674822807312012,0.0008529955521225929,0.00027083512395620346,8.995644748210907e-06,0.0,0.32865166664123535,7,1,621056,Deterministic-ShortestPath-4x4-FrozenLake-v0,qppo-Hgog-qlr1.0e-3,Hgog,30
0.00025,0.001,0.025833193212747574,0.00014865398406982422,1.2841005325317383,0.00022424571216106415,-2.1818093955516815e-05,2.730637788772583e-06,0.0,0.35935795307159424,7,1,621568,Deterministic-ShortestPath-4x4-FrozenLake-v0,qppo-Hgog-qlr1.0e-3,Hgog,30
0.00025,0.001,0.029277583584189415,-0.0001920107752084732,1.3026292324066162,0.0014204885810613632,0.0005481583066284657,1.6736797988414764e-05,0.0,0.418489933013916,7,1,622080,Deterministic-ShortestPath-4x4-FrozenLake-v0,qppo-Hgog-qlr1.0e-3,Hgog,30
0.00025,0.001,0.004488276317715645,-0.0001751147210597992,1.3048049211502075,-0.01097902562469244,0.0005400627851486206,1.5066005289554596e-05,0.0,0.008333563804626465,7,1,622592,Deterministic-ShortestPath-4x4-FrozenLake-v0,qppo-Hgog-qlr1.0e-3,Hgog,30
0.00025,0.001,0.021005619317293167,6.911531090736389e-05,1.2958779335021973,-0.0023868540301918983,0.0002701221965253353,2.3422762751579285e-06,0.0,0.3152260184288025,7,1,623104,Deterministic-ShortestPath-4x4-FrozenLake-v0,qppo-Hgog-qlr1.0e-3,Hgog,30
0.00025,0.001,0.028025442734360695,-5.237385630607605e-05,1.2847986221313477,0.0011123614385724068,0.00043802661821246147,1.8926803022623062e-05,0.0,0.4281288981437683,7,1,623616,Deterministic-ShortestPath-4x4-FrozenLake-v0,qppo-Hgog-qlr1.0e-3,Hgog,30
0.00025,0.001,0.020631199702620506,-0.00020623579621315002,1.2719426155090332,-0.002610062249004841,-0.00018116319552063942,3.2512471079826355e-06,0.0,0.18355077505111694,7,1,624128,Deterministic-ShortestPath-4x4-FrozenLake-v0,qppo-Hgog-qlr1.0e-3,Hgog,30
0.00025,0.001,0.03492942079901695,3.059208393096924e-05,1.2655267715454102,0.004840034991502762,-0.00016878824681043625,6.297603249549866e-06,0.0,0.1470847725868225,7,1,624640,Deterministic-ShortestPath-4x4-FrozenLake-v0,qppo-Hgog-qlr1.0e-3,Hgog,30
0.00025,0.001,0.05140919238328934,-2.221018075942993e-05,1.2825804948806763,0.012856581248342991,0.00022087153047323227,1.4408957213163376e-05,0.0,0.22303253412246704,7,1,625152,Deterministic-ShortestPath-4x4-FrozenLake-v0,qppo-Hgog-qlr1.0e-3,Hgog,30
0.00025,0.001,0.010838095098733902,0.00018272176384925842,1.2766937017440796,-0.007165167480707169,0.000673350878059864,1.1171214282512665e-05,0.0,0.26298803091049194,7,1,625664,Deterministic-ShortestPath-4x4-FrozenLake-v0,qppo-Hgog-qlr1.0e-3,Hgog,30
0.00025,0.001,0.023560622707009315,-5.237758159637451e-06,1.2724888324737549,-0.0009498139843344688,-2.611381933093071e-05,1.19674950838089e-07,0.0,0.3814517855644226,7,1,626176,Deterministic-ShortestPath-4x4-FrozenLake-v0,qppo-Hgog-qlr1.0e-3,Hgog,30
0.00025,0.001,0.015553595498204231,-0.0006209518760442734,1.2828601598739624,-0.005672755651175976,-0.00022996356710791588,6.394041702151299e-05,0.0,0.3195934295654297,7,1,626688,Deterministic-ShortestPath-4x4-FrozenLake-v0,qppo-Hgog-qlr1.0e-3,Hgog,30
0.00025,0.001,0.01488659717142582,-0.0022145844995975494,1.2628300189971924,-0.007399586029350758,-0.00026670098304748535,7.425621151924133e-05,0.0,0.21953368186950684,7,1,627200,Deterministic-ShortestPath-4x4-FrozenLake-v0,qppo-Hgog-qlr1.0e-3,Hgog,30
0.00025,0.001,0.006552845239639282,-9.786523878574371e-05,1.274350881576538,-0.009564951062202454,0.00015225866809487343,1.9650906324386597e-06,0.0,-0.06191611289978027,7,1,627712,Deterministic-ShortestPath-4x4-FrozenLake-v0,qppo-Hgog-qlr1.0e-3,Hgog,30
0.00025,0.001,0.023843541741371155,-0.00018909946084022522,1.2652802467346191,-0.0009201308712363243,0.0004628058522939682,3.0337832868099213e-06,0.0,0.41057491302490234,7,1,628224,Deterministic-ShortestPath-4x4-FrozenLake-v0,qppo-Hgog-qlr1.0e-3,Hgog,30
0.00025,0.001,0.02608015388250351,0.001114952377974987,1.2661421298980713,0.0014936085790395737,-0.0010370328091084957,4.424341022968292e-05,0.0,0.255712628364563,7,1,628736,Deterministic-ShortestPath-4x4-FrozenLake-v0,qppo-Hgog-qlr1.0e-3,Hgog,30
0.00025,0.001,0.022322528064250946,-0.0011241128668189049,1.2700300216674805,-0.0026631485670804977,0.0006434908136725426,9.052641689777374e-05,0.0,0.245080828666687,7,1,629248,Deterministic-ShortestPath-4x4-FrozenLake-v0,qppo-Hgog-qlr1.0e-3,Hgog,30
0.00025,0.001,0.005084600765258074,-0.0002604946494102478,1.2648184299468994,-0.010366378352046013,0.0008954266086220741,6.248708814382553e-06,0.0,0.16852688789367676,7,1,629760,Deterministic-ShortestPath-4x4-FrozenLake-v0,qppo-Hgog-qlr1.0e-3,Hgog,30
0.00025,0.001,0.012181168422102928,-0.000675451010465622,1.2465535402297974,-0.007050401531159878,-2.9396265745162964e-05,2.021482214331627e-05,0.0,0.3368847370147705,7,1,630272,Deterministic-ShortestPath-4x4-FrozenLake-v0,qppo-Hgog-qlr1.0e-3,Hgog,30
0.00025,0.001,0.031063159927725792,0.0001751445233821869,1.2616212368011475,0.0030905120074748993,-1.2689270079135895e-05,2.1615996956825256e-06,0.0,0.312775194644928,7,1,630784,Deterministic-ShortestPath-4x4-FrozenLake-v0,qppo-Hgog-qlr1.0e-3,Hgog,30
0.00025,0.001,0.01539479847997427,-0.000303477980196476,1.2809805870056152,-0.0054158843122422695,-0.0007422603666782379,4.238449037075043e-06,0.0,0.2099519968032837,7,1,631296,Deterministic-ShortestPath-4x4-FrozenLake-v0,qppo-Hgog-qlr1.0e-3,Hgog,30
0.00025,0.001,0.028195416554808617,-9.597092866897583e-05,1.2722158432006836,0.0012795794755220413,0.00018109101802110672,4.01865690946579e-06,0.0,0.40535998344421387,7,1,631808,Deterministic-ShortestPath-4x4-FrozenLake-v0,qppo-Hgog-qlr1.0e-3,Hgog,30
0.00025,0.001,0.021589381620287895,-0.0014414116740226746,1.2800803184509277,-0.0034475233405828476,0.00034836772829294205,5.096150562167168e-05,0.0,0.49962371587753296,7,1,632320,Deterministic-ShortestPath-4x4-FrozenLake-v0,qppo-Hgog-qlr1.0e-3,Hgog,30
0.00025,0.001,0.019544050097465515,0.00012858491390943527,1.2655905485153198,-0.0027552954852581024,-0.00024092849344015121,3.2870564609766006e-05,0.0,0.2598317265510559,7,1,632832,Deterministic-ShortestPath-4x4-FrozenLake-v0,qppo-Hgog-qlr1.0e-3,Hgog,30
0.00025,0.001,0.017475862056016922,-0.00012822612188756466,1.281233310699463,-0.004202628508210182,-0.00016802223399281502,2.452172338962555e-06,0.0,0.3998270630836487,7,1,633344,Deterministic-ShortestPath-4x4-FrozenLake-v0,qppo-Hgog-qlr1.0e-3,Hgog,30
0.00025,0.001,0.04091409221291542,-9.439326822757721e-05,1.2685844898223877,0.007676808163523674,0.00010424992069602013,1.0509975254535675e-06,0.0,0.3564581871032715,7,1,633856,Deterministic-ShortestPath-4x4-FrozenLake-v0,qppo-Hgog-qlr1.0e-3,Hgog,30
0.00025,0.001,0.030367661267518997,-0.0010218489915132523,1.2654155492782593,0.0015078261494636536,-5.878601223230362e-05,2.7546659111976624e-05,0.0,0.4507187604904175,7,1,634368,Deterministic-ShortestPath-4x4-FrozenLake-v0,qppo-Hgog-qlr1.0e-3,Hgog,30
0.00025,0.001,0.03275357186794281,0.00028040632605552673,1.274834156036377,0.003908851183950901,-0.00021063024178147316,6.563495844602585e-06,0.0,0.05268150568008423,7,1,634880,Deterministic-ShortestPath-4x4-FrozenLake-v0,qppo-Hgog-qlr1.0e-3,Hgog,30
0.00025,0.001,0.01823591999709606,-0.0001016072928905487,1.2696832418441772,-0.0036804797127842903,1.6861595213413239e-06,1.4668330550193787e-06,0.0,0.3205004930496216,7,1,635392,Deterministic-ShortestPath-4x4-FrozenLake-v0,qppo-Hgog-qlr1.0e-3,Hgog,30
0.00025,0.001,0.017808947712183,-0.00048171356320381165,1.2927346229553223,-0.004504585638642311,8.615339174866676e-05,1.531420275568962e-05,0.0,0.3411571979522705,7,1,635904,Deterministic-ShortestPath-4x4-FrozenLake-v0,qppo-Hgog-qlr1.0e-3,Hgog,30
0.00025,0.001,0.03599489852786064,0.00039474479854106903,1.2616991996765137,0.005775202065706253,0.0002788403071463108,6.097834557294846e-06,0.0,0.36406469345092773,7,1,636416,Deterministic-ShortestPath-4x4-FrozenLake-v0,qppo-Hgog-qlr1.0e-3,Hgog,30
0.00025,0.001,0.012081047520041466,-0.00019769370555877686,1.277020812034607,-0.0069273775443434715,-8.953409269452095e-05,9.201467037200928e-07,0.0,0.21184509992599487,7,1,636928,Deterministic-ShortestPath-4x4-FrozenLake-v0,qppo-Hgog-qlr1.0e-3,Hgog,30
0.00025,0.001,0.016111019998788834,-0.0007169414311647415,1.272344946861267,-0.0053848810493946075,-0.00011174753308296204,8.270610123872757e-06,0.0,0.5163901150226593,7,1,637440,Deterministic-ShortestPath-4x4-FrozenLake-v0,qppo-Hgog-qlr1.0e-3,Hgog,30
0.00025,0.001,0.0068357642740011215,-7.84359872341156e-05,1.2929571866989136,-0.009590125642716885,0.0002439180389046669,2.2009480744600296e-05,0.0,0.23741930723190308,7,1,637952,Deterministic-ShortestPath-4x4-FrozenLake-v0,qppo-Hgog-qlr1.0e-3,Hgog,30
0.00025,0.001,0.004552442114800215,-0.0001512635499238968,1.268305778503418,-0.01055809948593378,-0.000328943133354187,2.6426278054714203e-05,0.0,0.3621702790260315,7,1,638464,Deterministic-ShortestPath-4x4-FrozenLake-v0,qppo-Hgog-qlr1.0e-3,Hgog,30
0.00025,0.001,0.02639865130186081,-0.0001582801342010498,1.2808340787887573,0.00023270491510629654,-0.0002539465203881264,4.041939973831177e-06,0.0,0.39101558923721313,7,1,638976,Deterministic-ShortestPath-4x4-FrozenLake-v0,qppo-Hgog-qlr1.0e-3,Hgog,30
0.00025,0.001,0.009586735628545284,-0.000684104859828949,1.2901010513305664,-0.008791746571660042,0.0004286309704184532,2.821069210767746e-05,0.0,0.13940030336380005,7,1,639488,Deterministic-ShortestPath-4x4-FrozenLake-v0,qppo-Hgog-qlr1.0e-3,Hgog,30
0.00025,0.001,0.02678162232041359,-0.00018662959337234497,1.2756280899047852,0.0004479009658098221,8.837506175041199e-05,5.769077688455582e-06,0.0,0.30671948194503784,7,1,640000,Deterministic-ShortestPath-4x4-FrozenLake-v0,qppo-Hgog-qlr1.0e-3,Hgog,30
0.00025,0.001,0.011705423705279827,-0.0001389002427458763,1.2893720865249634,-0.00717990892007947,0.0004806388169527054,2.2951513528823853e-05,0.0,0.3840098977088928,7,1,640512,Deterministic-ShortestPath-4x4-FrozenLake-v0,qppo-Hgog-qlr1.0e-3,Hgog,30
0.00025,0.001,0.007260555401444435,-0.0022271834313869476,1.2821226119995117,-0.011418131180107594,-1.3712793588638306e-05,6.731878966093063e-05,0.0,0.08845376968383789,7,1,641024,Deterministic-ShortestPath-4x4-FrozenLake-v0,qppo-Hgog-qlr1.0e-3,Hgog,30
0.00025,0.001,0.0013695370871573687,-0.00035131722688674927,1.2748098373413086,-0.012414646334946156,0.0013579363003373146,2.5128480046987534e-05,0.0,0.35156506299972534,7,1,641536,Deterministic-ShortestPath-4x4-FrozenLake-v0,qppo-Hgog-qlr1.0e-3,Hgog,30
0.00025,0.001,0.003710153978317976,0.00010632723569869995,1.2996927499771118,-0.011035522446036339,-9.034993126988411e-05,3.8277357816696167e-07,0.0,-6.992730617523193,7,1,642048,Deterministic-ShortestPath-4x4-FrozenLake-v0,qppo-Hgog-qlr1.0e-3,Hgog,30
0.00025,0.001,0.032168589532375336,-0.0002365894615650177,1.270435094833374,0.003143354319036007,-0.00023731403052806854,1.775100827217102e-06,0.0,-0.002387404441833496,7,1,642560,Deterministic-ShortestPath-4x4-FrozenLake-v0,qppo-Hgog-qlr1.0e-3,Hgog,30
0.00025,0.001,0.025703007355332375,-0.00019663572311401367,1.2761938571929932,-0.0001070704311132431,0.00018548592925071716,6.100628525018692e-06,0.0,0.33331525325775146,7,1,643072,Deterministic-ShortestPath-4x4-FrozenLake-v0,qppo-Hgog-qlr1.0e-3,Hgog,30
0.00025,0.001,0.010961874388158321,-0.0007020027842372656,1.2779489755630493,-0.008000554516911507,0.0006291130557656288,6.643123924732208e-06,0.0,0.03379744291305542,7,1,643584,Deterministic-ShortestPath-4x4-FrozenLake-v0,qppo-Hgog-qlr1.0e-3,Hgog,30
0.00025,0.001,0.019725479185581207,-0.0003134198486804962,1.2699546813964844,-0.0031502265483140945,-0.000365549698472023,3.305729478597641e-06,0.0,0.24403876066207886,7,1,644096,Deterministic-ShortestPath-4x4-FrozenLake-v0,qppo-Hgog-qlr1.0e-3,Hgog,30
0.00025,0.001,0.0331830158829689,-0.00040911510586738586,1.2711665630340576,0.0034707272425293922,3.054272383451462e-05,6.170943379402161e-06,0.0,0.31757479906082153,7,1,644608,Deterministic-ShortestPath-4x4-FrozenLake-v0,qppo-Hgog-qlr1.0e-3,Hgog,30
0.00025,0.001,0.004085056949406862,-0.0015572793781757355,1.285949945449829,-0.01237425021827221,0.00036265794187784195,8.912291377782822e-06,0.0,-1.5532293319702148,7,1,645120,Deterministic-ShortestPath-4x4-FrozenLake-v0,qppo-Hgog-qlr1.0e-3,Hgog,30
0.00025,0.001,0.021793458610773087,-0.0007310584187507629,1.2938108444213867,-0.002772437408566475,0.0004905997775495052,2.619624137878418e-05,0.0,0.3705975413322449,7,1,645632,Deterministic-ShortestPath-4x4-FrozenLake-v0,qppo-Hgog-qlr1.0e-3,Hgog,30
0.00025,0.001,0.023808060213923454,-0.0004469156265258789,1.2745492458343506,-0.0012883776798844337,0.00029867514967918396,2.443511039018631e-05,0.0,0.343766987323761,7,1,646144,Deterministic-ShortestPath-4x4-FrozenLake-v0,qppo-Hgog-qlr1.0e-3,Hgog,30
0.00025,0.001,0.026808682829141617,-0.00022864993661642075,1.2661246061325073,0.0005144458264112473,0.0012258747592568398,1.1356081813573837e-05,0.0,0.17754417657852173,7,1,646656,Deterministic-ShortestPath-4x4-FrozenLake-v0,qppo-Hgog-qlr1.0e-3,Hgog,30
0.00025,0.001,0.0331575833261013,-4.617869853973389e-05,1.2795683145523071,0.0037369299679994583,0.0002026846632361412,1.3890676200389862e-06,0.0,0.16616344451904297,7,1,647168,Deterministic-ShortestPath-4x4-FrozenLake-v0,qppo-Hgog-qlr1.0e-3,Hgog,30
0.00025,0.001,0.02986876294016838,-0.0002837544307112694,1.2462639808654785,0.0021879877895116806,-0.00011333310976624489,2.2747553884983063e-06,0.0,0.43932610750198364,7,1,647680,Deterministic-ShortestPath-4x4-FrozenLake-v0,qppo-Hgog-qlr1.0e-3,Hgog,30
0.00025,0.001,0.013381896540522575,0.00014137104153633118,1.2789548635482788,-0.005957229062914848,-3.593042492866516e-05,1.3886019587516785e-06,0.0,0.5020980834960938,7,1,648192,Deterministic-ShortestPath-4x4-FrozenLake-v0,qppo-Hgog-qlr1.0e-3,Hgog,30
0.00025,0.001,0.01800793595612049,-0.00014586979523301125,1.2819039821624756,-0.003960941918194294,0.00010809488594532013,1.3797543942928314e-06,0.0,-0.13051795959472656,7,1,648704,Deterministic-ShortestPath-4x4-FrozenLake-v0,qppo-Hgog-qlr1.0e-3,Hgog,30
0.00025,0.001,0.04435554891824722,-0.0008297078311443329,1.2827675342559814,0.008520391769707203,-0.0003580632619559765,1.874379813671112e-05,0.0,0.11897844076156616,7,1,649216,Deterministic-ShortestPath-4x4-FrozenLake-v0,qppo-Hgog-qlr1.0e-3,Hgog,30
0.00025,0.001,0.028781581670045853,-0.0002939188852906227,1.2607754468917847,0.0014891177415847778,0.00028116628527641296,4.119193181395531e-05,0.0,0.17989373207092285,7,1,649728,Deterministic-ShortestPath-4x4-FrozenLake-v0,qppo-Hgog-qlr1.0e-3,Hgog,30
0.00025,0.001,0.01715836487710476,-0.00019407086074352264,1.2676583528518677,-0.004291472025215626,0.0008656643331050873,2.2851862013339996e-05,0.0,0.2585527300834656,7,1,650240,Deterministic-ShortestPath-4x4-FrozenLake-v0,qppo-Hgog-qlr1.0e-3,Hgog,30
0.00025,0.001,0.021834973245859146,-0.0003064349293708801,1.289072036743164,-0.002279668115079403,4.8436690121889114e-05,4.00422140955925e-06,0.0,0.2961050271987915,7,1,650752,Deterministic-ShortestPath-4x4-FrozenLake-v0,qppo-Hgog-qlr1.0e-3,Hgog,30
0.00025,0.001,0.022432824596762657,0.00044384226202964783,1.272153377532959,-0.0010612793266773224,0.0004899092018604279,3.197416663169861e-05,0.0,0.2389625906944275,7,1,651264,Deterministic-ShortestPath-4x4-FrozenLake-v0,qppo-Hgog-qlr1.0e-3,Hgog,30
0.00025,0.001,0.008870748803019524,0.0006829928606748581,1.2811861038208008,-0.007693493738770485,0.0003685769625008106,1.9665341824293137e-05,0.0,0.29038316011428833,7,1,651776,Deterministic-ShortestPath-4x4-FrozenLake-v0,qppo-Hgog-qlr1.0e-3,Hgog,30
0.00025,0.001,0.02483644150197506,0.0001560784876346588,1.259653091430664,-2.2231601178646088e-05,-0.00022335117682814598,6.941147148609161e-06,0.0,0.30715155601501465,7,1,652288,Deterministic-ShortestPath-4x4-FrozenLake-v0,qppo-Hgog-qlr1.0e-3,Hgog,30
0.00025,0.001,0.019142691045999527,-0.0002962760627269745,1.283771276473999,-0.0035626431927084923,-0.0004998352378606796,8.947495371103287e-05,0.0,0.4884036183357239,7,1,652800,Deterministic-ShortestPath-4x4-FrozenLake-v0,qppo-Hgog-qlr1.0e-3,Hgog,30
0.00025,0.001,0.028404194861650467,-0.0008726567029953003,1.2658038139343262,0.0006714025512337685,0.00042396970093250275,0.0002486947923898697,0.0,0.41086113452911377,7,1,653312,Deterministic-ShortestPath-4x4-FrozenLake-v0,qppo-Hgog-qlr1.0e-3,Hgog,30
0.00025,0.001,0.01464228518307209,-0.0003784084692597389,1.2950446605682373,-0.006007712334394455,-0.00080504035577178,2.4407170712947845e-05,0.0,0.21194744110107422,7,1,653824,Deterministic-ShortestPath-4x4-FrozenLake-v0,qppo-Hgog-qlr1.0e-3,Hgog,30
0.00025,0.001,0.018224015831947327,0.0005620568990707397,1.283753514289856,-0.0031634699553251266,0.0003140261396765709,5.059409886598587e-05,0.0,0.3543708920478821,7,1,654336,Deterministic-ShortestPath-4x4-FrozenLake-v0,qppo-Hgog-qlr1.0e-3,Hgog,30
0.00025,0.001,0.018339669331908226,-0.004152288660407066,1.281965970993042,-0.007802112959325314,0.0005625281482934952,0.00029164133593440056,0.0,0.2520458698272705,7,1,654848,Deterministic-ShortestPath-4x4-FrozenLake-v0,qppo-Hgog-qlr1.0e-3,Hgog,30
0.00025,0.001,0.028029609471559525,-0.0012416094541549683,1.2848471403121948,-7.527600973844528e-05,0.0015073241665959358,0.00011076172813773155,0.0,0.4203745722770691,7,1,655360,Deterministic-ShortestPath-4x4-FrozenLake-v0,qppo-Hgog-qlr1.0e-3,Hgog,30
0.00025,0.001,0.008283219300210476,-0.00020580925047397614,1.304610013961792,-0.009110299870371819,0.0008767214603722095,2.6386231184005737e-05,0.0,0.020612359046936035,7,1,655872,Deterministic-ShortestPath-4x4-FrozenLake-v0,qppo-Hgog-qlr1.0e-3,Hgog,30
0.00025,0.001,0.014495895244181156,-0.0008292235434055328,1.2907171249389648,-0.006488446611911058,0.0006316676735877991,1.398380845785141e-05,0.0,0.18554902076721191,7,1,656384,Deterministic-ShortestPath-4x4-FrozenLake-v0,qppo-Hgog-qlr1.0e-3,Hgog,30
0.00025,0.001,0.02471119351685047,-0.00125136598944664,1.2742831707000732,-0.0016386006027460098,-0.004021898843348026,0.00020997412502765656,0.0,0.26289141178131104,7,1,656896,Deterministic-ShortestPath-4x4-FrozenLake-v0,qppo-Hgog-qlr1.0e-3,Hgog,30
0.00025,0.001,0.022530969232320786,-0.0001832973212003708,1.2935917377471924,-0.001853729598224163,0.00012719491496682167,6.161630153656006e-06,0.0,0.26272404193878174,7,1,657408,Deterministic-ShortestPath-4x4-FrozenLake-v0,qppo-Hgog-qlr1.0e-3,Hgog,30
0.00025,0.001,0.025121433660387993,0.0009593293070793152,1.2720544338226318,0.0007995022460818291,9.588710963726044e-05,9.373575448989868e-05,0.0,0.3230695128440857,7,1,657920,Deterministic-ShortestPath-4x4-FrozenLake-v0,qppo-Hgog-qlr1.0e-3,Hgog,30
0.00025,0.001,0.0079498291015625,1.3666227459907532e-05,1.2995290756225586,-0.009006709791719913,0.00026855990290641785,1.799408346414566e-05,0.0,0.125194251537323,7,1,658432,Deterministic-ShortestPath-4x4-FrozenLake-v0,qppo-Hgog-qlr1.0e-3,Hgog,30
0.00025,0.001,0.03263327479362488,0.00018488243222236633,1.2909040451049805,0.0035924799740314484,0.0006273342296481133,8.330214768648148e-06,0.0,0.25970548391342163,7,1,658944,Deterministic-ShortestPath-4x4-FrozenLake-v0,qppo-Hgog-qlr1.0e-3,Hgog,30
0.00025,0.001,0.017803138121962547,-0.0008057840168476105,1.2857041358947754,-0.004761256277561188,-5.373777821660042e-05,7.762294262647629e-05,0.0,0.3160710334777832,7,1,659456,Deterministic-ShortestPath-4x4-FrozenLake-v0,qppo-Hgog-qlr1.0e-3,Hgog,30
0.00025,0.001,0.017359841614961624,0.002340972423553467,1.2873954772949219,-0.0018530609086155891,0.0002228883095085621,0.0001912703737616539,0.0,0.3237066864967346,7,1,659968,Deterministic-ShortestPath-4x4-FrozenLake-v0,qppo-Hgog-qlr1.0e-3,Hgog,30
0.00025,0.001,0.0496448315680027,-0.0010129772126674652,1.275327444076538,0.011056164279580116,9.335577487945557e-06,7.143942639231682e-05,0.0,0.34966373443603516,7,1,660480,Deterministic-ShortestPath-4x4-FrozenLake-v0,qppo-Hgog-qlr1.0e-3,Hgog,30
0.00025,0.001,0.01881418563425541,-8.600205183029175e-05,1.2872025966644287,-0.0035509346053004265,-0.0003211870789527893,3.199651837348938e-05,0.0,0.07323992252349854,7,1,660992,Deterministic-ShortestPath-4x4-FrozenLake-v0,qppo-Hgog-qlr1.0e-3,Hgog,30
0.00025,0.001,0.017491387203335762,0.00021303072571754456,1.2824435234069824,-0.003865710459649563,-0.0003062891773879528,1.065107062458992e-05,0.0,0.3808845281600952,7,1,661504,Deterministic-ShortestPath-4x4-FrozenLake-v0,qppo-Hgog-qlr1.0e-3,Hgog,30
0.00025,0.001,0.020132096484303474,-8.28038901090622e-05,1.2729624509811401,-0.0027463799342513084,0.0004028589464724064,8.508097380399704e-06,0.0,0.26949286460876465,7,1,662016,Deterministic-ShortestPath-4x4-FrozenLake-v0,qppo-Hgog-qlr1.0e-3,Hgog,30
0.00025,0.001,0.010464977473020554,-0.0007008221000432968,1.3068115711212158,-0.008536448702216148,0.00038859574124217033,4.654750227928162e-06,0.0,0.4127501845359802,7,1,662528,Deterministic-ShortestPath-4x4-FrozenLake-v0,qppo-Hgog-qlr1.0e-3,Hgog,30
0.00025,0.001,0.04188030958175659,-0.0010217130184173584,1.278836727142334,0.007130075246095657,0.0013901381753385067,3.3789314329624176e-05,0.0,0.2587239146232605,7,1,663040,Deterministic-ShortestPath-4x4-FrozenLake-v0,qppo-Hgog-qlr1.0e-3,Hgog,30
0.00025,0.001,0.01815442182123661,0.0003334418870508671,1.2851169109344482,-0.003440515138208866,0.0002506254240870476,1.850724220275879e-05,0.0,0.25386911630630493,7,1,663552,Deterministic-ShortestPath-4x4-FrozenLake-v0,qppo-Hgog-qlr1.0e-3,Hgog,30
0.00025,0.001,0.027722042053937912,-0.0009940043091773987,1.2908259630203247,-4.124268889427185e-05,0.0001426292583346367,1.3892538845539093e-05,0.0,0.5005949437618256,7,1,664064,Deterministic-ShortestPath-4x4-FrozenLake-v0,qppo-Hgog-qlr1.0e-3,Hgog,30
0.00025,0.001,0.006698247045278549,-0.001086423173546791,1.2801085710525513,-0.01053838524967432,3.460794687271118e-05,2.2023916244506836e-05,0.0,-9.260269165039062,7,1,664576,Deterministic-ShortestPath-4x4-FrozenLake-v0,qppo-Hgog-qlr1.0e-3,Hgog,30
0.00025,0.001,0.018287334591150284,-0.0009841285645961761,1.2737135887145996,-0.0045775966718792915,-0.0004017818719148636,1.4310702681541443e-05,0.0,0.3626708984375,7,1,665088,Deterministic-ShortestPath-4x4-FrozenLake-v0,qppo-Hgog-qlr1.0e-3,Hgog,30
0.00025,0.001,0.01977900043129921,-0.00017385929822921753,1.2856848239898682,-0.0031412066891789436,-3.3460091799497604e-05,6.356276571750641e-07,0.0,0.37846165895462036,7,1,665600,Deterministic-ShortestPath-4x4-FrozenLake-v0,qppo-Hgog-qlr1.0e-3,Hgog,30
0.00025,0.001,0.020439861342310905,-0.0006137518212199211,1.2711070775985718,-0.0031048916280269623,0.0005130982026457787,9.02172178030014e-06,0.0,0.35675048828125,7,1,666112,Deterministic-ShortestPath-4x4-FrozenLake-v0,qppo-Hgog-qlr1.0e-3,Hgog,30
0.00025,0.001,0.018380967900156975,-0.0002076486125588417,1.2949318885803223,-0.003966483287513256,6.52950257062912e-06,1.0933727025985718e-05,0.0,0.2579418420791626,7,1,666624,Deterministic-ShortestPath-4x4-FrozenLake-v0,qppo-Hgog-qlr1.0e-3,Hgog,30
0.00025,0.001,0.037983186542987823,-0.00019866600632667542,1.2586054801940918,0.006206872873008251,-0.00035612843930721283,3.244727849960327e-05,0.0,0.3283553123474121,7,1,667136,Deterministic-ShortestPath-4x4-FrozenLake-v0,qppo-Hgog-qlr1.0e-3,Hgog,30
0.00025,0.001,0.014056255109608173,-0.0010786298662424088,1.2830219268798828,-0.006880721542984247,-0.0007070070132613182,2.207048237323761e-05,0.0,-0.002521991729736328,7,1,667648,Deterministic-ShortestPath-4x4-FrozenLake-v0,qppo-Hgog-qlr1.0e-3,Hgog,30
0.00025,0.001,0.029269520193338394,-0.0001147240400314331,1.2763051986694336,0.0017569847404956818,-0.00014209793880581856,7.320195436477661e-06,0.0,0.5053798854351044,7,1,668160,Deterministic-ShortestPath-4x4-FrozenLake-v0,qppo-Hgog-qlr1.0e-3,Hgog,30
0.00025,0.001,0.019264085218310356,0.00010409392416477203,1.28664231300354,-0.0031302860006690025,0.0002382560633122921,1.091882586479187e-05,0.0,0.48328107595443726,7,1,668672,Deterministic-ShortestPath-4x4-FrozenLake-v0,qppo-Hgog-qlr1.0e-3,Hgog,30
0.00025,0.001,0.023815257474780083,-0.0006741881370544434,1.2694084644317627,-0.0014606434851884842,-0.0011920980177819729,4.980899393558502e-05,0.0,0.09161168336868286,7,1,669184,Deterministic-ShortestPath-4x4-FrozenLake-v0,qppo-Hgog-qlr1.0e-3,Hgog,30
0.00025,0.001,0.016910716891288757,-0.0003308150917291641,1.2908010482788086,-0.004783466458320618,-0.0005802665837109089,3.7190038710832596e-05,0.0,0.26108139753341675,7,1,669696,Deterministic-ShortestPath-4x4-FrozenLake-v0,qppo-Hgog-qlr1.0e-3,Hgog,30
0.00025,0.001,0.00769236171618104,-0.000726083293557167,1.2739911079406738,-0.009619813412427902,-0.0003680279478430748,4.575727507472038e-05,0.0,0.41244882345199585,7,1,670208,Deterministic-ShortestPath-4x4-FrozenLake-v0,qppo-Hgog-qlr1.0e-3,Hgog,30
0.00025,0.001,0.02533305250108242,-0.00025630369782447815,1.2851171493530273,-0.00044094864279031754,-0.00074758380651474,5.195848643779755e-06,0.0,0.3365206718444824,7,1,670720,Deterministic-ShortestPath-4x4-FrozenLake-v0,qppo-Hgog-qlr1.0e-3,Hgog,30
0.00025,0.001,0.030099838972091675,-0.00014999695122241974,1.2801069021224976,0.002098853699862957,0.00021680444478988647,1.530628651380539e-06,0.0,0.3649587631225586,7,1,671232,Deterministic-ShortestPath-4x4-FrozenLake-v0,qppo-Hgog-qlr1.0e-3,Hgog,30
0.00025,0.001,0.015623611398041248,-0.0002173949033021927,1.2727617025375366,-0.005133205559104681,-0.0008378666825592518,1.058913767337799e-05,0.0,0.03871351480484009,7,1,671744,Deterministic-ShortestPath-4x4-FrozenLake-v0,qppo-Hgog-qlr1.0e-3,Hgog,30
0.00025,0.001,0.01906709559261799,0.00035656802356243134,1.2662895917892456,-0.0027727801352739334,0.0004892097786068916,1.4510471373796463e-05,0.0,0.24739283323287964,7,1,672256,Deterministic-ShortestPath-4x4-FrozenLake-v0,qppo-Hgog-qlr1.0e-3,Hgog,30
0.00025,0.001,0.02593764290213585,-0.0002337731420993805,1.2907507419586182,-0.00017245858907699585,-0.00012495368719100952,5.488749593496323e-06,0.0,0.2845644950866699,7,1,672768,Deterministic-ShortestPath-4x4-FrozenLake-v0,qppo-Hgog-qlr1.0e-3,Hgog,30
0.00025,0.001,0.02344108372926712,-0.0006651487201452255,1.2831292152404785,-0.0017758989706635475,-0.00019053835421800613,1.948513090610504e-05,0.0,0.34406226873397827,7,1,673280,Deterministic-ShortestPath-4x4-FrozenLake-v0,qppo-Hgog-qlr1.0e-3,Hgog,30
0.00025,0.001,0.008220703341066837,7.356703281402588e-05,1.2839245796203613,-0.008655326440930367,0.000386734027415514,1.6767997294664383e-05,0.0,-0.051100969314575195,7,1,673792,Deterministic-ShortestPath-4x4-FrozenLake-v0,qppo-Hgog-qlr1.0e-3,Hgog,30
0.00025,0.001,0.020387699827551842,0.0004899110645055771,1.2766509056091309,-0.002082747407257557,0.0003307117149233818,1.6250181943178177e-05,0.0,0.2714458703994751,7,1,674304,Deterministic-ShortestPath-4x4-FrozenLake-v0,qppo-Hgog-qlr1.0e-3,Hgog,30
0.00025,0.001,0.022744812071323395,-0.00016093626618385315,1.2723091840744019,-0.0015116222202777863,0.0002455068752169609,1.4670193195343018e-05,0.0,0.12732672691345215,7,1,674816,Deterministic-ShortestPath-4x4-FrozenLake-v0,qppo-Hgog-qlr1.0e-3,Hgog,30
0.00025,0.001,0.014785971492528915,-0.0010032830759882927,1.2753502130508423,-0.00636379886418581,2.5335699319839478e-05,2.9515009373426437e-05,0.0,0.039868950843811035,7,1,675328,Deterministic-ShortestPath-4x4-FrozenLake-v0,qppo-Hgog-qlr1.0e-3,Hgog,30
0.00025,0.001,0.011689923703670502,0.00015244819223880768,1.2876826524734497,-0.006879416294395924,-0.00029522087424993515,0.00010498613119125366,0.0,0.3024071455001831,7,1,675840,Deterministic-ShortestPath-4x4-FrozenLake-v0,qppo-Hgog-qlr1.0e-3,Hgog,30
0.00025,0.001,0.008791148662567139,-0.0002957656979560852,1.2846676111221313,-0.008746867068111897,-0.0002562571316957474,1.5941448509693146e-05,0.0,0.13276487588882446,7,1,676352,Deterministic-ShortestPath-4x4-FrozenLake-v0,qppo-Hgog-qlr1.0e-3,Hgog,30
0.00025,0.001,0.011512547731399536,-0.0006811842322349548,1.2847485542297363,-0.007772395387291908,-0.0008086990565061569,4.9684662371873856e-05,0.0,0.15448838472366333,7,1,676864,Deterministic-ShortestPath-4x4-FrozenLake-v0,qppo-Hgog-qlr1.0e-3,Hgog,30
0.00025,0.001,0.03146534785628319,6.713252514600754e-05,1.2762246131896973,0.0030375607311725616,0.0005319793708622456,8.098781108856201e-06,0.0,0.28328871726989746,7,1,677376,Deterministic-ShortestPath-4x4-FrozenLake-v0,qppo-Hgog-qlr1.0e-3,Hgog,30
0.00025,0.001,0.018417220562696457,-0.0002949424088001251,1.293306589126587,-0.004019397310912609,4.846043884754181e-05,6.245449185371399e-06,0.0,0.04662138223648071,7,1,677888,Deterministic-ShortestPath-4x4-FrozenLake-v0,qppo-Hgog-qlr1.0e-3,Hgog,30
0.00025,0.001,0.0353524424135685,4.396773874759674e-05,1.2873271703720093,0.00484691746532917,6.290478631854057e-05,2.4850014597177505e-05,0.0,0.33119165897369385,7,1,678400,Deterministic-ShortestPath-4x4-FrozenLake-v0,qppo-Hgog-qlr1.0e-3,Hgog,30
0.00025,0.001,0.04510900378227234,-0.0012767743319272995,1.2714135646820068,0.008563592098653316,0.0003597019240260124,1.0682269930839539e-05,0.0,0.32358795404434204,7,1,678912,Deterministic-ShortestPath-4x4-FrozenLake-v0,qppo-Hgog-qlr1.0e-3,Hgog,30
0.00025,0.001,0.03501475974917412,-0.0008301660418510437,1.286036491394043,0.0038168495520949364,0.0006920150481164455,5.635712295770645e-05,0.0,0.10475587844848633,7,1,679424,Deterministic-ShortestPath-4x4-FrozenLake-v0,qppo-Hgog-qlr1.0e-3,Hgog,30
0.00025,0.001,0.008386446163058281,-0.00027357228100299835,1.298716425895691,-0.009067513048648834,-0.00029921112582087517,4.8016197979450226e-05,0.0,0.23162901401519775,7,1,679936,Deterministic-ShortestPath-4x4-FrozenLake-v0,qppo-Hgog-qlr1.0e-3,Hgog,30
0.00025,0.001,0.028560003265738487,0.0002541756257414818,1.2916076183319092,0.0016181012615561485,1.7284881323575974e-05,5.823094397783279e-06,0.0,0.3428577780723572,7,1,680448,Deterministic-ShortestPath-4x4-FrozenLake-v0,qppo-Hgog-qlr1.0e-3,Hgog,30
0.00025,0.001,0.010876108892261982,-0.0019323420710861683,1.2860801219940186,-0.009355088695883751,0.001963730901479721,6.733182817697525e-05,0.0,0.1437113881111145,7,1,680960,Deterministic-ShortestPath-4x4-FrozenLake-v0,qppo-Hgog-qlr1.0e-3,Hgog,30
0.00025,0.001,0.024817926809191704,-0.002078831195831299,1.2744536399841309,-0.002414403483271599,0.0013001947663724422,7.203221321105957e-05,0.0,0.2445986270904541,7,1,681472,Deterministic-ShortestPath-4x4-FrozenLake-v0,qppo-Hgog-qlr1.0e-3,Hgog,30
0.00025,0.001,0.01886206679046154,-0.0002779364585876465,1.284240961074829,-0.0036893123760819435,0.00040324265137314796,5.563022568821907e-05,0.0,0.3036080598831177,7,1,681984,Deterministic-ShortestPath-4x4-FrozenLake-v0,qppo-Hgog-qlr1.0e-3,Hgog,30
0.00025,0.001,0.01902383379638195,-0.0006892085075378418,1.2825640439987183,-0.0040029315277934074,-0.000493908766657114,4.161801189184189e-05,0.0,0.35245031118392944,7,1,682496,Deterministic-ShortestPath-4x4-FrozenLake-v0,qppo-Hgog-qlr1.0e-3,Hgog,30
0.00025,0.001,0.042407356202602386,0.0002452703192830086,1.278645396232605,0.008662494830787182,6.0762278735637665e-05,2.3772474378347397e-05,0.0,0.3602827191352844,7,1,683008,Deterministic-ShortestPath-4x4-FrozenLake-v0,qppo-Hgog-qlr1.0e-3,Hgog,30
0.00025,0.001,0.03131170570850372,0.0002775629982352257,1.2840172052383423,0.003093244507908821,0.00018060067668557167,5.284789949655533e-06,0.0,0.41395068168640137,7,1,683520,Deterministic-ShortestPath-4x4-FrozenLake-v0,qppo-Hgog-qlr1.0e-3,Hgog,30
0.00025,0.001,0.004020928870886564,1.660361886024475e-05,1.28439199924469,-0.010816851630806923,-0.0005045915022492409,8.95187258720398e-06,0.0,-0.15445327758789062,7,1,684032,Deterministic-ShortestPath-4x4-FrozenLake-v0,qppo-Hgog-qlr1.0e-3,Hgog,30
0.00025,0.001,0.02438131719827652,-0.001040114089846611,1.2843496799468994,-0.0016929516568779945,-0.0006206640973687172,3.4213997423648834e-05,0.0,0.12614506483078003,7,1,684544,Deterministic-ShortestPath-4x4-FrozenLake-v0,qppo-Hgog-qlr1.0e-3,Hgog,30
0.00025,0.001,0.029548130929470062,-0.0002865279093384743,1.285308599472046,0.0016344515606760979,6.245914846658707e-06,1.453980803489685e-05,0.0,0.1530085802078247,7,1,685056,Deterministic-ShortestPath-4x4-FrozenLake-v0,qppo-Hgog-qlr1.0e-3,Hgog,30
0.00025,0.001,0.030059466138482094,-0.00028055906295776367,1.2744108438491821,0.00200506579130888,0.0006449124775826931,6.778165698051453e-06,0.0,0.2735186219215393,7,1,685568,Deterministic-ShortestPath-4x4-FrozenLake-v0,qppo-Hgog-qlr1.0e-3,Hgog,30
0.00025,0.001,0.019959675148129463,-0.00015223771333694458,1.276023030281067,-0.002932630479335785,0.0002930713817477226,8.318107575178146e-06,0.0,0.35544639825820923,7,1,686080,Deterministic-ShortestPath-4x4-FrozenLake-v0,qppo-Hgog-qlr1.0e-3,Hgog,30
0.00025,0.001,0.011043338105082512,-0.0014758072793483734,1.266374945640564,-0.008617887273430824,0.00015583820641040802,2.8907321393489838e-05,0.0,0.008305072784423828,7,1,686592,Deterministic-ShortestPath-4x4-FrozenLake-v0,qppo-Hgog-qlr1.0e-3,Hgog,30
0.00025,0.001,0.010613299906253815,0.0005823932588100433,1.2758538722991943,-0.006869494915008545,0.0003153383731842041,3.8455240428447723e-05,0.0,0.21874016523361206,7,1,687104,Deterministic-ShortestPath-4x4-FrozenLake-v0,qppo-Hgog-qlr1.0e-3,Hgog,30
0.00025,0.001,0.020515181124210358,-0.0008730553090572357,1.2646721601486206,-0.003262186422944069,6.435904651880264e-06,5.581788718700409e-05,0.0,0.300998330116272,7,1,687616,Deterministic-ShortestPath-4x4-FrozenLake-v0,qppo-Hgog-qlr1.0e-3,Hgog,30
0.00025,0.001,0.041784681379795074,-0.0019155442714691162,1.2816174030303955,0.006160622462630272,0.0019505824893712997,0.00016102800145745277,0.0,0.2773926854133606,7,1,688128,Deterministic-ShortestPath-4x4-FrozenLake-v0,qppo-Hgog-qlr1.0e-3,Hgog,30
0.00025,0.001,0.002591312862932682,-0.0021731480956077576,1.2839910984039307,-0.013717401772737503,-1.4528632164001465e-05,6.719725206494331e-05,0.0,-14.859879493713379,7,1,688640,Deterministic-ShortestPath-4x4-FrozenLake-v0,qppo-Hgog-qlr1.0e-3,Hgog,30
0.00025,0.001,0.013760766014456749,3.754161298274994e-06,1.2801858186721802,-0.0059177204966545105,0.00023986678570508957,2.949591726064682e-05,0.0,0.25392788648605347,7,1,689152,Deterministic-ShortestPath-4x4-FrozenLake-v0,qppo-Hgog-qlr1.0e-3,Hgog,30
0.00025,0.001,0.016407819464802742,0.00012172013521194458,1.2695519924163818,-0.004369889385998249,-0.0003171921707689762,5.50844706594944e-05,0.0,0.2018110752105713,7,1,689664,Deterministic-ShortestPath-4x4-FrozenLake-v0,qppo-Hgog-qlr1.0e-3,Hgog,30
0.00025,0.001,0.035680390894412994,-0.0007897196337580681,1.2655980587005615,0.004394495859742165,0.0003973855637013912,2.2799242287874222e-05,0.0,0.28674226999282837,7,1,690176,Deterministic-ShortestPath-4x4-FrozenLake-v0,qppo-Hgog-qlr1.0e-3,Hgog,30
0.00025,0.001,0.016715984791517258,-0.0008874498307704926,1.2823494672775269,-0.0053529515862464905,0.0011610668152570724,2.890266478061676e-05,0.0,0.26633936166763306,7,1,690688,Deterministic-ShortestPath-4x4-FrozenLake-v0,qppo-Hgog-qlr1.0e-3,Hgog,30
0.00025,0.001,0.01184143777936697,-0.0010753199458122253,1.2909629344940186,-0.008064230903983116,7.466878741979599e-05,6.113247945904732e-05,0.0,0.2309315800666809,7,1,691200,Deterministic-ShortestPath-4x4-FrozenLake-v0,qppo-Hgog-qlr1.0e-3,Hgog,30
0.00025,0.001,0.02456880733370781,-0.0011668875813484192,1.2826581001281738,-0.001709064468741417,6.778119131922722e-05,1.9462313503026962e-05,0.0,0.31367868185043335,7,1,691712,Deterministic-ShortestPath-4x4-FrozenLake-v0,qppo-Hgog-qlr1.0e-3,Hgog,30
0.00025,0.001,0.019735567271709442,0.002158168703317642,1.2772088050842285,-0.0007461355999112129,-0.0015636044554412365,0.00019743014127016068,0.0,0.2625880837440491,7,1,692224,Deterministic-ShortestPath-4x4-FrozenLake-v0,qppo-Hgog-qlr1.0e-3,Hgog,30
0.00025,0.001,0.027319060638546944,-0.0007827030494809151,1.2709202766418457,0.00016762502491474152,0.0012926380150020123,3.6026351153850555e-05,0.0,0.16598284244537354,7,1,692736,Deterministic-ShortestPath-4x4-FrozenLake-v0,qppo-Hgog-qlr1.0e-3,Hgog,30
0.00025,0.001,0.028410736471414566,-2.958439290523529e-05,1.2773044109344482,0.001402740366756916,-0.00011557387188076973,3.9581209421157837e-07,0.0,0.08889561891555786,7,1,693248,Deterministic-ShortestPath-4x4-FrozenLake-v0,qppo-Hgog-qlr1.0e-3,Hgog,30
0.00025,0.001,0.035275205969810486,-0.0005428250879049301,1.2865500450134277,0.0042292773723602295,0.0001854337751865387,2.7892179787158966e-05,0.0,0.3123916983604431,7,1,693760,Deterministic-ShortestPath-4x4-FrozenLake-v0,qppo-Hgog-qlr1.0e-3,Hgog,30
0.00025,0.001,0.05852596461772919,-0.0004301592707633972,1.2804012298583984,0.016028810292482376,-0.00021880539134144783,1.3684388250112534e-05,0.0,0.27500784397125244,7,1,694272,Deterministic-ShortestPath-4x4-FrozenLake-v0,qppo-Hgog-qlr1.0e-3,Hgog,30
0.00025,0.001,0.012507998384535313,-0.0013438854366540909,1.2960330247879028,-0.008050216361880302,-0.00025136955082416534,5.6117307394742966e-05,0.0,0.5125596523284912,7,1,694784,Deterministic-ShortestPath-4x4-FrozenLake-v0,qppo-Hgog-qlr1.0e-3,Hgog,30
0.00025,0.001,0.01757098361849785,0.0011729858815670013,1.2730263471603394,-0.002771785482764244,0.0009704036638140678,9.826663881540298e-05,0.0,0.333365797996521,7,1,695296,Deterministic-ShortestPath-4x4-FrozenLake-v0,qppo-Hgog-qlr1.0e-3,Hgog,30
0.00025,0.001,0.02566390484571457,-0.0008782902732491493,1.2859607934951782,-0.000905945897102356,0.00044673169031739235,3.39951366186142e-05,0.0,0.4754721522331238,7,1,695808,Deterministic-ShortestPath-4x4-FrozenLake-v0,qppo-Hgog-qlr1.0e-3,Hgog,30
0.00025,0.001,0.005561300553381443,-0.0008098892867565155,1.2877998352050781,-0.010907236486673355,0.0008642515167593956,3.233691677451134e-05,0.0,-10.464910507202148,7,1,696320,Deterministic-ShortestPath-4x4-FrozenLake-v0,qppo-Hgog-qlr1.0e-3,Hgog,30
0.00025,0.001,0.0049491869285702705,-0.0030785277485847473,1.2850967645645142,-0.013454901054501534,0.0002072639763355255,4.357099533081055e-05,0.0,-0.153356671333313,7,1,696832,Deterministic-ShortestPath-4x4-FrozenLake-v0,qppo-Hgog-qlr1.0e-3,Hgog,30
0.00025,0.001,0.026201682165265083,-0.0012885387986898422,1.2756867408752441,-0.000944565050303936,-0.0017995359376072884,3.707734867930412e-05,0.0,0.2660861611366272,7,1,697344,Deterministic-ShortestPath-4x4-FrozenLake-v0,qppo-Hgog-qlr1.0e-3,Hgog,30
0.00025,0.001,0.03748217597603798,-0.0006462205201387405,1.2702869176864624,0.005391998216509819,-1.1161435395479202e-05,8.366536349058151e-06,0.0,0.3335898518562317,7,1,697856,Deterministic-ShortestPath-4x4-FrozenLake-v0,qppo-Hgog-qlr1.0e-3,Hgog,30
0.00025,0.001,0.009513571858406067,-0.0003624036908149719,1.2843403816223145,-0.008449021726846695,0.0013202955015003681,4.609813913702965e-05,0.0,-9.565532684326172,7,1,698368,Deterministic-ShortestPath-4x4-FrozenLake-v0,qppo-Hgog-qlr1.0e-3,Hgog,30
0.00025,0.001,0.019669577479362488,-0.0001838216558098793,1.2909923791885376,-0.0032589565962553024,0.0001583695411682129,1.5337951481342316e-05,0.0,0.21747922897338867,7,1,698880,Deterministic-ShortestPath-4x4-FrozenLake-v0,qppo-Hgog-qlr1.0e-3,Hgog,30
0.00025,0.001,0.008125431835651398,0.00037517771124839783,1.282941460609436,-0.00839152093976736,0.00016899406909942627,4.698522388935089e-06,0.0,0.2585653066635132,7,1,699392,Deterministic-ShortestPath-4x4-FrozenLake-v0,qppo-Hgog-qlr1.0e-3,Hgog,30
0.00025,0.001,0.022965557873249054,-0.0007354859262704849,1.286188006401062,-0.0021145865321159363,-0.0009834705851972103,1.287367194890976e-05,0.0,0.27429425716400146,7,1,699904,Deterministic-ShortestPath-4x4-FrozenLake-v0,qppo-Hgog-qlr1.0e-3,Hgog,30
0.00025,0.001,0.025522354990243912,-0.00017392821609973907,1.2735495567321777,-0.00014824606478214264,0.0005241213366389275,1.4319084584712982e-05,0.0,0.31038326025009155,7,1,700416,Deterministic-ShortestPath-4x4-FrozenLake-v0,qppo-Hgog-qlr1.0e-3,Hgog,30
0.00025,0.001,0.009854689240455627,-4.5433640480041504e-05,1.2685126066207886,-0.007803214713931084,0.0005740150809288025,1.574307680130005e-05,0.0,-0.6598145961761475,7,1,700928,Deterministic-ShortestPath-4x4-FrozenLake-v0,qppo-Hgog-qlr1.0e-3,Hgog,30
0.00025,0.001,0.015810471028089523,0.0002598818391561508,1.2829557657241821,-0.004664439707994461,0.00022626807913184166,1.1453870683908463e-05,0.0,0.29317039251327515,7,1,701440,Deterministic-ShortestPath-4x4-FrozenLake-v0,qppo-Hgog-qlr1.0e-3,Hgog,30
0.00025,0.001,0.009491023607552052,-0.0004449663683772087,1.2665845155715942,-0.008365299552679062,-0.0008612517267465591,1.8975231796503067e-05,0.0,-0.3027607202529907,7,1,701952,Deterministic-ShortestPath-4x4-FrozenLake-v0,qppo-Hgog-qlr1.0e-3,Hgog,30
0.00025,0.001,0.005632810294628143,-0.00024027563631534576,1.2627248764038086,-0.010051119141280651,0.0014679450541734695,2.277456223964691e-05,0.0,-0.5070222616195679,7,1,702464,Deterministic-ShortestPath-4x4-FrozenLake-v0,qppo-Hgog-qlr1.0e-3,Hgog,30
0.00025,0.001,0.006360627245157957,-0.0020068474113941193,1.2804646492004395,-0.011631179600954056,-0.0003265668638050556,3.4254975616931915e-05,0.0,0.17049634456634521,7,1,702976,Deterministic-ShortestPath-4x4-FrozenLake-v0,qppo-Hgog-qlr1.0e-3,Hgog,30
0.00025,0.001,0.015381679870188236,-0.0002798866480588913,1.2766637802124023,-0.0053556845523417,-0.0001289783976972103,2.0744744688272476e-05,0.0,0.34897756576538086,7,1,703488,Deterministic-ShortestPath-4x4-FrozenLake-v0,qppo-Hgog-qlr1.0e-3,Hgog,30
0.00025,0.001,0.052766550332307816,0.0001505538821220398,1.280022144317627,0.013733607716858387,0.0008904542773962021,3.827502951025963e-05,0.0,0.2596396207809448,7,1,704000,Deterministic-ShortestPath-4x4-FrozenLake-v0,qppo-Hgog-qlr1.0e-3,Hgog,30
0.00025,0.001,0.025963593274354935,0.00011951476335525513,1.2772098779678345,0.0003292132169008255,-0.00035087112337350845,2.917228266596794e-05,0.0,0.1601015329360962,7,1,704512,Deterministic-ShortestPath-4x4-FrozenLake-v0,qppo-Hgog-qlr1.0e-3,Hgog,30
0.00025,0.001,0.03259485214948654,1.7716549336910248e-05,1.25722074508667,0.003742935135960579,-1.1524185538291931e-05,5.830544978380203e-06,0.0,0.3512094020843506,7,1,705024,Deterministic-ShortestPath-4x4-FrozenLake-v0,qppo-Hgog-qlr1.0e-3,Hgog,30
0.00025,0.001,0.020362189039587975,0.00034251250326633453,1.2865853309631348,-0.002342245541512966,-0.0007329038344323635,3.4516677260398865e-05,0.0,0.2569381594657898,7,1,705536,Deterministic-ShortestPath-4x4-FrozenLake-v0,qppo-Hgog-qlr1.0e-3,Hgog,30
0.00025,0.001,0.03419656679034233,-0.0004512369632720947,1.2759088277816772,0.003887958824634552,-0.0007501770742237568,0.00010975729674100876,0.0,0.2947012782096863,7,1,706048,Deterministic-ShortestPath-4x4-FrozenLake-v0,qppo-Hgog-qlr1.0e-3,Hgog,30
0.00025,0.001,0.038993578404188156,-0.0004153270274400711,1.2793127298355103,0.0062883347272872925,-0.0011230348609387875,4.662526771426201e-05,0.0,0.3051493763923645,7,1,706560,Deterministic-ShortestPath-4x4-FrozenLake-v0,qppo-Hgog-qlr1.0e-3,Hgog,30
0.00025,0.001,0.014108657836914062,-0.0005136751569807529,1.2728700637817383,-0.006188046187162399,-4.0924642235040665e-05,9.609851986169815e-06,0.0,0.06301969289779663,7,1,707072,Deterministic-ShortestPath-4x4-FrozenLake-v0,qppo-Hgog-qlr1.0e-3,Hgog,30
0.00025,0.001,0.00935370847582817,-5.536526441574097e-05,1.2845526933670044,-0.00822403747588396,0.0002606869675219059,2.2510066628456116e-06,0.0,-0.13893258571624756,7,1,707584,Deterministic-ShortestPath-4x4-FrozenLake-v0,qppo-Hgog-qlr1.0e-3,Hgog,30
0.00025,0.001,0.027233166620135307,-0.000353802926838398,1.2789127826690674,0.0004736529663205147,0.0006732330657541752,1.6495585441589355e-05,0.0,0.27722084522247314,7,1,708096,Deterministic-ShortestPath-4x4-FrozenLake-v0,qppo-Hgog-qlr1.0e-3,Hgog,30
0.00025,0.001,0.058872152119874954,-0.0003238767385482788,1.279978632926941,0.016312412917613983,0.0001150546595454216,1.0560266673564911e-05,0.0,0.24775278568267822,7,1,708608,Deterministic-ShortestPath-4x4-FrozenLake-v0,qppo-Hgog-qlr1.0e-3,Hgog,30
0.00025,0.001,0.029080700129270554,0.00028005847707390785,1.2683532238006592,0.002136876806616783,0.0001800968311727047,1.538265496492386e-05,0.0,0.3256441354751587,7,1,709120,Deterministic-ShortestPath-4x4-FrozenLake-v0,qppo-Hgog-qlr1.0e-3,Hgog,30
0.00025,0.001,0.023063309490680695,4.9197347834706306e-05,1.2733289003372192,-0.0011524371802806854,0.0006727958098053932,2.053985372185707e-05,0.0,0.1336435079574585,7,1,709632,Deterministic-ShortestPath-4x4-FrozenLake-v0,qppo-Hgog-qlr1.0e-3,Hgog,30
0.00025,0.001,0.009650432504713535,1.7758458852767944e-05,1.2763866186141968,-0.007920891046524048,0.0004048207774758339,1.2667383998632431e-05,0.0,0.2810385823249817,7,1,710144,Deterministic-ShortestPath-4x4-FrozenLake-v0,qppo-Hgog-qlr1.0e-3,Hgog,30
0.00025,0.001,0.0077798995189368725,6.177276372909546e-05,1.2743617296218872,-0.008791894651949406,5.6115444749593735e-05,7.777940481901169e-06,0.0,0.17730265855789185,7,1,710656,Deterministic-ShortestPath-4x4-FrozenLake-v0,qppo-Hgog-qlr1.0e-3,Hgog,30
0.00025,0.001,0.022813260555267334,-0.0020892657339572906,1.2730607986450195,-0.003413243219256401,0.0013348455540835857,3.157882019877434e-05,0.0,0.35988205671310425,7,1,711168,Deterministic-ShortestPath-4x4-FrozenLake-v0,qppo-Hgog-qlr1.0e-3,Hgog,30
0.00025,0.001,0.012451088055968285,0.0011586304754018784,1.2865667343139648,-0.005481492727994919,0.0003314157947897911,7.513212040066719e-05,0.0,0.34324532747268677,7,1,711680,Deterministic-ShortestPath-4x4-FrozenLake-v0,qppo-Hgog-qlr1.0e-3,Hgog,30
0.00025,0.001,0.02000071108341217,0.0001054815948009491,1.276867151260376,-0.0026628337800502777,-0.00010341964662075043,7.111579179763794e-06,0.0,-0.25795209407806396,7,1,712192,Deterministic-ShortestPath-4x4-FrozenLake-v0,qppo-Hgog-qlr1.0e-3,Hgog,30
0.00025,0.001,0.004411246161907911,9.698979556560516e-05,1.2611331939697266,-0.01030871830880642,-0.0007154559716582298,3.336835652589798e-05,0.0,0.5474227666854858,7,1,712704,Deterministic-ShortestPath-4x4-FrozenLake-v0,qppo-Hgog-qlr1.0e-3,Hgog,30
0.00025,0.001,0.024371279403567314,-0.00021526962518692017,1.2788015604019165,-0.0008176453411579132,0.0006099524907767773,7.860828191041946e-06,0.0,0.32822078466415405,7,1,713216,Deterministic-ShortestPath-4x4-FrozenLake-v0,qppo-Hgog-qlr1.0e-3,Hgog,30
0.00025,0.001,0.012120363302528858,-0.0006733909249305725,1.2669475078582764,-0.007282684091478586,0.0006146500818431377,1.9880477339029312e-05,0.0,0.33914345502853394,7,1,713728,Deterministic-ShortestPath-4x4-FrozenLake-v0,qppo-Hgog-qlr1.0e-3,Hgog,30
0.00025,0.001,0.014522751793265343,0.0002239122986793518,1.2616127729415894,-0.00513083953410387,0.0007124971598386765,6.741238757967949e-05,0.0,0.3664865493774414,7,1,714240,Deterministic-ShortestPath-4x4-FrozenLake-v0,qppo-Hgog-qlr1.0e-3,Hgog,30
0.00025,0.001,0.019945397973060608,-0.001217348501086235,1.294419765472412,-0.004188846796751022,0.00038789864629507065,3.865128383040428e-05,0.0,0.3661726117134094,7,1,714752,Deterministic-ShortestPath-4x4-FrozenLake-v0,qppo-Hgog-qlr1.0e-3,Hgog,30
0.00025,0.001,0.03463687002658844,0.0004921825602650642,1.264171838760376,0.005168899893760681,-5.886238068342209e-05,4.526693373918533e-06,0.0,0.21372705698013306,7,1,715264,Deterministic-ShortestPath-4x4-FrozenLake-v0,qppo-Hgog-qlr1.0e-3,Hgog,30
0.00025,0.001,0.025295913219451904,-0.0006259530782699585,1.2702301740646362,-0.0006802976131439209,-0.00019245082512497902,5.080364644527435e-06,0.0,0.14857476949691772,7,1,715776,Deterministic-ShortestPath-4x4-FrozenLake-v0,qppo-Hgog-qlr1.0e-3,Hgog,30
0.00025,0.001,0.027581503614783287,-0.0003808028995990753,1.2808599472045898,0.0006013493984937668,-3.480538725852966e-05,5.314592272043228e-06,0.0,0.3124617338180542,7,1,716288,Deterministic-ShortestPath-4x4-FrozenLake-v0,qppo-Hgog-qlr1.0e-3,Hgog,30
0.00025,0.001,0.022605789825320244,-0.001027318648993969,1.2738680839538574,-0.0024631042033433914,0.00019718101248145103,2.0388513803482056e-05,0.0,0.3665233850479126,7,1,716800,Deterministic-ShortestPath-4x4-FrozenLake-v0,qppo-Hgog-qlr1.0e-3,Hgog,30
0.00025,0.001,0.016349097713828087,-0.0003178413026034832,1.2766286134719849,-0.004909577779471874,-0.00017431192100048065,3.853440284729004e-05,0.0,0.463705837726593,7,1,717312,Deterministic-ShortestPath-4x4-FrozenLake-v0,qppo-Hgog-qlr1.0e-3,Hgog,30
0.00025,0.001,0.019210753962397575,0.0006651661824434996,1.2897981405258179,-0.002627437934279442,-6.5481290221214294e-06,1.6715843230485916e-05,0.0,0.23226428031921387,7,1,717824,Deterministic-ShortestPath-4x4-FrozenLake-v0,qppo-Hgog-qlr1.0e-3,Hgog,30
0.00025,0.001,0.029088301584124565,-0.00014314986765384674,1.26303231716156,0.0017706779763102531,3.400864079594612e-05,5.366280674934387e-06,0.0,0.14736151695251465,7,1,718336,Deterministic-ShortestPath-4x4-FrozenLake-v0,qppo-Hgog-qlr1.0e-3,Hgog,30
0.00025,0.001,0.01829373463988304,-0.0003883545286953449,1.2888965606689453,-0.004130452871322632,0.00018395110964775085,6.840098649263382e-06,0.0,0.44764286279678345,7,1,718848,Deterministic-ShortestPath-4x4-FrozenLake-v0,qppo-Hgog-qlr1.0e-3,Hgog,30
0.00025,0.001,0.01257279235869646,-0.00016771932132542133,1.2881674766540527,-0.006762997712939978,-0.0004962892271578312,1.2157484889030457e-05,0.0,0.02655327320098877,7,1,719360,Deterministic-ShortestPath-4x4-FrozenLake-v0,qppo-Hgog-qlr1.0e-3,Hgog,30
0.00025,0.001,0.010623550042510033,-6.236881017684937e-05,1.2780122756958008,-0.007530716247856617,0.0006638895720243454,2.4380162358283997e-05,0.0,0.2567046284675598,7,1,719872,Deterministic-ShortestPath-4x4-FrozenLake-v0,qppo-Hgog-qlr1.0e-3,Hgog,30
0.00025,0.001,0.0055185663513839245,-0.0006703641265630722,1.2838975191116333,-0.010750055313110352,-0.00010614655911922455,1.2056902050971985e-05,0.0,0.32341086864471436,7,1,720384,Deterministic-ShortestPath-4x4-FrozenLake-v0,qppo-Hgog-qlr1.0e-3,Hgog,30
0.00025,0.001,0.019162647426128387,-0.0005526989698410034,1.2812740802764893,-0.0037841154262423515,-0.0009744730778038502,1.3531651347875595e-05,0.0,0.06770879030227661,7,1,720896,Deterministic-ShortestPath-4x4-FrozenLake-v0,qppo-Hgog-qlr1.0e-3,Hgog,30
0.00025,0.001,0.034419164061546326,-0.0006330646574497223,1.2851083278656006,0.0037254346534609795,0.0003933715634047985,6.474088877439499e-06,0.0,0.2780570387840271,7,1,721408,Deterministic-ShortestPath-4x4-FrozenLake-v0,qppo-Hgog-qlr1.0e-3,Hgog,30
0.00025,0.001,0.01914658024907112,-2.393871545791626e-05,1.2908892631530762,-0.0033595412969589233,1.498265191912651e-05,9.620096534490585e-06,0.0,0.3561880588531494,7,1,721920,Deterministic-ShortestPath-4x4-FrozenLake-v0,qppo-Hgog-qlr1.0e-3,Hgog,30
0.00025,0.001,0.022731071338057518,-0.001019814983010292,1.28140127658844,-0.0024682916700839996,0.0005746944807469845,3.462936729192734e-05,0.0,0.2958293557167053,7,1,722432,Deterministic-ShortestPath-4x4-FrozenLake-v0,qppo-Hgog-qlr1.0e-3,Hgog,30
0.00025,0.001,0.02629780024290085,0.0002497956156730652,1.266966700553894,0.0007290290668606758,-1.8119346350431442e-05,1.620035618543625e-05,0.0,0.42661142349243164,7,1,722944,Deterministic-ShortestPath-4x4-FrozenLake-v0,qppo-Hgog-qlr1.0e-3,Hgog,30
0.00025,0.001,0.010977175086736679,-0.0001638093963265419,1.2737950086593628,-0.007413171231746674,0.0001403670758008957,3.252178430557251e-06,0.0,0.19962245225906372,7,1,723456,Deterministic-ShortestPath-4x4-FrozenLake-v0,qppo-Hgog-qlr1.0e-3,Hgog,30
0.00025,0.001,0.0017646434716880322,-0.00019536912441253662,1.2834924459457397,-0.01214797142893076,-0.00025294534862041473,1.2876931577920914e-05,0.0,0.6217767894268036,7,1,723968,Deterministic-ShortestPath-4x4-FrozenLake-v0,qppo-Hgog-qlr1.0e-3,Hgog,30
0.00025,0.001,0.016833104193210602,0.0006247051060199738,1.2625259160995483,-0.003584001213312149,0.00019898312166333199,1.1354219168424606e-05,0.0,0.33283138275146484,7,1,724480,Deterministic-ShortestPath-4x4-FrozenLake-v0,qppo-Hgog-qlr1.0e-3,Hgog,30
0.00025,0.001,0.03251853212714195,-0.0008109565824270248,1.2781928777694702,0.002666381187736988,0.0001803683117032051,1.4870427548885345e-05,0.0,0.39774948358535767,7,1,724992,Deterministic-ShortestPath-4x4-FrozenLake-v0,qppo-Hgog-qlr1.0e-3,Hgog,30
0.00025,0.001,0.02457885444164276,-9.241979569196701e-05,1.2745928764343262,-0.0005489205941557884,9.052548557519913e-05,1.3426877558231354e-05,0.0,0.2906193733215332,7,1,725504,Deterministic-ShortestPath-4x4-FrozenLake-v0,qppo-Hgog-qlr1.0e-3,Hgog,30
0.00025,0.001,0.012633884325623512,-0.00019830837845802307,1.2895146608352661,-0.00677651260048151,-0.0006037969142198563,4.892703145742416e-06,0.0,0.1998559832572937,7,1,726016,Deterministic-ShortestPath-4x4-FrozenLake-v0,qppo-Hgog-qlr1.0e-3,Hgog,30
0.00025,0.001,0.04714229702949524,-0.00018441490828990936,1.2730480432510376,0.010656253434717655,-0.00015380186960101128,2.0866282284259796e-06,0.0,0.4047597050666809,7,1,726528,Deterministic-ShortestPath-4x4-FrozenLake-v0,qppo-Hgog-qlr1.0e-3,Hgog,30
0.00025,0.001,0.03962351381778717,-0.00011239573359489441,1.2691963911056519,0.007007397711277008,-0.00023206695914268494,1.7236918210983276e-05,0.0,0.12181973457336426,7,1,727040,Deterministic-ShortestPath-4x4-FrozenLake-v0,qppo-Hgog-qlr1.0e-3,Hgog,30
0.00025,0.001,0.02472612075507641,-0.00014346279203891754,1.2795393466949463,-0.0005757957696914673,0.0001858673058450222,2.3292377591133118e-05,0.0,0.24263042211532593,7,1,727552,Deterministic-ShortestPath-4x4-FrozenLake-v0,qppo-Hgog-qlr1.0e-3,Hgog,30
0.00025,0.001,0.01897098310291767,-0.0028193704783916473,1.270753264427185,-0.006041411310434341,-0.00013526109978556633,6.939517334103584e-05,0.0,0.3175581693649292,7,1,728064,Deterministic-ShortestPath-4x4-FrozenLake-v0,qppo-Hgog-qlr1.0e-3,Hgog,30
0.00025,0.001,0.01826051063835621,-0.0009605158120393753,1.249693751335144,-0.0043271975591778755,0.0015581869520246983,4.53433021903038e-05,0.0,0.29370826482772827,7,1,728576,Deterministic-ShortestPath-4x4-FrozenLake-v0,qppo-Hgog-qlr1.0e-3,Hgog,30
0.00025,0.001,0.04624209553003311,-0.001578187569975853,1.2664283514022827,0.008878576569259167,0.0006708549335598946,4.3081119656562805e-05,0.0,0.3867039084434509,7,1,729088,Deterministic-ShortestPath-4x4-FrozenLake-v0,qppo-Hgog-qlr1.0e-3,Hgog,30
0.00025,0.001,0.00921538844704628,4.552304744720459e-06,1.2731181383132935,-0.00811893492937088,0.001436782069504261,2.55596823990345e-05,0.0,0.36418479681015015,7,1,729600,Deterministic-ShortestPath-4x4-FrozenLake-v0,qppo-Hgog-qlr1.0e-3,Hgog,30
0.00025,0.001,0.005120640154927969,-0.003057345747947693,1.2771291732788086,-0.013268317095935345,0.0037229121662676334,9.245984256267548e-05,0.0,-10.666315078735352,7,1,730112,Deterministic-ShortestPath-4x4-FrozenLake-v0,qppo-Hgog-qlr1.0e-3,Hgog,30
0.00025,0.001,0.016920847818255424,-0.0004059039056301117,1.2867845296859741,-0.00481332466006279,4.9093738198280334e-05,2.3937784135341644e-05,0.0,0.15960252285003662,7,1,730624,Deterministic-ShortestPath-4x4-FrozenLake-v0,qppo-Hgog-qlr1.0e-3,Hgog,30
0.00025,0.001,0.029777199029922485,-0.0007141884416341782,1.2580262422561646,0.001594148576259613,-0.00034703081473708153,1.2878328561782837e-05,0.0,-0.007140040397644043,7,1,731136,Deterministic-ShortestPath-4x4-FrozenLake-v0,qppo-Hgog-qlr1.0e-3,Hgog,30
0.00025,0.001,0.009900180622935295,0.0001211799681186676,1.2834209203720093,-0.007762938737869263,-0.00015035411342978477,7.860362529754639e-07,0.0,0.500655859708786,7,1,731648,Deterministic-ShortestPath-4x4-FrozenLake-v0,qppo-Hgog-qlr1.0e-3,Hgog,30
0.00025,0.001,0.016775906085968018,-0.0002254694700241089,1.279581069946289,-0.004633327014744282,-0.0003523961640894413,3.309454768896103e-06,0.0,0.1855529546737671,7,1,732160,Deterministic-ShortestPath-4x4-FrozenLake-v0,qppo-Hgog-qlr1.0e-3,Hgog,30
0.00025,0.001,0.015208144672214985,4.35318797826767e-05,1.2951956987380981,-0.005304352845996618,-9.737908840179443e-06,1.4828518033027649e-05,0.0,0.016623318195343018,7,1,732672,Deterministic-ShortestPath-4x4-FrozenLake-v0,qppo-Hgog-qlr1.0e-3,Hgog,30
0.00025,0.001,0.01688530668616295,-0.0002363240346312523,1.2763080596923828,-0.004556750878691673,-0.001088412944227457,1.4927703887224197e-05,0.0,0.20476865768432617,7,1,733184,Deterministic-ShortestPath-4x4-FrozenLake-v0,qppo-Hgog-qlr1.0e-3,Hgog,30
0.00025,0.001,0.010097085498273373,-0.0003749467432498932,1.2780003547668457,-0.008106406778097153,-0.0004091663286089897,1.9741710275411606e-05,0.0,0.4377948045730591,7,1,733696,Deterministic-ShortestPath-4x4-FrozenLake-v0,qppo-Hgog-qlr1.0e-3,Hgog,30
0.00025,0.001,0.0060229115188121796,-0.0006027352064847946,1.2572263479232788,-0.010163542814552784,-0.0006402032449841499,2.58483923971653e-05,0.0,0.2772712707519531,7,1,734208,Deterministic-ShortestPath-4x4-FrozenLake-v0,qppo-Hgog-qlr1.0e-3,Hgog,30
0.00025,0.001,0.00920137856155634,-0.0003942139446735382,1.2763376235961914,-0.008556900545954704,-0.00026160944253206253,3.88086773455143e-05,0.0,0.18999195098876953,7,1,734720,Deterministic-ShortestPath-4x4-FrozenLake-v0,qppo-Hgog-qlr1.0e-3,Hgog,30
0.00025,0.001,0.012874243780970573,0.0006812438368797302,1.2909018993377686,-0.005790652707219124,-0.0001010410487651825,2.6182271540164948e-05,0.0,0.41090792417526245,7,1,735232,Deterministic-ShortestPath-4x4-FrozenLake-v0,qppo-Hgog-qlr1.0e-3,Hgog,30
0.00025,0.001,0.027446281164884567,-0.0006371065974235535,1.2805640697479248,0.0002803932875394821,0.0005380152724683285,1.4281831681728363e-05,0.0,0.22012591361999512,7,1,735744,Deterministic-ShortestPath-4x4-FrozenLake-v0,qppo-Hgog-qlr1.0e-3,Hgog,30
0.00025,0.001,0.002638575155287981,0.00010095536708831787,1.2835018634796143,-0.011414775624871254,0.0010849572718143463,2.7555041015148163e-05,0.0,0.16881144046783447,7,1,736256,Deterministic-ShortestPath-4x4-FrozenLake-v0,qppo-Hgog-qlr1.0e-3,Hgog,30
0.00025,0.001,0.022063398733735085,0.00012221746146678925,1.290204644203186,-0.0017481297254562378,0.00013863667845726013,8.256174623966217e-07,0.0,0.06138712167739868,7,1,736768,Deterministic-ShortestPath-4x4-FrozenLake-v0,qppo-Hgog-qlr1.0e-3,Hgog,30
0.00025,0.001,0.02117716521024704,-2.4788081645965576e-05,1.2924871444702148,-0.002361076883971691,-0.00022662803530693054,1.6312114894390106e-06,0.0,0.10377711057662964,7,1,737280,Deterministic-ShortestPath-4x4-FrozenLake-v0,qppo-Hgog-qlr1.0e-3,Hgog,30
0.00025,0.001,0.027786001563072205,-0.0010687299072742462,1.2840768098831177,-1.649651676416397e-05,-0.0004239659756422043,2.4510081857442856e-05,0.0,0.39643043279647827,7,1,737792,Deterministic-ShortestPath-4x4-FrozenLake-v0,qppo-Hgog-qlr1.0e-3,Hgog,30
0.00025,0.001,0.020235853269696236,0.0003376714885234833,1.2798466682434082,-0.002342868596315384,-0.00033717742189764977,2.6277266442775726e-06,0.0,0.2810174226760864,7,1,738304,Deterministic-ShortestPath-4x4-FrozenLake-v0,qppo-Hgog-qlr1.0e-3,Hgog,30
0.00025,0.001,0.04690288379788399,4.377216100692749e-08,1.279866337776184,0.010652822442352772,-0.0001748623326420784,1.0076910257339478e-06,0.0,0.3471546769142151,7,1,738816,Deterministic-ShortestPath-4x4-FrozenLake-v0,qppo-Hgog-qlr1.0e-3,Hgog,30
0.00025,0.001,0.03446514904499054,-0.00034680962562561035,1.293139934539795,0.003954365849494934,0.00011322461068630219,8.989591151475906e-06,0.0,0.21160393953323364,7,1,739328,Deterministic-ShortestPath-4x4-FrozenLake-v0,qppo-Hgog-qlr1.0e-3,Hgog,30
0.00025,0.001,0.018308371305465698,-2.650544047355652e-05,1.290679931640625,-0.0037791188806295395,4.1740015149116516e-05,5.746260285377502e-07,0.0,0.24187582731246948,7,1,739840,Deterministic-ShortestPath-4x4-FrozenLake-v0,qppo-Hgog-qlr1.0e-3,Hgog,30
0.00025,0.001,0.002686993917450309,0.00034692324697971344,1.2748963832855225,-0.011058542877435684,0.0005719237960875034,8.668750524520874e-06,0.0,0.5309885144233704,7,1,740352,Deterministic-ShortestPath-4x4-FrozenLake-v0,qppo-Hgog-qlr1.0e-3,Hgog,30
0.00025,0.001,0.018970588222146034,-8.189491927623749e-05,1.2890530824661255,-0.0034871315583586693,4.3631065636873245e-05,5.532056093215942e-07,0.0,0.35193896293640137,7,1,740864,Deterministic-ShortestPath-4x4-FrozenLake-v0,qppo-Hgog-qlr1.0e-3,Hgog,30
0.00025,0.001,0.013244484551250935,7.83093273639679e-05,1.279854655265808,-0.006097994279116392,-0.00020530680194497108,3.986060619354248e-06,0.0,-0.0822075605392456,7,1,741376,Deterministic-ShortestPath-4x4-FrozenLake-v0,qppo-Hgog-qlr1.0e-3,Hgog,30
0.00025,0.001,0.050661586225032806,0.00011633522808551788,1.2474818229675293,0.012972310185432434,-0.00027816276997327805,1.8589198589324951e-06,0.0,0.3638875484466553,7,1,741888,Deterministic-ShortestPath-4x4-FrozenLake-v0,qppo-Hgog-qlr1.0e-3,Hgog,30
0.00025,0.001,0.016528066247701645,-0.0012841448187828064,1.3054343461990356,-0.006074454635381699,0.0005451561883091927,1.387251541018486e-05,0.0,0.42699551582336426,7,1,742400,Deterministic-ShortestPath-4x4-FrozenLake-v0,qppo-Hgog-qlr1.0e-3,Hgog,30
0.00025,0.001,0.029374364763498306,-0.0008159540593624115,1.2560055255889893,0.0013111736625432968,-5.187280476093292e-05,1.0896939784288406e-05,0.0,0.43774932622909546,7,1,742912,Deterministic-ShortestPath-4x4-FrozenLake-v0,qppo-Hgog-qlr1.0e-3,Hgog,30
0.00025,0.001,0.016349762678146362,-0.000447301659733057,1.2669899463653564,-0.004942320287227631,0.0003544427454471588,1.1513009667396545e-05,0.0,0.20963895320892334,7,1,743424,Deterministic-ShortestPath-4x4-FrozenLake-v0,qppo-Hgog-qlr1.0e-3,Hgog,30
0.00025,0.001,0.027049308642745018,-0.0005286104278638959,1.2869027853012085,0.0001270165666937828,0.0004524029791355133,3.739073872566223e-05,0.0,0.19308733940124512,7,1,743936,Deterministic-ShortestPath-4x4-FrozenLake-v0,qppo-Hgog-qlr1.0e-3,Hgog,30
0.00025,0.001,0.0163867250084877,-0.0012420620769262314,1.2712901830673218,-0.005761601030826569,-0.0013267043977975845,3.0290335416793823e-05,0.0,0.16495627164840698,7,1,744448,Deterministic-ShortestPath-4x4-FrozenLake-v0,qppo-Hgog-qlr1.0e-3,Hgog,30
0.00025,0.001,0.020220965147018433,-0.0003455504775047302,1.2732185125350952,-0.0029672523960471153,0.0004337430000305176,3.121793270111084e-06,0.0,0.2660934329032898,7,1,744960,Deterministic-ShortestPath-4x4-FrozenLake-v0,qppo-Hgog-qlr1.0e-3,Hgog,30
0.00025,0.001,0.013304059393703938,0.000151708722114563,1.2776068449020386,-0.005972329992800951,-0.0001463661901652813,6.938353180885315e-06,0.0,0.4825299382209778,7,1,745472,Deterministic-ShortestPath-4x4-FrozenLake-v0,qppo-Hgog-qlr1.0e-3,Hgog,30
0.00025,0.001,0.017548980191349983,3.5259872674942017e-06,1.2813818454742432,-0.004035801626741886,3.418000414967537e-05,2.9350630939006805e-06,0.0,0.22634458541870117,7,1,745984,Deterministic-ShortestPath-4x4-FrozenLake-v0,qppo-Hgog-qlr1.0e-3,Hgog,30
0.00025,0.001,0.014292245730757713,6.575137376785278e-06,1.255592703819275,-0.005403229035437107,-8.55904072523117e-05,8.223578333854675e-07,0.0,0.3933899998664856,7,1,746496,Deterministic-ShortestPath-4x4-FrozenLake-v0,qppo-Hgog-qlr1.0e-3,Hgog,30
0.00025,0.001,0.014303423464298248,-0.0006323754787445068,1.2869644165039062,-0.00635030772536993,0.00026332633569836617,2.490263432264328e-05,0.0,0.2929838299751282,7,1,747008,Deterministic-ShortestPath-4x4-FrozenLake-v0,qppo-Hgog-qlr1.0e-3,Hgog,30
0.00025,0.001,0.015244973823428154,0.00018367916345596313,1.2838141918182373,-0.005031975917518139,-0.0004068547859787941,4.359986633062363e-06,0.0,0.35195279121398926,7,1,747520,Deterministic-ShortestPath-4x4-FrozenLake-v0,qppo-Hgog-qlr1.0e-3,Hgog,30
0.00025,0.001,0.03580855205655098,-0.0002860133536159992,1.2594075202941895,0.00502418726682663,-0.00037745945155620575,3.3243559300899506e-06,0.0,0.24206286668777466,7,1,748032,Deterministic-ShortestPath-4x4-FrozenLake-v0,qppo-Hgog-qlr1.0e-3,Hgog,30
0.00025,0.001,0.01686491072177887,0.00018115714192390442,1.2838540077209473,-0.004224927164614201,-0.00034842127934098244,1.2549106031656265e-05,0.0,-0.1960996389389038,7,1,748544,Deterministic-ShortestPath-4x4-FrozenLake-v0,qppo-Hgog-qlr1.0e-3,Hgog,30
0.00025,0.001,0.014074263162910938,0.000421072356402874,1.2860708236694336,-0.005402504000812769,0.00023073283955454826,1.2154225260019302e-05,0.0,0.43423229455947876,7,1,749056,Deterministic-ShortestPath-4x4-FrozenLake-v0,qppo-Hgog-qlr1.0e-3,Hgog,30
0.00025,0.001,0.012456306256353855,-0.00024202093482017517,1.2742284536361694,-0.006756152492016554,0.0004717651754617691,3.876164555549622e-06,0.0,0.10061657428741455,7,1,749568,Deterministic-ShortestPath-4x4-FrozenLake-v0,qppo-Hgog-qlr1.0e-3,Hgog,30
0.00025,0.001,0.015318021178245544,8.429586887359619e-05,1.2828845977783203,-0.005085539072751999,4.755426198244095e-05,5.174428224563599e-06,0.0,0.2263890504837036,7,1,750080,Deterministic-ShortestPath-4x4-FrozenLake-v0,qppo-Hgog-qlr1.0e-3,Hgog,30
0.00025,0.001,0.02596154995262623,0.0004528351128101349,1.2719789743423462,0.000713820569217205,-0.0003763148561120033,1.2722332030534744e-05,0.0,0.2706456780433655,7,1,750592,Deterministic-ShortestPath-4x4-FrozenLake-v0,qppo-Hgog-qlr1.0e-3,Hgog,30
0.00025,0.001,0.027591994032263756,-0.00011453777551651001,1.2707899808883667,0.0009735599160194397,-0.0003873556852340698,5.803536623716354e-06,0.0,0.2413305640220642,7,1,751104,Deterministic-ShortestPath-4x4-FrozenLake-v0,qppo-Hgog-qlr1.0e-3,Hgog,30
0.00025,0.001,0.01635091006755829,-0.0003655441105365753,1.282831072807312,-0.0050183990970253944,0.0018574437126517296,4.324456676840782e-05,0.0,0.02223646640777588,7,1,751616,Deterministic-ShortestPath-4x4-FrozenLake-v0,qppo-Hgog-qlr1.0e-3,Hgog,30
0.00025,0.001,0.01385477278381586,9.706243872642517e-05,1.2892241477966309,-0.005867792759090662,0.00013041822239756584,1.1350493878126144e-05,0.0,0.31281620264053345,7,1,752128,Deterministic-ShortestPath-4x4-FrozenLake-v0,qppo-Hgog-qlr1.0e-3,Hgog,30
0.00025,0.001,0.024906057864427567,-0.0005765920504927635,1.2817661762237549,-0.0009412243962287903,-3.055669367313385e-05,2.2845808416604996e-05,0.0,0.29108738899230957,7,1,752640,Deterministic-ShortestPath-4x4-FrozenLake-v0,qppo-Hgog-qlr1.0e-3,Hgog,30
0.00025,0.001,0.03160594031214714,0.00018947385251522064,1.2626820802688599,0.003365623764693737,0.00044300034642219543,2.3528002202510834e-05,0.0,0.19861823320388794,7,1,753152,Deterministic-ShortestPath-4x4-FrozenLake-v0,qppo-Hgog-qlr1.0e-3,Hgog,30
0.00025,0.001,0.022941073402762413,3.2819807529449463e-06,1.2575334310531616,-0.001101515255868435,-7.1730464696884155e-06,1.2367963790893555e-05,0.0,0.38728153705596924,7,1,753664,Deterministic-ShortestPath-4x4-FrozenLake-v0,qppo-Hgog-qlr1.0e-3,Hgog,30
0.00025,0.001,0.011371338739991188,-0.0003397781401872635,1.2855474948883057,-0.007509583607316017,0.00022975169122219086,4.277564585208893e-06,0.0,0.49336719512939453,7,1,754176,Deterministic-ShortestPath-4x4-FrozenLake-v0,qppo-Hgog-qlr1.0e-3,Hgog,30
0.00025,0.001,0.025068607181310654,0.0001339893788099289,1.2560279369354248,0.00010801386088132858,0.00037028780207037926,1.1884607374668121e-05,0.0,0.3357294797897339,7,1,754688,Deterministic-ShortestPath-4x4-FrozenLake-v0,qppo-Hgog-qlr1.0e-3,Hgog,30
0.00025,0.001,0.012395250611007214,-0.0007217004895210266,1.2792820930480957,-0.007316896226257086,0.0002516433596611023,3.973022103309631e-06,0.0,0.4928361177444458,7,1,755200,Deterministic-ShortestPath-4x4-FrozenLake-v0,qppo-Hgog-qlr1.0e-3,Hgog,30
0.00025,0.001,0.04761425778269768,-0.0014654584228992462,1.2888617515563965,0.009453053586184978,0.001122710295021534,4.0057115256786346e-05,0.0,0.2597408890724182,7,1,755712,Deterministic-ShortestPath-4x4-FrozenLake-v0,qppo-Hgog-qlr1.0e-3,Hgog,30
0.00025,0.001,0.00875986460596323,8.019153028726578e-05,1.27665376663208,-0.008306413888931274,0.00014655059203505516,4.653818905353546e-06,0.0,0.5046740770339966,7,1,756224,Deterministic-ShortestPath-4x4-FrozenLake-v0,qppo-Hgog-qlr1.0e-3,Hgog,30
0.00025,0.001,0.043618373572826385,-0.00011190585792064667,1.2801923751831055,0.008895357139408588,-9.509734809398651e-06,4.3800100684165955e-06,0.0,0.34166276454925537,7,1,756736,Deterministic-ShortestPath-4x4-FrozenLake-v0,qppo-Hgog-qlr1.0e-3,Hgog,30
0.00025,0.001,0.015099257230758667,-0.00024279020726680756,1.2976762056350708,-0.00566992349922657,9.926781058311462e-05,8.14441591501236e-07,0.0,0.35652631521224976,7,1,757248,Deterministic-ShortestPath-4x4-FrozenLake-v0,qppo-Hgog-qlr1.0e-3,Hgog,30
0.00025,0.001,0.016036126762628555,-0.00043659284710884094,1.2976398468017578,-0.005394927226006985,-0.0002669142559170723,6.616581231355667e-06,0.0,0.2513163089752197,7,1,757760,Deterministic-ShortestPath-4x4-FrozenLake-v0,qppo-Hgog-qlr1.0e-3,Hgog,30
0.00025,0.001,0.01993372105062008,-0.0007317755371332169,1.281881332397461,-0.0035837283357977867,-0.0012808628380298615,2.2250227630138397e-05,0.0,0.1967095136642456,7,1,758272,Deterministic-ShortestPath-4x4-FrozenLake-v0,qppo-Hgog-qlr1.0e-3,Hgog,30
0.00025,0.001,0.024243410676717758,-0.0007144603878259659,1.298097848892212,-0.0015737330541014671,-0.0006753974594175816,1.6069505363702774e-05,0.0,0.3215625286102295,7,1,758784,Deterministic-ShortestPath-4x4-FrozenLake-v0,qppo-Hgog-qlr1.0e-3,Hgog,30
0.00025,0.001,0.0189789067953825,-0.00015455856919288635,1.2847453355789185,-0.003512558527290821,0.0003739180974662304,1.2728851288557053e-05,0.0,0.256986141204834,7,1,759296,Deterministic-ShortestPath-4x4-FrozenLake-v0,qppo-Hgog-qlr1.0e-3,Hgog,30
0.00025,0.001,0.021244419738650322,-0.000234152190387249,1.2993873357772827,-0.0026058154180645943,0.0004015946760773659,2.8137583285570145e-05,0.0,0.32628142833709717,7,1,759808,Deterministic-ShortestPath-4x4-FrozenLake-v0,qppo-Hgog-qlr1.0e-3,Hgog,30
0.00025,0.001,0.017377866432070732,-0.0005534589290618896,1.2976301908493042,-0.00484082754701376,-5.3472816944122314e-05,9.010545909404755e-06,0.0,0.11873531341552734,7,1,760320,Deterministic-ShortestPath-4x4-FrozenLake-v0,qppo-Hgog-qlr1.0e-3,Hgog,30
0.00025,0.001,0.021853523328900337,0.00018315762281417847,1.3027693033218384,-0.0019177738577127457,0.00014766259118914604,5.970243364572525e-06,0.0,0.2825468182563782,7,1,760832,Deterministic-ShortestPath-4x4-FrozenLake-v0,qppo-Hgog-qlr1.0e-3,Hgog,30
0.00025,0.001,0.021168597042560577,-0.0003930814564228058,1.2760688066482544,-0.0025694705545902252,-0.0003824429586529732,1.9175466150045395e-05,0.0,0.14310938119888306,7,1,761344,Deterministic-ShortestPath-4x4-FrozenLake-v0,qppo-Hgog-qlr1.0e-3,Hgog,30
0.00025,0.001,0.03889153152704239,6.926804780960083e-05,1.2840831279754639,0.006674203090369701,-0.0002415296621620655,3.096833825111389e-05,0.0,0.32503682374954224,7,1,761856,Deterministic-ShortestPath-4x4-FrozenLake-v0,qppo-Hgog-qlr1.0e-3,Hgog,30
0.00025,0.001,0.038111716508865356,-0.00013059750199317932,1.2828054428100586,0.006097206845879555,0.00032420689240098,1.7657410353422165e-05,0.0,0.25537019968032837,7,1,762368,Deterministic-ShortestPath-4x4-FrozenLake-v0,qppo-Hgog-qlr1.0e-3,Hgog,30
0.00025,0.001,0.024712612852454185,-0.0003568120300769806,1.3001430034637451,-0.001001935452222824,0.0003758375532925129,6.640329957008362e-06,0.0,0.26173996925354004,7,1,762880,Deterministic-ShortestPath-4x4-FrozenLake-v0,qppo-Hgog-qlr1.0e-3,Hgog,30
0.00025,0.001,0.005858929827809334,-0.0019245930016040802,1.2958999872207642,-0.011954127810895443,-0.0003120587207376957,3.318674862384796e-05,0.0,-0.18725955486297607,7,1,763392,Deterministic-ShortestPath-4x4-FrozenLake-v0,qppo-Hgog-qlr1.0e-3,Hgog,30
0.00025,0.001,0.0015720149967819452,-0.00012406334280967712,1.2807742357254028,-0.012145797722041607,0.00048716645687818527,1.3937242329120636e-05,0.0,0.18321716785430908,7,1,763904,Deterministic-ShortestPath-4x4-FrozenLake-v0,qppo-Hgog-qlr1.0e-3,Hgog,30
0.00025,0.001,0.02310507372021675,0.0002422146499156952,1.2856274843215942,-0.0010615233331918716,-0.0009077135473489761,2.2063497453927994e-05,0.0,0.042738497257232666,7,1,764416,Deterministic-ShortestPath-4x4-FrozenLake-v0,qppo-Hgog-qlr1.0e-3,Hgog,30
0.00025,0.001,0.023116590455174446,-0.0001048143021762371,1.3033888339996338,-0.0015804069116711617,-0.0001791222020983696,3.941357135772705e-06,0.0,0.26828938722610474,7,1,764928,Deterministic-ShortestPath-4x4-FrozenLake-v0,qppo-Hgog-qlr1.0e-3,Hgog,30
0.00025,0.001,0.02842995524406433,-0.0010999133810400963,1.2892162799835205,0.000222901813685894,-0.0013144700787961483,3.471178933978081e-05,0.0,0.3064267039299011,7,1,765440,Deterministic-ShortestPath-4x4-FrozenLake-v0,qppo-Hgog-qlr1.0e-3,Hgog,30
0.00025,0.001,0.02664668671786785,0.0006566904485225677,1.2783725261688232,0.0011963089928030968,0.0002696448937058449,9.274575859308243e-06,0.0,0.31817126274108887,7,1,765952,Deterministic-ShortestPath-4x4-FrozenLake-v0,qppo-Hgog-qlr1.0e-3,Hgog,30
0.00025,0.001,0.0010985132539644837,-0.0001356266438961029,1.2890849113464355,-0.012477219104766846,1.2948643416166306e-05,2.6407185941934586e-05,0.0,-10.962198257446289,7,1,766464,Deterministic-ShortestPath-4x4-FrozenLake-v0,qppo-Hgog-qlr1.0e-3,Hgog,30
0.00025,0.001,0.006634206976741552,-0.00046886829659342766,1.302127718925476,-0.010173042304813862,-0.0002988828346133232,1.2591015547513962e-05,0.0,0.27314960956573486,7,1,766976,Deterministic-ShortestPath-4x4-FrozenLake-v0,qppo-Hgog-qlr1.0e-3,Hgog,30
0.00025,0.001,0.02672072872519493,-2.0213425159454346e-05,1.278165578842163,0.0005584955215454102,-2.184789627790451e-05,7.920432835817337e-06,0.0,0.26040589809417725,7,1,767488,Deterministic-ShortestPath-4x4-FrozenLake-v0,qppo-Hgog-qlr1.0e-3,Hgog,30
0.00025,0.001,0.027412448078393936,-0.0006723776459693909,1.2788532972335815,0.0002453140914440155,3.900239244103432e-05,9.707175195217133e-06,0.0,0.22647380828857422,7,1,768000,Deterministic-ShortestPath-4x4-FrozenLake-v0,qppo-Hgog-qlr1.0e-3,Hgog,30
0.00025,0.001,0.024675188586115837,-0.001101011410355568,1.287491798400879,-0.0016383351758122444,0.00045554107055068016,4.118960350751877e-05,0.0,0.3727703094482422,7,1,768512,Deterministic-ShortestPath-4x4-FrozenLake-v0,qppo-Hgog-qlr1.0e-3,Hgog,30
0.00025,0.001,0.030456282198429108,0.0006693843752145767,1.2743406295776367,0.0031541194766759872,-0.0004023490473628044,2.814270555973053e-05,0.0,0.1457061767578125,7,1,769024,Deterministic-ShortestPath-4x4-FrozenLake-v0,qppo-Hgog-qlr1.0e-3,Hgog,30
0.00025,0.001,0.003560272976756096,-0.0012116795405745506,1.2928966283798218,-0.012360509485006332,0.0004017166793346405,2.0680483430624008e-05,0.0,-0.08030128479003906,7,1,769536,Deterministic-ShortestPath-4x4-FrozenLake-v0,qppo-Hgog-qlr1.0e-3,Hgog,30
0.00025,0.001,0.012856860645115376,0.0005739908665418625,1.2872675657272339,-0.005870254244655371,-6.6640786826610565e-06,1.2977048754692078e-05,0.0,0.3789234757423401,7,1,770048,Deterministic-ShortestPath-4x4-FrozenLake-v0,qppo-Hgog-qlr1.0e-3,Hgog,30
0.00025,0.001,0.02249436266720295,-0.0004292242228984833,1.2914807796478271,-0.002096850425004959,-9.661819785833359e-05,9.621959179639816e-06,0.0,0.23582470417022705,7,1,770560,Deterministic-ShortestPath-4x4-FrozenLake-v0,qppo-Hgog-qlr1.0e-3,Hgog,30
0.00025,0.001,0.027627620846033096,-0.0001243753358721733,1.2851629257202148,0.0008378056809306145,0.0004824753850698471,3.351503983139992e-05,0.0,0.29029399156570435,7,1,771072,Deterministic-ShortestPath-4x4-FrozenLake-v0,qppo-Hgog-qlr1.0e-3,Hgog,30
0.00025,0.001,0.02439349703490734,-0.00038092397153377533,1.284290075302124,-0.0010270755738019943,0.00047947606071829796,4.330184310674667e-06,0.0,0.2568528652191162,7,1,771584,Deterministic-ShortestPath-4x4-FrozenLake-v0,qppo-Hgog-qlr1.0e-3,Hgog,30
0.00025,0.001,0.028204821050167084,-0.00010120868682861328,1.2731945514678955,0.0012692566961050034,-0.00013041961938142776,2.2957101464271545e-06,0.0,0.3435988426208496,7,1,772096,Deterministic-ShortestPath-4x4-FrozenLake-v0,qppo-Hgog-qlr1.0e-3,Hgog,30
0.00025,0.001,0.012959109619259834,-0.0004974137991666794,1.2844657897949219,-0.006862516514956951,0.0004974203184247017,1.3498123735189438e-05,0.0,0.3553333878517151,7,1,772608,Deterministic-ShortestPath-4x4-FrozenLake-v0,qppo-Hgog-qlr1.0e-3,Hgog,30
0.00025,0.001,0.019611192867159843,-0.0004684925079345703,1.2691254615783691,-0.003354150801897049,-0.0011040298268198967,1.93682499229908e-05,0.0,0.1609053611755371,7,1,773120,Deterministic-ShortestPath-4x4-FrozenLake-v0,qppo-Hgog-qlr1.0e-3,Hgog,30
0.00025,0.001,0.024660808965563774,-0.0005010403692722321,1.2659796476364136,-0.0008304324001073837,-0.0012050233781337738,3.1369272619485855e-05,0.0,0.24145787954330444,7,1,773632,Deterministic-ShortestPath-4x4-FrozenLake-v0,qppo-Hgog-qlr1.0e-3,Hgog,30
0.00025,0.001,0.007960672490298748,-0.00010197237133979797,1.299121379852295,-0.009112849831581116,0.0003295396454632282,1.6938894987106323e-05,0.0,0.11123985052108765,7,1,774144,Deterministic-ShortestPath-4x4-FrozenLake-v0,qppo-Hgog-qlr1.0e-3,Hgog,30
0.00025,0.001,0.014333086088299751,0.00011428981088101864,1.3023288249969482,-0.005742454901337624,6.935000419616699e-05,4.9942173063755035e-06,0.0,0.191650390625,7,1,774656,Deterministic-ShortestPath-4x4-FrozenLake-v0,qppo-Hgog-qlr1.0e-3,Hgog,30
0.00025,0.001,0.012712625786662102,-0.0005179448053240776,1.2773232460021973,-0.006934864446520805,0.0002264445647597313,1.1001713573932648e-05,0.0,0.23741167783737183,7,1,775168,Deterministic-ShortestPath-4x4-FrozenLake-v0,qppo-Hgog-qlr1.0e-3,Hgog,30
0.00025,0.001,0.021609365940093994,0.0005126446485519409,1.271980881690979,-0.0014024805277585983,-0.00025632232427597046,3.107171505689621e-05,0.0,0.26902222633361816,7,1,775680,Deterministic-ShortestPath-4x4-FrozenLake-v0,qppo-Hgog-qlr1.0e-3,Hgog,30
0.00025,0.001,0.01929054595530033,-1.668184995651245e-05,1.2888498306274414,-0.0032599065452814102,0.00023576803505420685,4.942063242197037e-06,0.0,0.4363192915916443,7,1,776192,Deterministic-ShortestPath-4x4-FrozenLake-v0,qppo-Hgog-qlr1.0e-3,Hgog,30
0.00025,0.001,0.008218925446271896,-0.0008769258856773376,1.2763625383377075,-0.009531088173389435,-0.0002927258610725403,1.7556827515363693e-05,0.0,0.30506813526153564,7,1,776704,Deterministic-ShortestPath-4x4-FrozenLake-v0,qppo-Hgog-qlr1.0e-3,Hgog,30
0.00025,0.001,0.005643211305141449,-0.00027285143733024597,1.2913233041763306,-0.010364478453993797,-5.7415105402469635e-05,1.0093208402395248e-05,0.0,-8.827768325805664,7,1,777216,Deterministic-ShortestPath-4x4-FrozenLake-v0,qppo-Hgog-qlr1.0e-3,Hgog,30
0.00025,0.001,0.02873113378882408,-0.0005121566355228424,1.2839391231536865,0.00101401936262846,0.0002485578879714012,1.901388168334961e-05,0.0,0.17700624465942383,7,1,777728,Deterministic-ShortestPath-4x4-FrozenLake-v0,qppo-Hgog-qlr1.0e-3,Hgog,30
0.00025,0.001,0.004364726133644581,-5.731545388698578e-05,1.2892297506332397,-0.010767249390482903,0.00034640543162822723,3.350432962179184e-06,0.0,0.26635193824768066,7,1,778240,Deterministic-ShortestPath-4x4-FrozenLake-v0,qppo-Hgog-qlr1.0e-3,Hgog,30
0.00025,0.001,0.012213301844894886,-0.0002285391092300415,1.2648066282272339,-0.006769953761249781,0.00012941239401698112,8.977949619293213e-07,0.0,0.37036216259002686,7,1,778752,Deterministic-ShortestPath-4x4-FrozenLake-v0,qppo-Hgog-qlr1.0e-3,Hgog,30
0.00025,0.001,0.023082923144102097,0.00016030482947826385,1.2856436967849731,-0.0011546704918146133,0.0005881707184016705,4.2825471609830856e-05,0.0,0.2902272343635559,7,1,779264,Deterministic-ShortestPath-4x4-FrozenLake-v0,qppo-Hgog-qlr1.0e-3,Hgog,30
0.00025,0.001,0.00433703325688839,-0.001241864636540413,1.2892197370529175,-0.011965544894337654,-0.0010295091196894646,4.957709461450577e-05,0.0,-12.828168869018555,7,1,779776,Deterministic-ShortestPath-4x4-FrozenLake-v0,qppo-Hgog-qlr1.0e-3,Hgog,30
0.00025,0.001,0.008587022311985493,-0.00033352524042129517,1.2619280815124512,-0.008659293875098228,9.033363312482834e-05,3.706151619553566e-05,0.0,0.3593732714653015,7,1,780288,Deterministic-ShortestPath-4x4-FrozenLake-v0,qppo-Hgog-qlr1.0e-3,Hgog,30
0.00025,0.001,0.02638772316277027,-0.0002769753336906433,1.270371437072754,0.0002131722867488861,4.914868623018265e-05,1.1757947504520416e-06,0.0,0.27734583616256714,7,1,780800,Deterministic-ShortestPath-4x4-FrozenLake-v0,qppo-Hgog-qlr1.0e-3,Hgog,30
0.00025,0.001,0.010559300892055035,-0.00024983473122119904,1.2980339527130127,-0.007950523868203163,-0.00013919081538915634,5.7248398661613464e-06,0.0,0.10716009140014648,7,1,781312,Deterministic-ShortestPath-4x4-FrozenLake-v0,qppo-Hgog-qlr1.0e-3,Hgog,30
0.00025,0.001,0.003961330745369196,-0.0013122232630848885,1.27582585811615,-0.012089816853404045,0.0009049675427377224,2.6613473892211914e-05,0.0,-6.957283020019531,7,1,781824,Deterministic-ShortestPath-4x4-FrozenLake-v0,qppo-Hgog-qlr1.0e-3,Hgog,30
0.00025,0.001,0.017132919281721115,-2.0781531929969788e-05,1.279878854751587,-0.00425310991704464,-9.320676326751709e-05,3.346707671880722e-06,0.0,0.2612670063972473,7,1,782336,Deterministic-ShortestPath-4x4-FrozenLake-v0,qppo-Hgog-qlr1.0e-3,Hgog,30
0.00025,0.001,0.007324628997594118,-0.0002262219786643982,1.2831705808639526,-0.009395613335072994,-0.00026345904916524887,1.3259239494800568e-05,0.0,-0.00789642333984375,7,1,782848,Deterministic-ShortestPath-4x4-FrozenLake-v0,qppo-Hgog-qlr1.0e-3,Hgog,30
0.00025,0.001,0.0025487833190709352,-0.0006393827497959137,1.2631547451019287,-0.011996537446975708,0.0004987986758351326,3.125937655568123e-05,0.0,0.12400919198989868,7,1,783360,Deterministic-ShortestPath-4x4-FrozenLake-v0,qppo-Hgog-qlr1.0e-3,Hgog,30
0.00025,0.001,0.021119656041264534,-0.000513952225446701,1.268079161643982,-0.0026349155232310295,0.000857754610478878,1.0554678738117218e-05,0.0,0.336381196975708,7,1,783872,Deterministic-ShortestPath-4x4-FrozenLake-v0,qppo-Hgog-qlr1.0e-3,Hgog,30
0.00025,0.001,0.016452578827738762,-1.2853182852268219e-05,1.2704328298568726,-0.004490891471505165,0.0011512450873851776,1.9602011889219284e-05,0.0,0.29270005226135254,7,1,784384,Deterministic-ShortestPath-4x4-FrozenLake-v0,qppo-Hgog-qlr1.0e-3,Hgog,30
0.00025,0.001,0.026740126311779022,-4.0102750062942505e-06,1.2766011953353882,0.000600040890276432,-0.00035761715844273567,1.8202699720859528e-06,0.0,0.10444092750549316,7,1,784896,Deterministic-ShortestPath-4x4-FrozenLake-v0,qppo-Hgog-qlr1.0e-3,Hgog,30
0.00025,0.001,0.0005623287870548666,-0.0008692033588886261,1.2857061624526978,-0.01344509981572628,0.0005566626787185669,1.0906253010034561e-05,0.0,-5.602212429046631,7,1,785408,Deterministic-ShortestPath-4x4-FrozenLake-v0,qppo-Hgog-qlr1.0e-3,Hgog,30
0.00025,0.001,0.03158005326986313,-0.00016315467655658722,1.2765899896621704,0.0028609726577997208,0.00025450345128774643,5.409121513366699e-06,0.0,0.17567884922027588,7,1,785920,Deterministic-ShortestPath-4x4-FrozenLake-v0,qppo-Hgog-qlr1.0e-3,Hgog,30
0.00025,0.001,0.029045863077044487,1.2828037142753601e-05,1.2771769762039185,0.0017639901489019394,0.00011636177077889442,1.0295771062374115e-06,0.0,0.29272550344467163,7,1,786432,Deterministic-ShortestPath-4x4-FrozenLake-v0,qppo-Hgog-qlr1.0e-3,Hgog,30
0.00025,0.001,0.025757698342204094,0.00012242142111063004,1.2660386562347412,0.0003408845514059067,9.342096745967865e-06,3.91155481338501e-07,0.0,0.2824931740760803,7,1,786944,Deterministic-ShortestPath-4x4-FrozenLake-v0,qppo-Hgog-qlr1.0e-3,Hgog,30
0.00025,0.001,0.0340668149292469,-0.00024027004837989807,1.295046091079712,0.003842676989734173,-8.90018418431282e-06,4.1406601667404175e-06,0.0,0.08836668729782104,7,1,787456,Deterministic-ShortestPath-4x4-FrozenLake-v0,qppo-Hgog-qlr1.0e-3,Hgog,30
0.00025,0.001,0.028619350865483284,-0.0002638865262269974,1.267884612083435,0.001366943120956421,7.488531991839409e-05,6.584450602531433e-07,0.0,0.27631694078445435,7,1,787968,Deterministic-ShortestPath-4x4-FrozenLake-v0,qppo-Hgog-qlr1.0e-3,Hgog,30
0.00025,0.001,0.007634284440428019,0.0012045986950397491,1.280068278312683,-0.0077789416536688805,0.0006753299385309219,3.2602809369564056e-05,0.0,0.08371150493621826,7,1,788480,Deterministic-ShortestPath-4x4-FrozenLake-v0,qppo-Hgog-qlr1.0e-3,Hgog,30
0.00025,0.001,0.03099803626537323,0.00013023894280195236,1.2579119205474854,0.0030501382425427437,1.822924241423607e-05,7.552560418844223e-06,0.0,0.3728058338165283,7,1,788992,Deterministic-ShortestPath-4x4-FrozenLake-v0,qppo-Hgog-qlr1.0e-3,Hgog,30
0.00025,0.001,0.020154844969511032,-0.0006855912506580353,1.2749696969985962,-0.00335786584764719,0.0006520729511976242,1.952424645423889e-05,0.0,0.2141948938369751,7,1,789504,Deterministic-ShortestPath-4x4-FrozenLake-v0,qppo-Hgog-qlr1.0e-3,Hgog,30
0.00025,0.001,0.019766198471188545,9.04640182852745e-05,1.266370415687561,-0.0026901401579380035,0.0002627884969115257,1.9599683582782745e-06,0.0,0.30083173513412476,7,1,790016,Deterministic-ShortestPath-4x4-FrozenLake-v0,qppo-Hgog-qlr1.0e-3,Hgog,30
0.00025,0.001,0.027613896876573563,-2.6794150471687317e-06,1.2696139812469482,0.001108129508793354,0.0004831533879041672,3.3078715205192566e-05,0.0,0.26538389921188354,7,1,790528,Deterministic-ShortestPath-4x4-FrozenLake-v0,qppo-Hgog-qlr1.0e-3,Hgog,30
0.00025,0.001,0.0100360456854105,9.855255484580994e-05,1.2717229127883911,-0.007600652985274792,0.000256852712482214,7.417984306812286e-06,0.0,0.3197789192199707,7,1,791040,Deterministic-ShortestPath-4x4-FrozenLake-v0,qppo-Hgog-qlr1.0e-3,Hgog,30
0.00025,0.001,0.031266264617443085,-0.0004645697772502899,1.2771649360656738,0.00239691324532032,0.0006579943001270294,1.249881461262703e-05,0.0,0.3561684489250183,7,1,791552,Deterministic-ShortestPath-4x4-FrozenLake-v0,qppo-Hgog-qlr1.0e-3,Hgog,30
0.00025,0.001,0.02973613329231739,0.0003009233623743057,1.281076431274414,0.002358226105570793,-6.438558921217918e-05,7.582362741231918e-06,0.0,0.28428465127944946,7,1,792064,Deterministic-ShortestPath-4x4-FrozenLake-v0,qppo-Hgog-qlr1.0e-3,Hgog,30
0.00025,0.001,0.009299143217504025,-0.0026055295020341873,1.2748967409133911,-0.010704925283789635,0.0029098717495799065,9.902892634272575e-05,0.0,-18.54806137084961,7,1,792576,Deterministic-ShortestPath-4x4-FrozenLake-v0,qppo-Hgog-qlr1.0e-3,Hgog,30
0.00025,0.001,0.03759453818202019,0.00019922852516174316,1.260892391204834,0.006387573666870594,-0.0008089933544397354,2.715224400162697e-05,0.0,0.288904070854187,7,1,793088,Deterministic-ShortestPath-4x4-FrozenLake-v0,qppo-Hgog-qlr1.0e-3,Hgog,30
0.00025,0.001,0.018757939338684082,-0.000413648784160614,1.2680522203445435,-0.0037152012810111046,0.0005645947530865669,9.56142321228981e-06,0.0,0.2938525080680847,7,1,793600,Deterministic-ShortestPath-4x4-FrozenLake-v0,qppo-Hgog-qlr1.0e-3,Hgog,30
0.00025,0.001,0.004524589981883764,-0.0009444588795304298,1.2981958389282227,-0.01166412141174078,-7.283687591552734e-05,7.255002856254578e-06,0.0,0.23318088054656982,7,1,794112,Deterministic-ShortestPath-4x4-FrozenLake-v0,qppo-Hgog-qlr1.0e-3,Hgog,30
0.00025,0.001,0.0148021774366498,-0.00013474933803081512,1.2754755020141602,-0.005488415714353323,-0.00030501605942845345,1.7910264432430267e-05,0.0,0.22550201416015625,7,1,794624,Deterministic-ShortestPath-4x4-FrozenLake-v0,qppo-Hgog-qlr1.0e-3,Hgog,30
0.00025,0.001,0.01582271419465542,-0.0006243172101676464,1.2373825311660767,-0.00508678425103426,0.0013405480422079563,2.831360325217247e-05,0.0,0.3809044361114502,7,1,795136,Deterministic-ShortestPath-4x4-FrozenLake-v0,qppo-Hgog-qlr1.0e-3,Hgog,30
0.00025,0.001,0.029824648052453995,-0.0019214190542697906,1.2730084657669067,0.0002608206123113632,0.002542991191148758,5.385512486100197e-05,0.0,0.27405834197998047,7,1,795648,Deterministic-ShortestPath-4x4-FrozenLake-v0,qppo-Hgog-qlr1.0e-3,Hgog,30
0.00025,0.001,0.027788151055574417,-0.0012343265116214752,1.265197992324829,7.769092917442322e-06,-0.000664037186652422,6.615323945879936e-05,0.0,0.22371447086334229,7,1,796160,Deterministic-ShortestPath-4x4-FrozenLake-v0,qppo-Hgog-qlr1.0e-3,Hgog,30
0.00025,0.001,0.014633291400969028,-0.001521349884569645,1.297653317451477,-0.007181236986070871,3.118067979812622e-06,5.9460289776325226e-05,0.0,0.30290311574935913,7,1,796672,Deterministic-ShortestPath-4x4-FrozenLake-v0,qppo-Hgog-qlr1.0e-3,Hgog,30
0.00025,0.001,0.020136423408985138,-6.400421261787415e-05,1.279994010925293,-0.002795732580125332,-0.00025209179148077965,2.553081139922142e-05,0.0,0.2601369619369507,7,1,797184,Deterministic-ShortestPath-4x4-FrozenLake-v0,qppo-Hgog-qlr1.0e-3,Hgog,30
0.00025,0.001,0.006737759802490473,6.870529614388943e-05,1.2858811616897583,-0.009421226568520069,-3.7564896047115326e-05,2.9481016099452972e-06,0.0,0.003690063953399658,7,1,797696,Deterministic-ShortestPath-4x4-FrozenLake-v0,qppo-Hgog-qlr1.0e-3,Hgog,30
0.00025,0.001,0.009763079695403576,0.0001109149307012558,1.2854444980621338,-0.007861990481615067,-0.0001536346971988678,8.031260222196579e-06,0.0,0.4196605682373047,7,1,798208,Deterministic-ShortestPath-4x4-FrozenLake-v0,qppo-Hgog-qlr1.0e-3,Hgog,30
0.00025,0.001,0.0507885105907917,0.00017628446221351624,1.2696521282196045,0.012874018400907516,-3.612786531448364e-05,4.7157518565654755e-06,0.0,0.4308226704597473,7,1,798720,Deterministic-ShortestPath-4x4-FrozenLake-v0,qppo-Hgog-qlr1.0e-3,Hgog,30
0.00025,0.001,0.020663993433117867,-0.00036550313234329224,1.2824196815490723,-0.002857702784240246,-0.00025940872728824615,5.298573523759842e-05,0.0,0.31167346239089966,7,1,799232,Deterministic-ShortestPath-4x4-FrozenLake-v0,qppo-Hgog-qlr1.0e-3,Hgog,30
0.00025,0.001,0.02125125750899315,-0.000326281413435936,1.2864024639129639,-0.0025646770372986794,-0.00029632914811372757,2.5422312319278717e-05,0.0,0.2989993095397949,7,1,799744,Deterministic-ShortestPath-4x4-FrozenLake-v0,qppo-Hgog-qlr1.0e-3,Hgog,30
0.00025,0.001,0.014971096068620682,-6.677396595478058e-05,1.2914743423461914,-0.005495969206094742,0.0004420531913638115,5.757901817560196e-06,0.0,0.065188467502594,7,1,800256,Deterministic-ShortestPath-4x4-FrozenLake-v0,qppo-Hgog-qlr1.0e-3,Hgog,30
0.00025,0.001,0.023581363260746002,-0.0002994127571582794,1.2726340293884277,-0.0012350715696811676,0.0003304043784737587,7.915310561656952e-06,0.0,0.39240115880966187,7,1,800768,Deterministic-ShortestPath-4x4-FrozenLake-v0,qppo-Hgog-qlr1.0e-3,Hgog,30
0.00025,0.001,0.021494608372449875,-0.0008086627349257469,1.2803514003753662,-0.0028648721054196358,-0.0004268959164619446,1.110415905714035e-05,0.0,0.3365538716316223,7,1,801280,Deterministic-ShortestPath-4x4-FrozenLake-v0,qppo-Hgog-qlr1.0e-3,Hgog,30
0.00025,0.001,0.03790196403861046,0.0004131365567445755,1.2748985290527344,0.006615133956074715,-0.001524146180599928,1.4564022421836853e-05,0.0,0.2284640073776245,7,1,801792,Deterministic-ShortestPath-4x4-FrozenLake-v0,qppo-Hgog-qlr1.0e-3,Hgog,30
0.00025,0.001,0.011254115961492062,9.027495980262756e-05,1.2612358331680298,-0.006895024795085192,-0.000475333072245121,1.2220349162817001e-05,0.0,0.41682660579681396,7,1,802304,Deterministic-ShortestPath-4x4-FrozenLake-v0,qppo-Hgog-qlr1.0e-3,Hgog,30
0.00025,0.001,0.024287838488817215,-0.00027407705783843994,1.2797101736068726,-0.0009272592142224312,-0.00025177840143442154,9.865500032901764e-06,0.0,0.3988686203956604,7,1,802816,Deterministic-ShortestPath-4x4-FrozenLake-v0,qppo-Hgog-qlr1.0e-3,Hgog,30
0.00025,0.001,0.029163416475057602,-0.00017360970377922058,1.2693740129470825,0.001714359037578106,4.625832661986351e-05,1.6978010535240173e-06,0.0,0.5155920386314392,7,1,803328,Deterministic-ShortestPath-4x4-FrozenLake-v0,qppo-Hgog-qlr1.0e-3,Hgog,30
0.00025,0.001,0.007395630702376366,-0.0007569324225187302,1.285967469215393,-0.009918791241943836,0.0005439557135105133,1.7939601093530655e-05,0.0,0.08782315254211426,7,1,803840,Deterministic-ShortestPath-4x4-FrozenLake-v0,qppo-Hgog-qlr1.0e-3,Hgog,30
0.00025,0.001,0.035003963857889175,8.900277316570282e-05,1.2873839139938354,0.004717146046459675,0.0002233339473605156,3.409571945667267e-06,0.0,0.35786086320877075,7,1,804352,Deterministic-ShortestPath-4x4-FrozenLake-v0,qppo-Hgog-qlr1.0e-3,Hgog,30
0.00025,0.001,0.018398769199848175,0.0001912340521812439,1.299081563949585,-0.0036001969128847122,4.043104127049446e-05,6.851274520158768e-06,0.0,0.37904685735702515,7,1,804864,Deterministic-ShortestPath-4x4-FrozenLake-v0,qppo-Hgog-qlr1.0e-3,Hgog,30
0.00025,0.001,0.02752196043729782,-8.003786206245422e-05,1.2852942943572998,0.0008279997855424881,0.00010530371218919754,1.4860183000564575e-05,0.0,0.19837874174118042,7,1,805376,Deterministic-ShortestPath-4x4-FrozenLake-v0,qppo-Hgog-qlr1.0e-3,Hgog,30
0.00025,0.001,0.004366208799183369,4.1447579860687256e-05,1.2794376611709595,-0.010569823905825615,-8.898228406906128e-05,1.1601019650697708e-05,0.0,0.46630871295928955,7,1,805888,Deterministic-ShortestPath-4x4-FrozenLake-v0,qppo-Hgog-qlr1.0e-3,Hgog,30
0.00025,0.001,0.03103531152009964,-0.0003894586116075516,1.2886850833892822,0.0022413469851017,-3.815349191427231e-05,3.9931852370500565e-05,0.0,0.2662261128425598,7,1,806400,Deterministic-ShortestPath-4x4-FrozenLake-v0,qppo-Hgog-qlr1.0e-3,Hgog,30
0.00025,0.001,0.002133928705006838,-0.00022404640913009644,1.2682914733886719,-0.01183999702334404,0.00047549139708280563,5.813781172037125e-06,0.0,0.5765067338943481,7,1,806912,Deterministic-ShortestPath-4x4-FrozenLake-v0,qppo-Hgog-qlr1.0e-3,Hgog,30
0.00025,0.001,0.01789274252951145,-0.0006508138030767441,1.2666090726852417,-0.004370532929897308,0.0010657953098416328,1.659989356994629e-05,0.0,0.07735347747802734,7,1,807424,Deterministic-ShortestPath-4x4-FrozenLake-v0,qppo-Hgog-qlr1.0e-3,Hgog,30
0.00025,0.001,0.012188456021249294,0.000172328669577837,1.2912914752960205,-0.0066463579423725605,-0.00033191125839948654,4.29064966738224e-05,0.0,0.264751136302948,7,1,807936,Deterministic-ShortestPath-4x4-FrozenLake-v0,qppo-Hgog-qlr1.0e-3,Hgog,30
0.00025,0.001,0.02928577922284603,-0.0010827146470546722,1.2854574918746948,0.0007056007161736488,0.0007970677688717842,5.8389268815517426e-05,0.0,0.39264458417892456,7,1,808448,Deterministic-ShortestPath-4x4-FrozenLake-v0,qppo-Hgog-qlr1.0e-3,Hgog,30
0.00025,0.001,0.011139546521008015,0.0001399638131260872,1.2803088426589966,-0.0070933508686721325,8.448213338851929e-05,8.11014324426651e-05,0.0,0.21990561485290527,7,1,808960,Deterministic-ShortestPath-4x4-FrozenLake-v0,qppo-Hgog-qlr1.0e-3,Hgog,30
0.00025,0.001,0.03654467687010765,-0.0013491115532815456,1.2802002429962158,0.004121225327253342,-0.0012346692383289337,0.00013049133121967316,0.0,0.42900151014328003,7,1,809472,Deterministic-ShortestPath-4x4-FrozenLake-v0,qppo-Hgog-qlr1.0e-3,Hgog,30
0.00025,0.001,0.01732451282441616,0.0011381227523088455,1.2982838153839111,-0.0031824586912989616,0.0007888181135058403,5.4162926971912384e-05,0.0,0.4148406386375427,7,1,809984,Deterministic-ShortestPath-4x4-FrozenLake-v0,qppo-Hgog-qlr1.0e-3,Hgog,30
0.00025,0.001,0.02664134092628956,-0.00017920508980751038,1.2944753170013428,0.00019671209156513214,0.00036014942452311516,1.605786383152008e-05,0.0,0.24153512716293335,7,1,810496,Deterministic-ShortestPath-4x4-FrozenLake-v0,qppo-Hgog-qlr1.0e-3,Hgog,30
0.00025,0.001,0.025500744581222534,0.00029497966170310974,1.29483962059021,9.6956267952919e-05,-0.00024679116904735565,3.3178366720676422e-06,0.0,0.24067270755767822,7,1,811008,Deterministic-ShortestPath-4x4-FrozenLake-v0,qppo-Hgog-qlr1.0e-3,Hgog,30
0.00025,0.001,0.02464073896408081,3.168080002069473e-05,1.2796329259872437,-0.0004442790523171425,0.00038421154022216797,2.819579094648361e-06,0.0,0.11877918243408203,7,1,811520,Deterministic-ShortestPath-4x4-FrozenLake-v0,qppo-Hgog-qlr1.0e-3,Hgog,30
0.00025,0.001,0.024538284167647362,0.00012034457176923752,1.2944626808166504,-0.0005551399663090706,0.00013884902000427246,5.303416401147842e-06,0.0,0.23630410432815552,7,1,812032,Deterministic-ShortestPath-4x4-FrozenLake-v0,qppo-Hgog-qlr1.0e-3,Hgog,30
0.00025,0.001,0.03275732323527336,-0.001982487039640546,1.2841389179229736,0.0015547862276434898,-3.7701334804296494e-05,3.2810028642416e-05,0.0,0.19711196422576904,7,1,812544,Deterministic-ShortestPath-4x4-FrozenLake-v0,qppo-Hgog-qlr1.0e-3,Hgog,30
0.00025,0.001,0.03009985387325287,-0.000790460268035531,1.288575291633606,0.0013737138360738754,0.0009815134108066559,5.3720083087682724e-05,0.0,0.11962753534317017,7,1,813056,Deterministic-ShortestPath-4x4-FrozenLake-v0,qppo-Hgog-qlr1.0e-3,Hgog,30
0.00025,0.001,0.009411188773810863,-0.00168643519282341,1.3030073642730713,-0.010010914877057076,0.0006307214498519897,7.929466664791107e-05,0.0,0.02979731559753418,7,1,813568,Deterministic-ShortestPath-4x4-FrozenLake-v0,qppo-Hgog-qlr1.0e-3,Hgog,30
0.00025,0.001,0.03563477843999863,-0.0014639832079410553,1.2850117683410645,0.0035032890737056732,0.0013314164243638515,9.981589391827583e-05,0.0,0.37920600175857544,7,1,814080,Deterministic-ShortestPath-4x4-FrozenLake-v0,qppo-Hgog-qlr1.0e-3,Hgog,30
0.00025,0.001,0.015780705958604813,-0.0014972267672419548,1.2985032796859741,-0.00659190583974123,0.0009400597773492336,6.123771890997887e-05,0.0,-0.0015083551406860352,7,1,814592,Deterministic-ShortestPath-4x4-FrozenLake-v0,qppo-Hgog-qlr1.0e-3,Hgog,30
0.00025,0.001,0.010371297597885132,-0.0010524578392505646,1.3149858713150024,-0.009016667492687702,0.000599999912083149,0.00010480731725692749,0.0,0.34472376108169556,7,1,815104,Deterministic-ShortestPath-4x4-FrozenLake-v0,qppo-Hgog-qlr1.0e-3,Hgog,30
0.00025,0.001,0.04570663347840309,-0.0006581936031579971,1.3072420358657837,0.009122703224420547,0.001215234398841858,7.020588964223862e-05,0.0,0.2380540370941162,7,1,815616,Deterministic-ShortestPath-4x4-FrozenLake-v0,qppo-Hgog-qlr1.0e-3,Hgog,30
0.00025,0.001,0.029018450528383255,-0.00036125071346759796,1.2961106300354004,0.0011868681758642197,0.00011624861508607864,1.838942989706993e-05,0.0,0.21555167436599731,7,1,816128,Deterministic-ShortestPath-4x4-FrozenLake-v0,qppo-Hgog-qlr1.0e-3,Hgog,30
0.00025,0.001,0.027579210698604584,0.0002982020378112793,1.3009713888168335,0.0010780934244394302,0.00027584703639149666,1.316610723733902e-05,0.0,0.26345282793045044,7,1,816640,Deterministic-ShortestPath-4x4-FrozenLake-v0,qppo-Hgog-qlr1.0e-3,Hgog,30
0.00025,0.001,0.03434952348470688,-0.0006625950336456299,1.2992393970489502,0.003519773483276367,0.000988135114312172,3.165518864989281e-05,0.0,0.24040305614471436,7,1,817152,Deterministic-ShortestPath-4x4-FrozenLake-v0,qppo-Hgog-qlr1.0e-3,Hgog,30
0.00025,0.001,0.016214927658438683,-0.0014573987573385239,1.307239055633545,-0.006422325037419796,0.000481968279927969,3.6106910556554794e-05,0.0,0.210771381855011,7,1,817664,Deterministic-ShortestPath-4x4-FrozenLake-v0,qppo-Hgog-qlr1.0e-3,Hgog,30
0.00025,0.001,0.0052147600799798965,-0.0013393540866672993,1.298346757888794,-0.011715441010892391,0.0007481309585273266,6.400188431143761e-05,0.0,0.3026759624481201,7,1,818176,Deterministic-ShortestPath-4x4-FrozenLake-v0,qppo-Hgog-qlr1.0e-3,Hgog,30
0.00025,0.001,0.03293995186686516,0.0015015192329883575,1.3033326864242554,0.004938168451189995,-0.0017395871691405773,0.00022999988868832588,0.0,0.22004437446594238,7,1,818688,Deterministic-ShortestPath-4x4-FrozenLake-v0,qppo-Hgog-qlr1.0e-3,Hgog,30
0.00025,0.001,0.015451016835868359,-0.0006251800805330276,1.3209725618362427,-0.006109397392719984,-4.576193168759346e-05,1.3255979865789413e-05,0.0,0.17641383409500122,7,1,819200,Deterministic-ShortestPath-4x4-FrozenLake-v0,qppo-Hgog-qlr1.0e-3,Hgog,30
0.00025,0.001,0.04986576735973358,-8.609890937805176e-05,1.2977838516235352,0.011868946254253387,-0.0003245677798986435,0.00013695796951651573,0.0,0.1463199257850647,7,1,819712,Deterministic-ShortestPath-4x4-FrozenLake-v0,qppo-Hgog-qlr1.0e-3,Hgog,30
0.00025,0.001,0.03019217774271965,-0.001996152102947235,1.2994104623794556,0.00010583270341157913,-0.00027115270495414734,0.00011159852147102356,0.0,0.274385929107666,7,1,820224,Deterministic-ShortestPath-4x4-FrozenLake-v0,qppo-Hgog-qlr1.0e-3,Hgog,30
0.00025,0.001,0.02001400850713253,0.00038055703043937683,1.3083375692367554,-0.002695813775062561,-0.000761957373470068,5.828682333230972e-05,0.0,0.2769249677658081,7,1,820736,Deterministic-ShortestPath-4x4-FrozenLake-v0,qppo-Hgog-qlr1.0e-3,Hgog,30
0.00025,0.001,0.029483763501048088,-0.0018480680882930756,1.2996103763580322,-0.00010228995233774185,0.0009086886420845985,7.902923971414566e-05,0.0,0.19700920581817627,7,1,821248,Deterministic-ShortestPath-4x4-FrozenLake-v0,qppo-Hgog-qlr1.0e-3,Hgog,30
0.00025,0.001,0.009518205188214779,0.00012740399688482285,1.3104643821716309,-0.008218137547373772,0.00028836121782660484,1.7284881323575974e-05,0.0,0.392919659614563,7,1,821760,Deterministic-ShortestPath-4x4-FrozenLake-v0,qppo-Hgog-qlr1.0e-3,Hgog,30
0.00025,0.001,0.016030047088861465,-0.0007022842764854431,1.2900527715682983,-0.005587788298726082,-0.0010372595861554146,2.7675647288560867e-05,0.0,0.2927423119544983,7,1,822272,Deterministic-ShortestPath-4x4-FrozenLake-v0,qppo-Hgog-qlr1.0e-3,Hgog,30
0.00025,0.001,0.0372975654900074,-9.39592719078064e-05,1.3031455278396606,0.005523368716239929,0.00033247750252485275,3.3740419894456863e-05,0.0,0.2699618935585022,7,1,822784,Deterministic-ShortestPath-4x4-FrozenLake-v0,qppo-Hgog-qlr1.0e-3,Hgog,30
0.00025,0.001,0.017608651891350746,-0.00089238490909338,1.2960633039474487,-0.0050486912950873375,0.0004763863980770111,7.594563066959381e-05,0.0,0.16349035501480103,7,1,823296,Deterministic-ShortestPath-4x4-FrozenLake-v0,qppo-Hgog-qlr1.0e-3,Hgog,30
0.00025,0.001,0.011111874133348465,-0.0008813068270683289,1.3015028238296509,-0.008340397849678993,0.0013574892655014992,6.555533036589622e-05,0.0,0.22580963373184204,7,1,823808,Deterministic-ShortestPath-4x4-FrozenLake-v0,qppo-Hgog-qlr1.0e-3,Hgog,30
0.00025,0.001,0.022497832775115967,0.00012710317969322205,1.291426420211792,-0.0015382440760731697,0.0005750488489866257,2.2653955966234207e-05,0.0,0.3439316153526306,7,1,824320,Deterministic-ShortestPath-4x4-FrozenLake-v0,qppo-Hgog-qlr1.0e-3,Hgog,30
0.00025,0.001,0.028440244495868683,-0.00048801302909851074,1.2936588525772095,0.0007955208420753479,0.0007043331861495972,2.529378980398178e-05,0.0,0.38301533460617065,7,1,824832,Deterministic-ShortestPath-4x4-FrozenLake-v0,qppo-Hgog-qlr1.0e-3,Hgog,30
0.00025,0.001,0.0029269526712596416,0.0008460516110062599,1.295245885848999,-0.010642929933965206,-0.00011880602687597275,1.3836659491062164e-05,0.0,-0.07305192947387695,7,1,825344,Deterministic-ShortestPath-4x4-FrozenLake-v0,qppo-Hgog-qlr1.0e-3,Hgog,30
0.00025,0.001,0.03033384494483471,-1.2165866792201996e-05,1.2924236059188843,0.0022305212914943695,0.0014780363999307156,5.6916847825050354e-05,0.0,0.35144245624542236,7,1,825856,Deterministic-ShortestPath-4x4-FrozenLake-v0,qppo-Hgog-qlr1.0e-3,Hgog,30
0.00025,0.001,0.0240603256970644,-0.0003583962097764015,1.309343695640564,-0.0014216704294085503,-5.313660949468613e-06,1.4210119843482971e-05,0.0,0.25628334283828735,7,1,826368,Deterministic-ShortestPath-4x4-FrozenLake-v0,qppo-Hgog-qlr1.0e-3,Hgog,30
0.00025,0.001,0.025262925773859024,-8.002482354640961e-05,1.2831058502197266,-0.00027962028980255127,0.0004192194901406765,1.5081837773323059e-05,0.0,0.03664332628250122,7,1,826880,Deterministic-ShortestPath-4x4-FrozenLake-v0,qppo-Hgog-qlr1.0e-3,Hgog,30
0.00025,0.001,0.021335909143090248,-0.0015606973320245743,1.270839810371399,-0.0036011403426527977,0.001139866653829813,2.328166738152504e-05,0.0,0.24165749549865723,7,1,827392,Deterministic-ShortestPath-4x4-FrozenLake-v0,qppo-Hgog-qlr1.0e-3,Hgog,30
0.00025,0.001,0.036770690232515335,8.545070886611938e-05,1.2829656600952148,0.0056411391124129295,0.0017064493149518967,4.570232704281807e-05,0.0,0.22266507148742676,7,1,827904,Deterministic-ShortestPath-4x4-FrozenLake-v0,qppo-Hgog-qlr1.0e-3,Hgog,30
0.00025,0.001,0.008891955949366093,-0.000756455585360527,1.293412685394287,-0.009244604036211967,0.0005782591179013252,2.8511974960565567e-05,0.0,-0.20774316787719727,7,1,828416,Deterministic-ShortestPath-4x4-FrozenLake-v0,qppo-Hgog-qlr1.0e-3,Hgog,30
0.00025,0.001,0.033917855471372604,-0.0008142730221152306,1.2882095575332642,0.0032625598832964897,-9.540421888232231e-05,9.263865649700165e-06,0.0,0.4399530291557312,7,1,828928,Deterministic-ShortestPath-4x4-FrozenLake-v0,qppo-Hgog-qlr1.0e-3,Hgog,30
0.00025,0.001,0.01797444000840187,-0.0006414130330085754,1.2975683212280273,-0.004629875533282757,0.0004366370849311352,2.6406720280647278e-05,0.0,0.07908225059509277,7,1,829440,Deterministic-ShortestPath-4x4-FrozenLake-v0,qppo-Hgog-qlr1.0e-3,Hgog,30
0.00025,0.001,0.047625765204429626,0.00026551075279712677,1.3012958765029907,0.011065434664487839,-0.000559238251298666,2.5769229978322983e-05,0.0,0.3002767562866211,7,1,829952,Deterministic-ShortestPath-4x4-FrozenLake-v0,qppo-Hgog-qlr1.0e-3,Hgog,30
0.00025,0.001,0.02017894759774208,0.0008250456303358078,1.285610556602478,-0.0019415859133005142,0.0001114262267947197,1.5010125935077667e-05,0.0,0.276350200176239,7,1,830464,Deterministic-ShortestPath-4x4-FrozenLake-v0,qppo-Hgog-qlr1.0e-3,Hgog,30
0.00025,0.001,0.017000695690512657,0.0002694651484489441,1.2693824768066406,-0.003924011252820492,6.902962923049927e-05,3.362540155649185e-06,0.0,0.3387606143951416,7,1,830976,Deterministic-ShortestPath-4x4-FrozenLake-v0,qppo-Hgog-qlr1.0e-3,Hgog,30
0.00025,0.001,0.01405683346092701,-0.00019625527784228325,1.280266284942627,-0.0059705013409256935,-0.00010894658043980598,2.266187220811844e-05,0.0,0.018386483192443848,7,1,831488,Deterministic-ShortestPath-4x4-FrozenLake-v0,qppo-Hgog-qlr1.0e-3,Hgog,30
0.00025,0.001,0.0347222276031971,-0.0006146654486656189,1.2792543172836304,0.003953905776143074,-0.0006153658032417297,3.881193697452545e-05,0.0,0.24528038501739502,7,1,832000,Deterministic-ShortestPath-4x4-FrozenLake-v0,qppo-Hgog-qlr1.0e-3,Hgog,30
0.00025,0.001,0.02858950011432171,0.00017742253839969635,1.280354619026184,0.0016686264425516129,0.0002772631123661995,7.319264113903046e-06,0.0,0.28270602226257324,7,1,832512,Deterministic-ShortestPath-4x4-FrozenLake-v0,qppo-Hgog-qlr1.0e-3,Hgog,30
0.00025,0.001,0.005971050355583429,-0.0006927065551280975,1.2922760248184204,-0.010629941709339619,-5.873618647456169e-05,1.7053913325071335e-05,0.0,0.2491534948348999,7,1,833024,Deterministic-ShortestPath-4x4-FrozenLake-v0,qppo-Hgog-qlr1.0e-3,Hgog,30
0.00025,0.001,0.024421488866209984,-0.00030682142823934555,1.282392978668213,-0.0009200060740113258,8.832290768623352e-05,4.923483356833458e-05,0.0,0.3008153438568115,7,1,833536,Deterministic-ShortestPath-4x4-FrozenLake-v0,qppo-Hgog-qlr1.0e-3,Hgog,30
0.00025,0.001,0.03223319724202156,-6.680190563201904e-05,1.2785230875015259,0.0032645659521222115,-0.0006417497061192989,3.3639371395111084e-06,0.0,0.3139893412590027,7,1,834048,Deterministic-ShortestPath-4x4-FrozenLake-v0,qppo-Hgog-qlr1.0e-3,Hgog,30
0.00025,0.001,0.015594648197293282,-0.0004193577915430069,1.2772717475891113,-0.005394751206040382,-0.00014467770233750343,1.4136545360088348e-05,0.0,0.2654697299003601,7,1,834560,Deterministic-ShortestPath-4x4-FrozenLake-v0,qppo-Hgog-qlr1.0e-3,Hgog,30
0.00025,0.001,0.029040997847914696,-3.4300610423088074e-05,1.2856905460357666,0.0016292929649353027,0.00018038786947727203,5.582766607403755e-05,0.0,0.4469364881515503,7,1,835072,Deterministic-ShortestPath-4x4-FrozenLake-v0,qppo-Hgog-qlr1.0e-3,Hgog,30
0.00025,0.001,0.014572642743587494,-0.00033725425601005554,1.2690002918243408,-0.005740935914218426,0.00011904630810022354,8.02767463028431e-05,0.0,0.3896317481994629,7,1,835584,Deterministic-ShortestPath-4x4-FrozenLake-v0,qppo-Hgog-qlr1.0e-3,Hgog,30
0.00025,0.001,0.015013786032795906,0.0006605256348848343,1.2887595891952515,-0.004720176570117474,0.0005680220201611519,1.527136191725731e-05,0.0,0.055198848247528076,7,1,836096,Deterministic-ShortestPath-4x4-FrozenLake-v0,qppo-Hgog-qlr1.0e-3,Hgog,30
0.00025,0.001,0.044129036366939545,2.063065767288208e-05,1.2792202234268188,0.009292947128415108,0.0005091913044452667,9.974930435419083e-06,0.0,0.2917967438697815,7,1,836608,Deterministic-ShortestPath-4x4-FrozenLake-v0,qppo-Hgog-qlr1.0e-3,Hgog,30
0.00025,0.001,0.025887230411171913,-0.00024670548737049103,1.2862409353256226,-0.000165499746799469,0.0012417184188961983,2.2907275706529617e-05,0.0,0.12763941287994385,7,1,837120,Deterministic-ShortestPath-4x4-FrozenLake-v0,qppo-Hgog-qlr1.0e-3,Hgog,30
0.00025,0.001,0.010499115101993084,8.530169725418091e-05,1.2987648248672485,-0.0076527888886630535,-0.0004066252149641514,7.484108209609985e-06,0.0,-0.4504789113998413,7,1,837632,Deterministic-ShortestPath-4x4-FrozenLake-v0,qppo-Hgog-qlr1.0e-3,Hgog,30
0.00025,0.001,0.01554777193814516,-0.0003382638096809387,1.2786500453948975,-0.005350877996534109,-5.694711580872536e-05,5.239620804786682e-06,0.0,0.14568084478378296,7,1,838144,Deterministic-ShortestPath-4x4-FrozenLake-v0,qppo-Hgog-qlr1.0e-3,Hgog,30
0.00025,0.001,0.01300514955073595,-0.0008617807179689407,1.2985641956329346,-0.00734484801068902,-0.00022836122661828995,7.1963295340538025e-06,0.0,0.42404645681381226,7,1,838656,Deterministic-ShortestPath-4x4-FrozenLake-v0,qppo-Hgog-qlr1.0e-3,Hgog,30
0.00025,0.001,0.020983140915632248,-0.0008060857653617859,1.2926886081695557,-0.0032414011657238007,-9.344425052404404e-05,2.11130827665329e-06,0.0,0.3362998962402344,7,1,839168,Deterministic-ShortestPath-4x4-FrozenLake-v0,qppo-Hgog-qlr1.0e-3,Hgog,30
0.00025,0.001,0.017300168052315712,-0.0012900987640023232,1.2894887924194336,-0.005534902215003967,0.0005535110831260681,2.8323382139205933e-05,0.0,0.192466139793396,7,1,839680,Deterministic-ShortestPath-4x4-FrozenLake-v0,qppo-Hgog-qlr1.0e-3,Hgog,30
0.00025,0.001,0.033802181482315063,0.00019412580877542496,1.2809809446334839,0.00428540725260973,-0.0009719044901430607,2.646399661898613e-05,0.0,0.2697001099586487,7,1,840192,Deterministic-ShortestPath-4x4-FrozenLake-v0,qppo-Hgog-qlr1.0e-3,Hgog,30
0.00025,0.001,0.0026255075354129076,-0.00020747259259223938,1.3039060831069946,-0.01193377934396267,0.0003988286480307579,2.3049768060445786e-05,0.0,0.1965155005455017,7,1,840704,Deterministic-ShortestPath-4x4-FrozenLake-v0,qppo-Hgog-qlr1.0e-3,Hgog,30
0.00025,0.001,0.027354681864380836,-0.00012551061809062958,1.283892273902893,0.0007129078730940819,0.0001500239595770836,2.9569491744041443e-06,0.0,0.33641862869262695,7,1,841216,Deterministic-ShortestPath-4x4-FrozenLake-v0,qppo-Hgog-qlr1.0e-3,Hgog,30
0.00025,0.001,0.015561255626380444,-0.0007167309522628784,1.2817661762237549,-0.005753764417022467,0.0008541806600987911,2.1177344024181366e-05,0.0,0.15133410692214966,7,1,841728,Deterministic-ShortestPath-4x4-FrozenLake-v0,qppo-Hgog-qlr1.0e-3,Hgog,30
0.00025,0.001,0.03168575093150139,-3.8621947169303894e-05,1.2862415313720703,0.002941838465631008,4.828069359064102e-05,2.0273495465517044e-05,0.0,0.2156880497932434,7,1,842240,Deterministic-ShortestPath-4x4-FrozenLake-v0,qppo-Hgog-qlr1.0e-3,Hgog,30
0.00025,0.001,0.03518567234277725,-0.0003296099603176117,1.2998366355895996,0.004264860413968563,0.0006886627525091171,1.4210585504770279e-05,0.0,0.32894307374954224,7,1,842752,Deterministic-ShortestPath-4x4-FrozenLake-v0,qppo-Hgog-qlr1.0e-3,Hgog,30
0.00025,0.001,0.027997061610221863,-0.00045243091881275177,1.289224624633789,0.000653853639960289,-6.972160190343857e-05,5.5800192058086395e-06,0.0,0.2742795944213867,7,1,843264,Deterministic-ShortestPath-4x4-FrozenLake-v0,qppo-Hgog-qlr1.0e-3,Hgog,30
0.00025,0.001,0.0329507477581501,9.539630264043808e-05,1.2917850017547607,0.003652920015156269,8.916063234210014e-05,1.7299316823482513e-06,0.0,0.20714527368545532,7,1,843776,Deterministic-ShortestPath-4x4-FrozenLake-v0,qppo-Hgog-qlr1.0e-3,Hgog,30
0.00025,0.001,0.02478981390595436,0.00013197213411331177,1.29006028175354,-0.00037372298538684845,0.0005506295710802078,1.9509345293045044e-05,0.0,0.2668513059616089,7,1,844288,Deterministic-ShortestPath-4x4-FrozenLake-v0,qppo-Hgog-qlr1.0e-3,Hgog,30
0.00025,0.001,0.02863689698278904,-0.0006760759279131889,1.278159499168396,0.0008607776835560799,-7.237773388624191e-05,1.9884202629327774e-05,0.0,0.2787874937057495,7,1,844800,Deterministic-ShortestPath-4x4-FrozenLake-v0,qppo-Hgog-qlr1.0e-3,Hgog,30
0.00025,0.001,0.006612920667976141,0.0007312726229429245,1.307782769203186,-0.00904009398072958,-0.0007643257267773151,1.3883225619792938e-05,0.0,0.2603604793548584,7,1,845312,Deterministic-ShortestPath-4x4-FrozenLake-v0,qppo-Hgog-qlr1.0e-3,Hgog,30
0.00025,0.001,0.03170227259397507,-0.0004911031574010849,1.31142258644104,0.002245808020234108,0.0002978541888296604,3.073038533329964e-05,0.0,0.20116686820983887,7,1,845824,Deterministic-ShortestPath-4x4-FrozenLake-v0,qppo-Hgog-qlr1.0e-3,Hgog,30
0.00025,0.001,0.02917988784611225,-0.00025445036590099335,1.2980939149856567,0.0013545546680688858,-0.0006303153932094574,1.12093985080719e-05,0.0,0.09932297468185425,7,1,846336,Deterministic-ShortestPath-4x4-FrozenLake-v0,qppo-Hgog-qlr1.0e-3,Hgog,30
0.00025,0.001,0.029149070382118225,0.0002727191895246506,1.3035088777542114,0.0018121656030416489,-0.00011104485020041466,1.6638077795505524e-06,0.0,0.2947794198989868,7,1,846848,Deterministic-ShortestPath-4x4-FrozenLake-v0,qppo-Hgog-qlr1.0e-3,Hgog,30
0.00025,0.001,0.04377252608537674,-0.00018058530986309052,1.2874534130096436,0.008831144310534,0.0004595797508955002,5.173031240701675e-06,0.0,0.29111307859420776,7,1,847360,Deterministic-ShortestPath-4x4-FrozenLake-v0,qppo-Hgog-qlr1.0e-3,Hgog,30
0.00025,0.001,0.02379918284714222,-0.000443190336227417,1.2800483703613281,-0.0013440819457173347,0.000853685662150383,1.1214986443519592e-05,0.0,0.319099485874176,7,1,847872,Deterministic-ShortestPath-4x4-FrozenLake-v0,qppo-Hgog-qlr1.0e-3,Hgog,30
0.00025,0.001,0.014735844917595387,0.00013915635645389557,1.3010029792785645,-0.005502950865775347,-0.0005991058424115181,1.7249491065740585e-05,0.0,0.3357263207435608,7,1,848384,Deterministic-ShortestPath-4x4-FrozenLake-v0,qppo-Hgog-qlr1.0e-3,Hgog,30
0.00025,0.001,0.02692381478846073,-0.0020230691879987717,1.3011620044708252,-0.0015727812424302101,0.0010209595784544945,7.227761670947075e-05,0.0,0.19556796550750732,7,1,848896,Deterministic-ShortestPath-4x4-FrozenLake-v0,qppo-Hgog-qlr1.0e-3,Hgog,30
0.00025,0.001,0.001858844654634595,-0.002044888213276863,1.301648497581482,-0.014131950214505196,0.0001628519967198372,6.412714719772339e-05,0.0,-12.049606323242188,7,1,849408,Deterministic-ShortestPath-4x4-FrozenLake-v0,qppo-Hgog-qlr1.0e-3,Hgog,30
0.00025,0.001,0.022453436627984047,-0.0015827193856239319,1.285244107246399,-0.003208441659808159,-0.0004583103582262993,3.930274397134781e-05,0.0,0.19286036491394043,7,1,849920,Deterministic-ShortestPath-4x4-FrozenLake-v0,qppo-Hgog-qlr1.0e-3,Hgog,30
0.00025,0.001,0.015196958556771278,-0.000671781599521637,1.2907875776290894,-0.005981178022921085,0.00011281995102763176,6.998889148235321e-06,0.0,0.2421356439590454,7,1,850432,Deterministic-ShortestPath-4x4-FrozenLake-v0,qppo-Hgog-qlr1.0e-3,Hgog,30
0.00025,0.001,0.012078751809895039,-0.00023776665329933167,1.284140706062317,-0.007039797957986593,-0.00016199378296732903,6.606802344322205e-06,0.0,0.47217559814453125,7,1,850944,Deterministic-ShortestPath-4x4-FrozenLake-v0,qppo-Hgog-qlr1.0e-3,Hgog,30
0.00025,0.001,0.03026275336742401,0.00011259503662586212,1.3041741847991943,0.002202230505645275,0.00033461907878518105,1.987861469388008e-05,0.0,0.3247780203819275,7,1,851456,Deterministic-ShortestPath-4x4-FrozenLake-v0,qppo-Hgog-qlr1.0e-3,Hgog,30
0.00025,0.001,0.026579631492495537,-0.0009456854313611984,1.2829539775848389,-0.00048540905117988586,0.00015705032274127007,2.414453774690628e-05,0.0,0.26184630393981934,7,1,851968,Deterministic-ShortestPath-4x4-FrozenLake-v0,qppo-Hgog-qlr1.0e-3,Hgog,30
0.00025,0.001,0.03124222718179226,0.0016026347875595093,1.2867941856384277,0.004355806857347488,-0.0010143355466425419,5.8409757912158966e-05,0.0,0.3141683340072632,7,1,852480,Deterministic-ShortestPath-4x4-FrozenLake-v0,qppo-Hgog-qlr1.0e-3,Hgog,30
0.00025,0.001,0.0407026968896389,-0.0019909627735614777,1.2885992527008057,0.005474393256008625,0.002083782572299242,8.732499554753304e-05,0.0,0.19722223281860352,7,1,852992,Deterministic-ShortestPath-4x4-FrozenLake-v0,qppo-Hgog-qlr1.0e-3,Hgog,30
0.00025,0.001,0.013086307793855667,0.00018367543816566467,1.2982933521270752,-0.006256103515625,0.0021540550515055656,0.00013475725427269936,0.0,0.18673104047775269,7,1,853504,Deterministic-ShortestPath-4x4-FrozenLake-v0,qppo-Hgog-qlr1.0e-3,Hgog,30
0.00025,0.001,0.045519717037677765,0.00048818066716194153,1.297126293182373,0.010276776738464832,0.0001347651705145836,2.0289793610572815e-05,0.0,0.23613381385803223,7,1,854016,Deterministic-ShortestPath-4x4-FrozenLake-v0,qppo-Hgog-qlr1.0e-3,Hgog,30
0.00025,0.001,0.03701430931687355,-0.00016417354345321655,1.2953944206237793,0.005389037542045116,-0.0005278182215988636,1.0817311704158783e-05,0.0,0.3000626564025879,7,1,854528,Deterministic-ShortestPath-4x4-FrozenLake-v0,qppo-Hgog-qlr1.0e-3,Hgog,30
0.00025,0.001,0.016438858583569527,0.00012925267219543457,1.2873269319534302,-0.004524586722254753,-0.0004021422937512398,4.4852495193481445e-06,0.0,0.4067060947418213,7,1,855040,Deterministic-ShortestPath-4x4-FrozenLake-v0,qppo-Hgog-qlr1.0e-3,Hgog,30
0.00025,0.001,0.019724303856492043,5.687400698661804e-05,1.2904177904129028,-0.00298515148460865,0.00027900468558073044,1.3504177331924438e-06,0.0,0.13287174701690674,7,1,855552,Deterministic-ShortestPath-4x4-FrozenLake-v0,qppo-Hgog-qlr1.0e-3,Hgog,30
0.00025,0.001,0.024269025772809982,6.811320781707764e-05,1.2888444662094116,-0.0006858184933662415,-8.011702448129654e-06,3.7052668631076813e-06,0.0,0.2699429392814636,7,1,856064,Deterministic-ShortestPath-4x4-FrozenLake-v0,qppo-Hgog-qlr1.0e-3,Hgog,30
0.00025,0.001,0.023991545662283897,-0.00043686479330062866,1.2939069271087646,-0.0013801613822579384,-0.0004021613858640194,4.056282341480255e-05,0.0,0.10868573188781738,7,1,856576,Deterministic-ShortestPath-4x4-FrozenLake-v0,qppo-Hgog-qlr1.0e-3,Hgog,30
0.00025,0.001,0.03068266063928604,-0.0004872158169746399,1.294181227684021,0.0019123023375868797,0.00021674297749996185,9.64384526014328e-06,0.0,0.2899514436721802,7,1,857088,Deterministic-ShortestPath-4x4-FrozenLake-v0,qppo-Hgog-qlr1.0e-3,Hgog,30
0.00025,0.001,0.0385802686214447,-0.0017620287835597992,1.2770806550979614,0.004757299087941647,-0.0007196404039859772,3.07583250105381e-05,0.0,0.35321342945098877,7,1,857600,Deterministic-ShortestPath-4x4-FrozenLake-v0,qppo-Hgog-qlr1.0e-3,Hgog,30
0.00025,0.001,0.03415940701961517,5.3763389587402344e-05,1.2880021333694458,0.004253446124494076,-7.993495091795921e-05,1.3320241123437881e-05,0.0,0.34788453578948975,7,1,858112,Deterministic-ShortestPath-4x4-FrozenLake-v0,qppo-Hgog-qlr1.0e-3,Hgog,30
0.00025,0.001,0.024919308722019196,-0.0006933994591236115,1.2937986850738525,-0.0011717313900589943,0.00010603247210383415,1.0998453944921494e-05,0.0,0.3276441693305969,7,1,858624,Deterministic-ShortestPath-4x4-FrozenLake-v0,qppo-Hgog-qlr1.0e-3,Hgog,30
0.00025,0.001,0.05190115049481392,0.0003631133586168289,1.2964842319488525,0.013348846696317196,-0.0015095840208232403,3.63960862159729e-05,0.0,0.25341254472732544,7,1,859136,Deterministic-ShortestPath-4x4-FrozenLake-v0,qppo-Hgog-qlr1.0e-3,Hgog,30
0.00025,0.001,0.031120460480451584,0.0005542710423469543,1.2864707708358765,0.0032497942447662354,-0.0011299420148134232,5.911756306886673e-05,0.0,0.35106199979782104,7,1,859648,Deterministic-ShortestPath-4x4-FrozenLake-v0,qppo-Hgog-qlr1.0e-3,Hgog,30
0.00025,0.001,0.03976362198591232,-0.0006564147770404816,1.2801423072814941,0.006423973478376865,0.0001331046223640442,1.50240957736969e-05,0.0,0.20934587717056274,7,1,860160,Deterministic-ShortestPath-4x4-FrozenLake-v0,qppo-Hgog-qlr1.0e-3,Hgog,30
0.00025,0.001,0.02137596532702446,-0.0010900571942329407,1.2848742008209229,-0.0032508159056305885,0.0002938234247267246,2.0716339349746704e-05,0.0,0.34742408990859985,7,1,860672,Deterministic-ShortestPath-4x4-FrozenLake-v0,qppo-Hgog-qlr1.0e-3,Hgog,30
0.00025,0.001,0.008225991390645504,-0.0007145144045352936,1.291191577911377,-0.009513434022665024,-0.0001721302978694439,1.0434072464704514e-05,0.0,0.2870503067970276,7,1,861184,Deterministic-ShortestPath-4x4-FrozenLake-v0,qppo-Hgog-qlr1.0e-3,Hgog,30
0.00025,0.001,0.020156435668468475,-3.6599114537239075e-05,1.2929576635360718,-0.0028879577293992043,0.0005149147473275661,4.6691857278347015e-06,0.0,0.33346885442733765,7,1,861696,Deterministic-ShortestPath-4x4-FrozenLake-v0,qppo-Hgog-qlr1.0e-3,Hgog,30
0.00025,0.001,0.021354135125875473,-0.000560942105948925,1.2873317003250122,-0.0027571916580200195,0.001180100254714489,5.104672163724899e-05,0.0,0.3905947804450989,7,1,862208,Deterministic-ShortestPath-4x4-FrozenLake-v0,qppo-Hgog-qlr1.0e-3,Hgog,30
0.00025,0.001,0.023783987388014793,-0.00016867369413375854,1.279733419418335,-0.0010740142315626144,-0.000337203498929739,1.0182615369558334e-05,0.0,0.1615661382675171,7,1,862720,Deterministic-ShortestPath-4x4-FrozenLake-v0,qppo-Hgog-qlr1.0e-3,Hgog,30
0.00025,0.001,0.024509567767381668,-0.00022101495414972305,1.2759499549865723,-0.0007257303223013878,-9.740889072418213e-05,1.3111159205436707e-05,0.0,0.23028767108917236,7,1,863232,Deterministic-ShortestPath-4x4-FrozenLake-v0,qppo-Hgog-qlr1.0e-3,Hgog,30
0.00025,0.001,0.02044699527323246,0.0006762892007827759,1.287528157234192,-0.001975494436919689,-0.00013473723083734512,7.482245564460754e-06,0.0,0.3460231423377991,7,1,863744,Deterministic-ShortestPath-4x4-FrozenLake-v0,qppo-Hgog-qlr1.0e-3,Hgog,30
0.00025,0.001,0.03040962666273117,-0.00011242926120758057,1.3042933940887451,0.0020494507625699043,-0.00030272454023361206,6.242189556360245e-06,0.0,0.17217808961868286,7,1,864256,Deterministic-ShortestPath-4x4-FrozenLake-v0,qppo-Hgog-qlr1.0e-3,Hgog,30
0.00025,0.001,0.00151399418246001,-0.0003249607980251312,1.2932205200195312,-0.01250016875565052,-0.0006857556290924549,6.482470780611038e-05,0.0,-15.146108627319336,7,1,864768,Deterministic-ShortestPath-4x4-FrozenLake-v0,qppo-Hgog-qlr1.0e-3,Hgog,30
0.00025,0.001,0.02974790148437023,0.0002307295799255371,1.287347674369812,0.0022312039509415627,5.4426491260528564e-06,5.526002496480942e-06,0.0,0.4064200520515442,7,1,865280,Deterministic-ShortestPath-4x4-FrozenLake-v0,qppo-Hgog-qlr1.0e-3,Hgog,30
0.00025,0.001,0.017608528956770897,-0.00037431903183460236,1.2960292100906372,-0.004530346021056175,0.0001800907775759697,1.008063554763794e-05,0.0,0.1386280655860901,7,1,865792,Deterministic-ShortestPath-4x4-FrozenLake-v0,qppo-Hgog-qlr1.0e-3,Hgog,30
0.00025,0.001,0.017520569264888763,-0.00020908936858177185,1.2850043773651123,-0.00429884810000658,0.0002128714695572853,4.034116864204407e-05,0.0,0.24765753746032715,7,1,866304,Deterministic-ShortestPath-4x4-FrozenLake-v0,qppo-Hgog-qlr1.0e-3,Hgog,30
0.00025,0.001,0.008032182231545448,-0.00024220207706093788,1.2963329553604126,-0.009189440868794918,0.0002381778322160244,1.690024510025978e-05,0.0,0.21217060089111328,7,1,866816,Deterministic-ShortestPath-4x4-FrozenLake-v0,qppo-Hgog-qlr1.0e-3,Hgog,30
0.00025,0.001,0.017589492723345757,7.311813533306122e-05,1.2960762977600098,-0.004092898219823837,0.0001525646075606346,7.074326276779175e-06,0.0,0.2870215177536011,7,1,867328,Deterministic-ShortestPath-4x4-FrozenLake-v0,qppo-Hgog-qlr1.0e-3,Hgog,30
0.00025,0.001,0.017030414193868637,-0.002092162147164345,1.2920589447021484,-0.00649754423648119,-0.0008801277726888657,5.1921699196100235e-05,0.0,0.40423738956451416,7,1,867840,Deterministic-ShortestPath-4x4-FrozenLake-v0,qppo-Hgog-qlr1.0e-3,Hgog,30
0.00025,0.001,0.017815470695495605,-0.0016758143901824951,1.2947814464569092,-0.00571589358150959,0.0002627335488796234,2.3870263248682022e-05,0.0,0.2590910792350769,7,1,868352,Deterministic-ShortestPath-4x4-FrozenLake-v0,qppo-Hgog-qlr1.0e-3,Hgog,30
0.00025,0.001,0.01646943762898445,-0.0005481336265802383,1.277657389640808,-0.005089988000690937,-0.0004259594716131687,2.8064940124750137e-05,0.0,0.21598243713378906,7,1,868864,Deterministic-ShortestPath-4x4-FrozenLake-v0,qppo-Hgog-qlr1.0e-3,Hgog,30
0.00025,0.001,0.008337518200278282,-9.928643703460693e-05,1.2868506908416748,-0.008799034170806408,-2.0740553736686707e-06,6.198883056640625e-06,0.0,0.1913907527923584,7,1,869376,Deterministic-ShortestPath-4x4-FrozenLake-v0,qppo-Hgog-qlr1.0e-3,Hgog,30
0.00025,0.001,0.028885211795568466,0.00036299973726272583,1.2910016775131226,0.0018955888226628304,-0.0001423656940460205,3.6778394132852554e-05,0.0,0.36017221212387085,7,1,869888,Deterministic-ShortestPath-4x4-FrozenLake-v0,qppo-Hgog-qlr1.0e-3,Hgog,30
0.00025,0.001,0.03300928324460983,-0.00012324750423431396,1.2735326290130615,0.003646068274974823,-0.00022365758195519447,9.082257747650146e-06,0.0,0.128681480884552,7,1,870400,Deterministic-ShortestPath-4x4-FrozenLake-v0,qppo-Hgog-qlr1.0e-3,Hgog,30
0.00025,0.001,0.010544341057538986,-0.0008250214159488678,1.3023096323013306,-0.008575947023928165,9.880401194095612e-05,1.2553762644529343e-05,0.0,0.34961092472076416,7,1,870912,Deterministic-ShortestPath-4x4-FrozenLake-v0,qppo-Hgog-qlr1.0e-3,Hgog,30
0.00025,0.001,0.04302452504634857,0.0001789592206478119,1.2846564054489136,0.008844657801091671,5.364418029785156e-06,3.371993079781532e-05,0.0,0.2814136743545532,7,1,871424,Deterministic-ShortestPath-4x4-FrozenLake-v0,qppo-Hgog-qlr1.0e-3,Hgog,30
0.00025,0.001,0.02708669751882553,-0.0008177310228347778,1.2818952798843384,-9.333435446023941e-05,0.00019485456869006157,1.7633195966482162e-05,0.0,0.20607072114944458,7,1,871936,Deterministic-ShortestPath-4x4-FrozenLake-v0,qppo-Hgog-qlr1.0e-3,Hgog,30
0.00025,0.001,0.018237652257084846,0.0001795850694179535,1.3083242177963257,-0.0037848306819796562,0.0005032587796449661,1.3207551091909409e-05,0.0,0.15058374404907227,7,1,872448,Deterministic-ShortestPath-4x4-FrozenLake-v0,qppo-Hgog-qlr1.0e-3,Hgog,30
0.00025,0.001,0.009196930564939976,-0.0007827021181583405,1.30740225315094,-0.00925825908780098,-0.00012888945639133453,1.642853021621704e-05,0.0,0.314408540725708,7,1,872960,Deterministic-ShortestPath-4x4-FrozenLake-v0,qppo-Hgog-qlr1.0e-3,Hgog,30
0.00025,0.001,0.012811355292797089,-0.00023763347417116165,1.295017123222351,-0.006782126612961292,0.0002924506552517414,1.2147706001996994e-05,0.0,0.28382444381713867,7,1,873472,Deterministic-ShortestPath-4x4-FrozenLake-v0,qppo-Hgog-qlr1.0e-3,Hgog,30
0.00025,0.001,0.01825587823987007,-4.611164331436157e-05,1.299848198890686,-0.0039166538044810295,-5.007721483707428e-06,2.643093466758728e-06,0.0,0.35708117485046387,7,1,873984,Deterministic-ShortestPath-4x4-FrozenLake-v0,qppo-Hgog-qlr1.0e-3,Hgog,30
0.00025,0.001,0.010082559660077095,-0.0010502096265554428,1.3100160360336304,-0.009109090082347393,0.0005088578909635544,2.827635034918785e-05,0.0,0.17397284507751465,7,1,874496,Deterministic-ShortestPath-4x4-FrozenLake-v0,qppo-Hgog-qlr1.0e-3,Hgog,30
0.00025,0.001,0.03548651188611984,5.502253770828247e-06,1.3023625612258911,0.004725133068859577,-0.0005467436276376247,1.516006886959076e-05,0.0,0.3322327136993408,7,1,875008,Deterministic-ShortestPath-4x4-FrozenLake-v0,qppo-Hgog-qlr1.0e-3,Hgog,30
0.00025,0.001,0.010671349242329597,-0.0009252503514289856,1.289123296737671,-0.008480808697640896,-0.00022924412041902542,1.8102116882801056e-05,0.0,0.45143210887908936,7,1,875520,Deterministic-ShortestPath-4x4-FrozenLake-v0,qppo-Hgog-qlr1.0e-3,Hgog,30
0.00025,0.001,0.0227217935025692,-0.000886010006070137,1.3074159622192383,-0.0025992728769779205,-0.0006344993598759174,2.3751985281705856e-05,0.0,0.2583755850791931,7,1,876032,Deterministic-ShortestPath-4x4-FrozenLake-v0,qppo-Hgog-qlr1.0e-3,Hgog,30
0.00025,0.001,0.01987527310848236,0.0002154037356376648,1.293514370918274,-0.0027821026742458344,1.3182871043682098e-05,2.320529893040657e-05,0.0,0.303267240524292,7,1,876544,Deterministic-ShortestPath-4x4-FrozenLake-v0,qppo-Hgog-qlr1.0e-3,Hgog,30
0.00025,0.001,0.004871129058301449,0.00042657647281885147,1.2977467775344849,-0.010115327313542366,0.00048449682071805,2.0292121917009354e-05,0.0,-0.11737251281738281,7,1,877056,Deterministic-ShortestPath-4x4-FrozenLake-v0,qppo-Hgog-qlr1.0e-3,Hgog,30
0.00025,0.001,0.0020683216862380505,-0.0007077250629663467,1.3093324899673462,-0.012766888365149498,0.0007423106580972672,8.425815030932426e-05,0.0,-4.097927570343018,7,1,877568,Deterministic-ShortestPath-4x4-FrozenLake-v0,qppo-Hgog-qlr1.0e-3,Hgog,30
0.00025,0.001,0.024358326569199562,-0.0014077909290790558,1.2668431997299194,-0.0018970593810081482,0.000209056306630373,2.0341947674751282e-05,0.0,0.3366633653640747,7,1,878080,Deterministic-ShortestPath-4x4-FrozenLake-v0,qppo-Hgog-qlr1.0e-3,Hgog,30
0.00025,0.001,0.018726110458374023,-0.0004263631999492645,1.2820905447006226,-0.0038842130452394485,0.0002582622691988945,1.5822239220142365e-05,0.0,0.40710699558258057,7,1,878592,Deterministic-ShortestPath-4x4-FrozenLake-v0,qppo-Hgog-qlr1.0e-3,Hgog,30
0.00025,0.001,0.03653647005558014,-0.00045805610716342926,1.2835623025894165,0.004974556155502796,0.00022904342040419579,2.955552190542221e-05,0.0,0.28134089708328247,7,1,879104,Deterministic-ShortestPath-4x4-FrozenLake-v0,qppo-Hgog-qlr1.0e-3,Hgog,30
0.00025,0.001,0.01965903490781784,-0.0004147794097661972,1.2874979972839355,-0.0034602414816617966,-2.5315675884485245e-05,4.415540024638176e-05,0.0,0.22505223751068115,7,1,879616,Deterministic-ShortestPath-4x4-FrozenLake-v0,qppo-Hgog-qlr1.0e-3,Hgog,30
0.00025,0.001,0.02744404226541519,-0.0029062144458293915,1.2781031131744385,-0.0019652247428894043,0.0030567096546292305,8.811475709080696e-05,0.0,0.29119032621383667,7,1,880128,Deterministic-ShortestPath-4x4-FrozenLake-v0,qppo-Hgog-qlr1.0e-3,Hgog,30
0.00025,0.001,0.015733033418655396,-0.0009831218048930168,1.307511329650879,-0.006191718392074108,-0.0013088211417198181,9.463448077440262e-05,0.0,-0.14898240566253662,7,1,880640,Deterministic-ShortestPath-4x4-FrozenLake-v0,qppo-Hgog-qlr1.0e-3,Hgog,30
0.00025,0.001,0.028485096991062164,-0.00010404735803604126,1.2950465679168701,0.0011880360543727875,-9.904289618134499e-05,4.731584340333939e-06,0.0,0.41842538118362427,7,1,881152,Deterministic-ShortestPath-4x4-FrozenLake-v0,qppo-Hgog-qlr1.0e-3,Hgog,30
0.00025,0.001,0.025253918021917343,-0.0002537742257118225,1.2873120307922363,-0.0004999348893761635,-0.0005293507128953934,8.822884410619736e-06,0.0,0.2254037857055664,7,1,881664,Deterministic-ShortestPath-4x4-FrozenLake-v0,qppo-Hgog-qlr1.0e-3,Hgog,30
0.00025,0.001,0.026745138689875603,-0.0003012772649526596,1.312569260597229,-5.440041422843933e-05,-0.00023338617756962776,5.4105184972286224e-06,0.0,0.2403930425643921,7,1,882176,Deterministic-ShortestPath-4x4-FrozenLake-v0,qppo-Hgog-qlr1.0e-3,Hgog,30
0.00025,0.001,0.016390925273299217,-0.0008587352931499481,1.2964637279510498,-0.005627909675240517,0.0006108754314482212,3.684544935822487e-05,0.0,0.489130437374115,7,1,882688,Deterministic-ShortestPath-4x4-FrozenLake-v0,qppo-Hgog-qlr1.0e-3,Hgog,30
0.00025,0.001,0.016159916296601295,-0.00018595904111862183,1.2934532165527344,-0.005040532909333706,-7.163267582654953e-06,1.210719347000122e-06,0.0,0.34797555208206177,7,1,883200,Deterministic-ShortestPath-4x4-FrozenLake-v0,qppo-Hgog-qlr1.0e-3,Hgog,30
0.00025,0.001,0.0255790576338768,-0.0017040446400642395,1.3164457082748413,-0.0020789727568626404,7.547251880168915e-05,5.916738882660866e-05,0.0,0.39490020275115967,7,1,883712,Deterministic-ShortestPath-4x4-FrozenLake-v0,qppo-Hgog-qlr1.0e-3,Hgog,30
0.00025,0.001,0.028592463582754135,-0.0016212444752454758,1.3053311109542847,-0.0003783237189054489,-0.0009218081831932068,6.445124745368958e-05,0.0,0.230865478515625,7,1,884224,Deterministic-ShortestPath-4x4-FrozenLake-v0,qppo-Hgog-qlr1.0e-3,Hgog,30
0.00025,0.001,0.00576802808791399,-0.00012746639549732208,1.318676233291626,-0.010430214926600456,0.0007933075539767742,1.5492085367441177e-05,0.0,0.04666268825531006,7,1,884736,Deterministic-ShortestPath-4x4-FrozenLake-v0,qppo-Hgog-qlr1.0e-3,Hgog,30
0.00025,0.001,0.004001073073595762,-0.0008350415155291557,1.301528811454773,-0.011849792674183846,0.0006083743646740913,3.6499928683042526e-05,0.0,-5.3030619621276855,7,1,885248,Deterministic-ShortestPath-4x4-FrozenLake-v0,qppo-Hgog-qlr1.0e-3,Hgog,30
0.00025,0.001,0.030619129538536072,-0.0005724616348743439,1.3022366762161255,0.0017147362232208252,0.00012253876775503159,5.470402538776398e-05,0.0,0.21792316436767578,7,1,885760,Deterministic-ShortestPath-4x4-FrozenLake-v0,qppo-Hgog-qlr1.0e-3,Hgog,30
0.00025,0.001,0.037901125848293304,-0.0002763476222753525,1.293774127960205,0.005736473947763443,-0.0005821604281663895,1.5217345207929611e-05,0.0,0.3336668014526367,7,1,886272,Deterministic-ShortestPath-4x4-FrozenLake-v0,qppo-Hgog-qlr1.0e-3,Hgog,30
0.00025,0.001,0.034100037068128586,-0.00030436646193265915,1.272822380065918,0.004017428494989872,0.00017081573605537415,3.1157396733760834e-06,0.0,0.4899231195449829,7,1,886784,Deterministic-ShortestPath-4x4-FrozenLake-v0,qppo-Hgog-qlr1.0e-3,Hgog,30
0.00025,0.001,0.020204739645123482,-0.0021617189049720764,1.2950634956359863,-0.005009983666241169,-0.0007959906943142414,3.0407682061195374e-05,0.0,0.31622010469436646,7,1,887296,Deterministic-ShortestPath-4x4-FrozenLake-v0,qppo-Hgog-qlr1.0e-3,Hgog,30
0.00025,0.001,0.008809195831418037,-0.00025999918580055237,1.2875643968582153,-0.008731044828891754,0.0002469439059495926,7.823575288057327e-06,0.0,0.208523690700531,7,1,887808,Deterministic-ShortestPath-4x4-FrozenLake-v0,qppo-Hgog-qlr1.0e-3,Hgog,30
0.00025,0.001,0.02462717890739441,0.00016806833446025848,1.2932180166244507,-0.00045052170753479004,-0.0008140108548104763,1.456448808312416e-05,0.0,0.2373032569885254,7,1,888320,Deterministic-ShortestPath-4x4-FrozenLake-v0,qppo-Hgog-qlr1.0e-3,Hgog,30
0.00025,0.001,0.024345513433218002,-0.0017668455839157104,1.2918583154678345,-0.002512671984732151,-0.0005065752193331718,4.0768180042505264e-05,0.0,0.1567695140838623,7,1,888832,Deterministic-ShortestPath-4x4-FrozenLake-v0,qppo-Hgog-qlr1.0e-3,Hgog,30
0.00025,0.001,0.01829884946346283,0.00026403553783893585,1.283206820487976,-0.0034186076372861862,0.000756273977458477,3.763753920793533e-05,0.0,0.3167129158973694,7,1,889344,Deterministic-ShortestPath-4x4-FrozenLake-v0,qppo-Hgog-qlr1.0e-3,Hgog,30
0.00025,0.001,0.003084717318415642,-0.00023802556097507477,1.2972215414047241,-0.011667882092297077,-0.0002779867500066757,4.823785275220871e-06,0.0,0.10227251052856445,7,1,889856,Deterministic-ShortestPath-4x4-FrozenLake-v0,qppo-Hgog-qlr1.0e-3,Hgog,30
0.00025,0.001,0.007066547870635986,-0.0013402923941612244,1.2995415925979614,-0.0108024338260293,-0.0001087971031665802,2.382975071668625e-05,0.0,0.17196661233901978,7,1,890368,Deterministic-ShortestPath-4x4-FrozenLake-v0,qppo-Hgog-qlr1.0e-3,Hgog,30
0.00025,0.001,0.028809716925024986,-0.0006163418292999268,1.3005330562591553,0.0007831864058971405,0.00036233337596058846,4.8578716814517975e-05,0.0,0.27785271406173706,7,1,890880,Deterministic-ShortestPath-4x4-FrozenLake-v0,qppo-Hgog-qlr1.0e-3,Hgog,30
0.00025,0.001,0.035435959696769714,0.0002712104469537735,1.2969483137130737,0.005019707605242729,2.914387732744217e-05,3.3616088330745697e-06,0.0,0.3157753348350525,7,1,891392,Deterministic-ShortestPath-4x4-FrozenLake-v0,qppo-Hgog-qlr1.0e-3,Hgog,30
0.00025,0.001,0.019172849133610725,7.227621972560883e-05,1.2889422178268433,-0.0032307207584381104,-3.587501123547554e-05,6.269197911024094e-06,0.0,0.2307145595550537,7,1,891904,Deterministic-ShortestPath-4x4-FrozenLake-v0,qppo-Hgog-qlr1.0e-3,Hgog,30
0.00025,0.001,0.015503522008657455,2.032145857810974e-05,1.2838596105575562,-0.005066513083875179,0.00016184942796826363,7.84965232014656e-06,0.0,0.139417827129364,7,1,892416,Deterministic-ShortestPath-4x4-FrozenLake-v0,qppo-Hgog-qlr1.0e-3,Hgog,30
0.00025,0.001,0.021201597526669502,-0.0002247896045446396,1.2936261892318726,-0.002560252323746681,-0.0004155603237450123,1.1147931218147278e-05,0.0,0.4224439263343811,7,1,892928,Deterministic-ShortestPath-4x4-FrozenLake-v0,qppo-Hgog-qlr1.0e-3,Hgog,30
0.00025,0.001,0.02929733879864216,-0.00048469053581357,1.28322172164917,0.0013317624107003212,-0.0006168247200548649,8.491333574056625e-06,0.0,0.4216412305831909,7,1,893440,Deterministic-ShortestPath-4x4-FrozenLake-v0,qppo-Hgog-qlr1.0e-3,Hgog,30
0.00025,0.001,0.01277550496160984,1.3182871043682098e-05,1.3065478801727295,-0.00666454341262579,0.00043639540672302246,1.3930723071098328e-05,0.0,0.06632769107818604,7,1,893952,Deterministic-ShortestPath-4x4-FrozenLake-v0,qppo-Hgog-qlr1.0e-3,Hgog,30
0.00025,0.001,0.024861488491296768,-0.00020342320203781128,1.3063380718231201,-0.0008360594511032104,0.0007457421161234379,1.0751653462648392e-05,0.0,0.24261713027954102,7,1,894464,Deterministic-ShortestPath-4x4-FrozenLake-v0,qppo-Hgog-qlr1.0e-3,Hgog,30
0.00025,0.001,0.022585950791835785,-8.432194590568542e-05,1.2948284149169922,-0.001739630475640297,-0.00015365704894065857,2.1350570023059845e-06,0.0,0.1603231430053711,7,1,894976,Deterministic-ShortestPath-4x4-FrozenLake-v0,qppo-Hgog-qlr1.0e-3,Hgog,30
0.00025,0.001,0.02696560136973858,0.0002097487449645996,1.295838713645935,0.0007341625168919563,0.00020190980285406113,7.139518857002258e-06,0.0,0.39000487327575684,7,1,895488,Deterministic-ShortestPath-4x4-FrozenLake-v0,qppo-Hgog-qlr1.0e-3,Hgog,30
0.00025,0.001,0.023894913494586945,-0.0003569517284631729,1.3058158159255981,-0.0014676526188850403,0.00035184621810913086,9.280629456043243e-06,0.0,0.2679692506790161,7,1,896000,Deterministic-ShortestPath-4x4-FrozenLake-v0,qppo-Hgog-qlr1.0e-3,Hgog,30
0.00025,0.001,0.022814717143774033,-0.0007847882807254791,1.2843379974365234,-0.0022208094596862793,-0.00012339651584625244,1.1308584362268448e-05,0.0,0.3826367259025574,7,1,896512,Deterministic-ShortestPath-4x4-FrozenLake-v0,qppo-Hgog-qlr1.0e-3,Hgog,30
0.00025,0.001,0.01606713980436325,-0.0007226318120956421,1.2865023612976074,-0.005554085597395897,3.57283279299736e-05,1.8481165170669556e-05,0.0,0.19758957624435425,7,1,897024,Deterministic-ShortestPath-4x4-FrozenLake-v0,qppo-Hgog-qlr1.0e-3,Hgog,30
0.00025,0.001,0.019690442830324173,0.00014457479119300842,1.290779709815979,-0.0029180003330111504,-0.0004354286938905716,8.932314813137054e-06,0.0,0.2764950394630432,7,1,897536,Deterministic-ShortestPath-4x4-FrozenLake-v0,qppo-Hgog-qlr1.0e-3,Hgog,30
0.00025,0.001,0.013736383058130741,-0.0006036693230271339,1.299793004989624,-0.006733407732099295,-2.8240960091352463e-05,9.385403245687485e-06,0.0,0.15014469623565674,7,1,898048,Deterministic-ShortestPath-4x4-FrozenLake-v0,qppo-Hgog-qlr1.0e-3,Hgog,30
0.00025,0.001,0.0028623705729842186,-0.0008494192734360695,1.3043673038482666,-0.012461906298995018,0.0014574858359992504,1.6689766198396683e-05,0.0,-0.09514832496643066,7,1,898560,Deterministic-ShortestPath-4x4-FrozenLake-v0,qppo-Hgog-qlr1.0e-3,Hgog,30
0.00025,0.001,0.03702016919851303,-5.863606929779053e-06,1.2971755266189575,0.005532465875148773,-0.00018057413399219513,6.340444087982178e-06,0.0,0.35600435733795166,7,1,899072,Deterministic-ShortestPath-4x4-FrozenLake-v0,qppo-Hgog-qlr1.0e-3,Hgog,30
0.00025,0.001,0.06175759434700012,-0.0005055083893239498,1.286251187324524,0.017510777339339256,-0.0008319211192429066,1.99759379029274e-05,0.0,0.1398106813430786,7,1,899584,Deterministic-ShortestPath-4x4-FrozenLake-v0,qppo-Hgog-qlr1.0e-3,Hgog,30
0.00025,0.001,0.018969399854540825,1.2308359146118164e-05,1.2944735288619995,-0.0034477263689041138,5.93205913901329e-06,4.225410521030426e-06,0.0,0.3610551357269287,7,1,900096,Deterministic-ShortestPath-4x4-FrozenLake-v0,qppo-Hgog-qlr1.0e-3,Hgog,30
0.00025,0.001,0.006575208157300949,-9.125703945755959e-05,1.2907161712646484,-0.00971081480383873,-0.000522988848388195,1.7822254449129105e-05,0.0,0.32474809885025024,7,1,900608,Deterministic-ShortestPath-4x4-FrozenLake-v0,qppo-Hgog-qlr1.0e-3,Hgog,30
0.00025,0.001,0.0041392482817173,-0.00011563673615455627,1.2916646003723145,-0.010962658561766148,0.0003585992380976677,1.5014316886663437e-05,0.0,0.21324527263641357,7,1,901120,Deterministic-ShortestPath-4x4-FrozenLake-v0,qppo-Hgog-qlr1.0e-3,Hgog,30
0.00025,0.001,0.03549826145172119,-0.00036635249853134155,1.2818633317947388,0.00456414557993412,-0.00017033470794558525,1.3071112334728241e-05,0.0,0.30937403440475464,7,1,901632,Deterministic-ShortestPath-4x4-FrozenLake-v0,qppo-Hgog-qlr1.0e-3,Hgog,30
0.00025,0.001,0.016003625467419624,-0.0014441870152950287,1.289215326309204,-0.006334527395665646,0.00012411270290613174,3.172270953655243e-05,0.0,0.3714025616645813,7,1,902144,Deterministic-ShortestPath-4x4-FrozenLake-v0,qppo-Hgog-qlr1.0e-3,Hgog,30
0.00025,0.001,0.03136826679110527,-0.0005035214126110077,1.2845709323883057,0.0023349029943346977,-0.0005741352215409279,1.6763806343078613e-05,0.0,0.2737143635749817,7,1,902656,Deterministic-ShortestPath-4x4-FrozenLake-v0,qppo-Hgog-qlr1.0e-3,Hgog,30
0.00025,0.001,0.027804240584373474,0.00037946924567222595,1.2894715070724487,0.0013868743553757668,0.00032824743539094925,6.664544343948364e-06,0.0,0.2167283296585083,7,1,903168,Deterministic-ShortestPath-4x4-FrozenLake-v0,qppo-Hgog-qlr1.0e-3,Hgog,30
0.00025,0.001,0.019839590415358543,-0.0012695398181676865,1.2760236263275146,-0.004109980538487434,-0.0004853825084865093,2.257945016026497e-05,0.0,0.3999099135398865,7,1,903680,Deterministic-ShortestPath-4x4-FrozenLake-v0,qppo-Hgog-qlr1.0e-3,Hgog,30
0.00025,0.001,0.048524338752031326,0.00016976892948150635,1.2795242071151733,0.011636696755886078,0.0001397356390953064,2.4386681616306305e-06,0.0,0.21168464422225952,7,1,904192,Deterministic-ShortestPath-4x4-FrozenLake-v0,qppo-Hgog-qlr1.0e-3,Hgog,30
0.00025,0.001,0.06116023659706116,-0.0002485141158103943,1.2665129899978638,0.017666473984718323,0.00025953492149710655,3.7513673305511475e-06,0.0,0.22247761487960815,7,1,904704,Deterministic-ShortestPath-4x4-FrozenLake-v0,qppo-Hgog-qlr1.0e-3,Hgog,30
0.00025,0.001,0.015590481460094452,-7.705017924308777e-05,1.3037587404251099,-0.005319396965205669,0.00010362127795815468,1.3566575944423676e-05,0.0,0.2724838852882385,7,1,905216,Deterministic-ShortestPath-4x4-FrozenLake-v0,qppo-Hgog-qlr1.0e-3,Hgog,30
0.00025,0.001,0.016020560637116432,-0.0003055501729249954,1.2844510078430176,-0.005139779299497604,-0.0004115966148674488,4.231464117765427e-06,0.0,0.27815335988998413,7,1,905728,Deterministic-ShortestPath-4x4-FrozenLake-v0,qppo-Hgog-qlr1.0e-3,Hgog,30
0.00025,0.001,0.019873876124620438,-5.1451846957206726e-05,1.3027151823043823,-0.0031416648998856544,6.896816194057465e-05,1.3969838619232178e-07,0.0,0.32816988229751587,7,1,906240,Deterministic-ShortestPath-4x4-FrozenLake-v0,qppo-Hgog-qlr1.0e-3,Hgog,30
0.00025,0.001,0.011961012147367,8.340924978256226e-06,1.298383355140686,-0.006994986440986395,-5.542580038309097e-05,3.525055944919586e-06,0.0,0.008301734924316406,7,1,906752,Deterministic-ShortestPath-4x4-FrozenLake-v0,qppo-Hgog-qlr1.0e-3,Hgog,30
0.00025,0.001,0.023713458329439163,-3.3838674426078796e-05,1.3042395114898682,-0.0012195045128464699,0.00019552744925022125,3.4836120903491974e-06,0.0,0.390564501285553,7,1,907264,Deterministic-ShortestPath-4x4-FrozenLake-v0,qppo-Hgog-qlr1.0e-3,Hgog,30
0.00025,0.001,0.024841517210006714,-0.0010177362710237503,1.2738757133483887,-0.0013357345014810562,-0.0005571688525378704,2.4870503693819046e-05,0.0,0.0777825117111206,7,1,907776,Deterministic-ShortestPath-4x4-FrozenLake-v0,qppo-Hgog-qlr1.0e-3,Hgog,30
0.00025,0.001,0.04352512210607529,-1.8890947103500366e-05,1.2788925170898438,0.008954744786024094,-0.00040019815787672997,1.7301179468631744e-05,0.0,0.36293190717697144,7,1,908288,Deterministic-ShortestPath-4x4-FrozenLake-v0,qppo-Hgog-qlr1.0e-3,Hgog,30
0.00025,0.001,0.021368343383073807,-0.00017518363893032074,1.2857922315597534,-0.0023489343002438545,0.0004998859949409962,3.6242417991161346e-06,0.0,0.1862483024597168,7,1,908800,Deterministic-ShortestPath-4x4-FrozenLake-v0,qppo-Hgog-qlr1.0e-3,Hgog,30
0.00025,0.001,0.030565518885850906,-0.0014523845165967941,1.2630130052566528,0.0012002447620034218,0.0007032444700598717,2.8993934392929077e-05,0.0,0.12974321842193604,7,1,909312,Deterministic-ShortestPath-4x4-FrozenLake-v0,qppo-Hgog-qlr1.0e-3,Hgog,30
0.00025,0.001,0.03881185129284859,-0.00027073174715042114,1.279223918914795,0.006342954933643341,-7.38087110221386e-05,6.984453648328781e-06,0.0,0.3211594820022583,7,1,909824,Deterministic-ShortestPath-4x4-FrozenLake-v0,qppo-Hgog-qlr1.0e-3,Hgog,30
0.00025,0.001,0.00860828347504139,-0.0006296113133430481,1.2696104049682617,-0.009021573700010777,0.0008385796099901199,1.0129529982805252e-05,0.0,0.3069852590560913,7,1,910336,Deterministic-ShortestPath-4x4-FrozenLake-v0,qppo-Hgog-qlr1.0e-3,Hgog,30
0.00025,0.001,0.044708218425512314,-0.0006255190819501877,1.2899084091186523,0.008829506114125252,-0.0003445269539952278,6.476882845163345e-06,0.0,0.344707190990448,7,1,910848,Deterministic-ShortestPath-4x4-FrozenLake-v0,qppo-Hgog-qlr1.0e-3,Hgog,30
0.00025,0.001,0.02553633600473404,-0.000520041212439537,1.2902714014053345,-0.0006545865908265114,-0.0013384651392698288,4.342803731560707e-05,0.0,0.2535402774810791,7,1,911360,Deterministic-ShortestPath-4x4-FrozenLake-v0,qppo-Hgog-qlr1.0e-3,Hgog,30
0.00025,0.001,0.04578988254070282,-0.00018859654664993286,1.28099524974823,0.009896392934024334,0.00018109753727912903,1.9459985196590424e-06,0.0,0.3841729164123535,7,1,911872,Deterministic-ShortestPath-4x4-FrozenLake-v0,qppo-Hgog-qlr1.0e-3,Hgog,30
0.00025,0.001,0.012401513755321503,-0.0006483420729637146,1.2782201766967773,-0.007229786366224289,0.0003351941704750061,1.3142824172973633e-05,0.0,0.31769585609436035,7,1,912384,Deterministic-ShortestPath-4x4-FrozenLake-v0,qppo-Hgog-qlr1.0e-3,Hgog,30
0.00025,0.001,0.013664010912179947,-7.278099656105042e-05,1.2740342617034912,-0.005981117486953735,8.820882067084312e-05,5.679670721292496e-06,0.0,-0.2558530569076538,7,1,912896,Deterministic-ShortestPath-4x4-FrozenLake-v0,qppo-Hgog-qlr1.0e-3,Hgog,30
0.00025,0.001,0.019488681107759476,0.00013371556997299194,1.2948155403137207,-0.0030700992792844772,0.00032074330374598503,5.0370581448078156e-06,0.0,0.15737003087997437,7,1,913408,Deterministic-ShortestPath-4x4-FrozenLake-v0,qppo-Hgog-qlr1.0e-3,Hgog,30
0.00025,0.001,0.01815580390393734,-0.00024781376123428345,1.2824411392211914,-0.003994323313236237,-5.450332537293434e-05,1.5066470950841904e-05,0.0,0.344487726688385,7,1,913920,Deterministic-ShortestPath-4x4-FrozenLake-v0,qppo-Hgog-qlr1.0e-3,Hgog,30
0.00025,0.001,0.010431278496980667,0.00018994510173797607,1.2848464250564575,-0.007442879490554333,0.00010912073776125908,5.660112947225571e-06,0.0,0.400909960269928,7,1,914432,Deterministic-ShortestPath-4x4-FrozenLake-v0,qppo-Hgog-qlr1.0e-3,Hgog,30
0.00025,0.001,0.014376211911439896,-4.6815723180770874e-05,1.2775453329086304,-0.005634162575006485,-0.0002831285819411278,4.035886377096176e-06,0.0,0.1693742871284485,7,1,914944,Deterministic-ShortestPath-4x4-FrozenLake-v0,qppo-Hgog-qlr1.0e-3,Hgog,30
0.00025,0.001,0.019533365964889526,0.00013465248048305511,1.2938998937606812,-0.0030376631766557693,-0.00018165353685617447,2.4097971618175507e-06,0.0,0.34276121854782104,7,1,915456,Deterministic-ShortestPath-4x4-FrozenLake-v0,qppo-Hgog-qlr1.0e-3,Hgog,30
0.00025,0.001,0.012024940922856331,-8.958205580711365e-05,1.2781670093536377,-0.0068587809801101685,0.00016471091657876968,1.5166588127613068e-06,0.0,0.12335765361785889,7,1,915968,Deterministic-ShortestPath-4x4-FrozenLake-v0,qppo-Hgog-qlr1.0e-3,Hgog,30
0.00025,0.001,0.023760095238685608,-0.0008659474551677704,1.2786359786987305,-0.0017722593620419502,0.00039059296250343323,1.1410564184188843e-05,0.0,0.28353363275527954,7,1,916480,Deterministic-ShortestPath-4x4-FrozenLake-v0,qppo-Hgog-qlr1.0e-3,Hgog,30
0.00025,0.001,0.03181903436779976,0.00019415374845266342,1.277601718902588,0.003327653743326664,-4.198215901851654e-05,6.498768925666809e-06,0.0,0.3700457811355591,7,1,916992,Deterministic-ShortestPath-4x4-FrozenLake-v0,qppo-Hgog-qlr1.0e-3,Hgog,30
0.00025,0.001,0.019930800423026085,-0.0012636464089155197,1.2916346788406372,-0.004214592278003693,-6.402377039194107e-05,2.1968968212604523e-05,0.0,0.332613468170166,7,1,917504,Deterministic-ShortestPath-4x4-FrozenLake-v0,qppo-Hgog-qlr1.0e-3,Hgog,30
0.00025,0.001,0.024389682337641716,0.0007314905524253845,1.2683707475662231,0.000242624431848526,-0.0008522928692400455,2.3295637220144272e-05,0.0,0.32112759351730347,7,1,918016,Deterministic-ShortestPath-4x4-FrozenLake-v0,qppo-Hgog-qlr1.0e-3,Hgog,30
0.00025,0.001,0.00868140161037445,0.0008974280208349228,1.298110008239746,-0.007742971181869507,8.039642125368118e-05,1.4291610568761826e-05,0.0,0.42385125160217285,7,1,918528,Deterministic-ShortestPath-4x4-FrozenLake-v0,qppo-Hgog-qlr1.0e-3,Hgog,30
0.00025,0.001,0.008557981811463833,0.00011541135609149933,1.275147557258606,-0.008357072249054909,-0.00018413085490465164,1.1406838893890381e-05,0.0,0.04945218563079834,7,1,919040,Deterministic-ShortestPath-4x4-FrozenLake-v0,qppo-Hgog-qlr1.0e-3,Hgog,30
0.00025,0.001,0.021825850009918213,2.796947956085205e-05,1.288336157798767,-0.0019424669444561005,-0.0009801071137189865,1.6743317246437073e-05,0.0,0.21870720386505127,7,1,919552,Deterministic-ShortestPath-4x4-FrozenLake-v0,qppo-Hgog-qlr1.0e-3,Hgog,30
0.00025,0.001,0.0207509808242321,-0.0009737517684698105,1.2808496952056885,-0.0034067584201693535,0.0012990208342671394,3.792392089962959e-05,0.0,-0.02748262882232666,7,1,920064,Deterministic-ShortestPath-4x4-FrozenLake-v0,qppo-Hgog-qlr1.0e-3,Hgog,30
0.00025,0.001,0.03273986279964447,-0.0008928850293159485,1.2646441459655762,0.002830605022609234,0.00016109319403767586,1.346692442893982e-05,0.0,0.26156628131866455,7,1,920576,Deterministic-ShortestPath-4x4-FrozenLake-v0,qppo-Hgog-qlr1.0e-3,Hgog,30
0.00025,0.001,0.015293454751372337,-0.000342528335750103,1.2961790561676025,-0.005657590925693512,9.584706276655197e-05,1.641642302274704e-05,0.0,0.2111087441444397,7,1,921088,Deterministic-ShortestPath-4x4-FrozenLake-v0,qppo-Hgog-qlr1.0e-3,Hgog,30
0.00025,0.001,0.01681358367204666,-0.0002124384045600891,1.2923516035079956,-0.004729161970317364,-0.0001229308545589447,3.528781235218048e-06,0.0,0.4256308078765869,7,1,921600,Deterministic-ShortestPath-4x4-FrozenLake-v0,qppo-Hgog-qlr1.0e-3,Hgog,30
0.00025,0.001,0.001348972786217928,9.509176015853882e-05,1.293097972869873,-0.012161401100456715,0.00013173092156648636,4.081521183252335e-06,0.0,0.15305721759796143,7,1,922112,Deterministic-ShortestPath-4x4-FrozenLake-v0,qppo-Hgog-qlr1.0e-3,Hgog,30
0.00025,0.001,0.02057226002216339,-0.0004464685916900635,1.2920846939086914,-0.0030811848118901253,1.6388017684221268e-05,2.08122655749321e-05,0.0,0.2993265986442566,7,1,922624,Deterministic-ShortestPath-4x4-FrozenLake-v0,qppo-Hgog-qlr1.0e-3,Hgog,30
0.00025,0.001,0.029188666492700577,-0.0002807173877954483,1.2844552993774414,0.0014690635725855827,5.537085235118866e-05,8.806586265563965e-06,0.0,0.25315701961517334,7,1,923136,Deterministic-ShortestPath-4x4-FrozenLake-v0,qppo-Hgog-qlr1.0e-3,Hgog,30
0.00025,0.001,0.029178980737924576,-7.857568562030792e-05,1.2621417045593262,0.0018894979730248451,6.250664591789246e-05,5.793757736682892e-06,0.0,0.4512418508529663,7,1,923648,Deterministic-ShortestPath-4x4-FrozenLake-v0,qppo-Hgog-qlr1.0e-3,Hgog,30
0.00025,0.001,0.016099389642477036,-3.998028114438057e-05,1.2709769010543823,-0.004700053483247757,0.0002996465191245079,2.2337771952152252e-06,0.0,0.30619269609451294,7,1,924160,Deterministic-ShortestPath-4x4-FrozenLake-v0,qppo-Hgog-qlr1.0e-3,Hgog,30
0.00025,0.001,0.013531745411455631,9.993696585297585e-05,1.2791191339492798,-0.00592538109049201,-0.0005315393209457397,1.281779259443283e-05,0.0,0.26337987184524536,7,1,924672,Deterministic-ShortestPath-4x4-FrozenLake-v0,qppo-Hgog-qlr1.0e-3,Hgog,30
0.00025,0.001,0.004453449975699186,-0.0009073889814317226,1.2852442264556885,-0.011533105745911598,-0.0007409472018480301,4.648929461836815e-05,0.0,-17.544845581054688,7,1,925184,Deterministic-ShortestPath-4x4-FrozenLake-v0,qppo-Hgog-qlr1.0e-3,Hgog,30
0.00025,0.001,0.02502819336950779,-0.0002238992601633072,1.2782567739486694,-0.000492369756102562,-0.0009256498888134956,3.5449862480163574e-05,0.0,0.318742573261261,7,1,925696,Deterministic-ShortestPath-4x4-FrozenLake-v0,qppo-Hgog-qlr1.0e-3,Hgog,30
0.00025,0.001,0.03270291909575462,-0.0007734149694442749,1.273323893547058,0.0028448058292269707,-0.00044082850217819214,9.867828339338303e-06,0.0,0.3187571167945862,7,1,926208,Deterministic-ShortestPath-4x4-FrozenLake-v0,qppo-Hgog-qlr1.0e-3,Hgog,30
0.00025,0.001,0.019301481544971466,0.00025041960179805756,1.2732309103012085,-0.0028311479836702347,-0.00033619487658143044,2.801511436700821e-05,0.0,0.3736407160758972,7,1,926720,Deterministic-ShortestPath-4x4-FrozenLake-v0,qppo-Hgog-qlr1.0e-3,Hgog,30
0.00025,0.001,0.012607067823410034,0.00022812560200691223,1.2869056463241577,-0.006337396800518036,-0.00015998166054487228,1.791585236787796e-05,0.0,0.41886234283447266,7,1,927232,Deterministic-ShortestPath-4x4-FrozenLake-v0,qppo-Hgog-qlr1.0e-3,Hgog,30
0.00025,0.001,0.016542887315154076,-0.0002880329266190529,1.2651561498641968,-0.004668150097131729,-0.0004821973852813244,1.2767966836690903e-05,0.0,0.227178692817688,7,1,927744,Deterministic-ShortestPath-4x4-FrozenLake-v0,qppo-Hgog-qlr1.0e-3,Hgog,30
0.00025,0.001,0.011186745017766953,-0.0010435320436954498,1.2879036664962769,-0.008329195901751518,0.0004708254709839821,2.1944288164377213e-05,0.0,0.17713409662246704,7,1,928256,Deterministic-ShortestPath-4x4-FrozenLake-v0,qppo-Hgog-qlr1.0e-3,Hgog,30
0.00025,0.001,0.024959653615951538,-0.0009307004511356354,1.287880778312683,-0.0013296809047460556,0.000601290725171566,2.191588282585144e-05,0.0,-0.0004018545150756836,7,1,928768,Deterministic-ShortestPath-4x4-FrozenLake-v0,qppo-Hgog-qlr1.0e-3,Hgog,30
0.00025,0.001,0.019709166139364243,-0.0002634059637784958,1.2797315120697021,-0.00320613756775856,-3.421865403652191e-05,1.527508720755577e-05,0.0,0.3144131302833557,7,1,929280,Deterministic-ShortestPath-4x4-FrozenLake-v0,qppo-Hgog-qlr1.0e-3,Hgog,30
0.00025,0.001,0.03064572438597679,-0.00036949291825294495,1.2813494205474854,0.002139875665307045,-0.0007112771272659302,5.510309711098671e-05,0.0,0.2079593539237976,7,1,929792,Deterministic-ShortestPath-4x4-FrozenLake-v0,qppo-Hgog-qlr1.0e-3,Hgog,30
0.00025,0.001,0.02322198636829853,0.00031802989542484283,1.2686201333999634,-0.0007571782916784286,0.0002781595103442669,5.1176175475120544e-06,0.0,-0.03050839900970459,7,1,930304,Deterministic-ShortestPath-4x4-FrozenLake-v0,qppo-Hgog-qlr1.0e-3,Hgog,30
0.00025,0.001,0.021893540397286415,-0.00032121315598487854,1.281804084777832,-0.0021924832835793495,-0.00031988508999347687,9.370967745780945e-06,0.0,0.16088718175888062,7,1,930816,Deterministic-ShortestPath-4x4-FrozenLake-v0,qppo-Hgog-qlr1.0e-3,Hgog,30
0.00025,0.001,0.024628639221191406,0.0003263242542743683,1.2805960178375244,-0.00016531627625226974,-0.0003484915941953659,3.6479905247688293e-06,0.0,0.3478010296821594,7,1,931328,Deterministic-ShortestPath-4x4-FrozenLake-v0,qppo-Hgog-qlr1.0e-3,Hgog,30
0.00025,0.001,0.024240588769316673,-0.0005520246922969818,1.2903611660003662,-0.0013353414833545685,-1.4560762792825699e-05,4.9452297389507294e-05,0.0,0.26950740814208984,7,1,931840,Deterministic-ShortestPath-4x4-FrozenLake-v0,qppo-Hgog-qlr1.0e-3,Hgog,30
0.00025,0.001,0.008146259002387524,-0.0009661884978413582,1.2957009077072144,-0.009850068017840385,0.0016865236684679985,0.00011502951383590698,0.0,0.39556819200515747,7,1,932352,Deterministic-ShortestPath-4x4-FrozenLake-v0,qppo-Hgog-qlr1.0e-3,Hgog,30
0.00025,0.001,0.003157962579280138,0.0002933098003268242,1.3023217916488647,-0.011150926351547241,-0.0003714701160788536,3.0831433832645416e-05,0.0,-10.13757610321045,7,1,932864,Deterministic-ShortestPath-4x4-FrozenLake-v0,qppo-Hgog-qlr1.0e-3,Hgog,30
0.00025,0.001,0.009014274924993515,-0.00030402839183807373,1.2795692682266235,-0.008592583239078522,0.00015137996524572372,2.8382055461406708e-06,0.0,0.3581903576850891,7,1,933376,Deterministic-ShortestPath-4x4-FrozenLake-v0,qppo-Hgog-qlr1.0e-3,Hgog,30
0.00025,0.001,0.02459038607776165,-0.0005697235465049744,1.291090726852417,-0.0011854376643896103,-0.0003081955946981907,1.5327706933021545e-05,0.0,0.33430159091949463,7,1,933888,Deterministic-ShortestPath-4x4-FrozenLake-v0,qppo-Hgog-qlr1.0e-3,Hgog,30
0.00025,0.001,0.002411207649856806,-0.0005133058875799179,1.265064001083374,-0.011958342045545578,0.00034875981509685516,0.0001179003156721592,0.0,-3.7527265548706055,7,1,934400,Deterministic-ShortestPath-4x4-FrozenLake-v0,qppo-Hgog-qlr1.0e-3,Hgog,30
0.00025,0.001,0.014032387174665928,-0.0012393570505082607,1.292914867401123,-0.007152311038225889,-0.0002795690670609474,4.76296991109848e-05,0.0,0.0671924352645874,7,1,934912,Deterministic-ShortestPath-4x4-FrozenLake-v0,qppo-Hgog-qlr1.0e-3,Hgog,30
0.00025,0.001,0.02555953711271286,-9.880959987640381e-05,1.2822461128234863,-0.00014150142669677734,-0.0003614346496760845,6.608199328184128e-06,0.0,0.3181315064430237,7,1,935424,Deterministic-ShortestPath-4x4-FrozenLake-v0,qppo-Hgog-qlr1.0e-3,Hgog,30
0.00025,0.001,0.03227054700255394,-0.0006083101034164429,1.2978698015213013,0.0025482652708888054,0.0007035313174128532,2.781301736831665e-05,0.0,0.20898032188415527,7,1,935936,Deterministic-ShortestPath-4x4-FrozenLake-v0,qppo-Hgog-qlr1.0e-3,Hgog,30
0.00025,0.001,0.0275235865265131,-0.0003785025328397751,1.2825016975402832,0.0005582738667726517,-0.0005515767261385918,4.9402471631765366e-05,0.0,0.3184469938278198,7,1,936448,Deterministic-ShortestPath-4x4-FrozenLake-v0,qppo-Hgog-qlr1.0e-3,Hgog,30
0.00025,0.001,0.053908657282590866,-0.00019375048577785492,1.2991085052490234,0.01376949343830347,-9.914394468069077e-05,6.3264742493629456e-06,0.0,0.26146090030670166,7,1,936960,Deterministic-ShortestPath-4x4-FrozenLake-v0,qppo-Hgog-qlr1.0e-3,Hgog,30
0.00025,0.001,0.018549731001257896,-0.00031363964080810547,1.2755482196807861,-0.003794255666434765,0.00032665859907865524,6.849877536296844e-07,0.0,0.1513018012046814,7,1,937472,Deterministic-ShortestPath-4x4-FrozenLake-v0,qppo-Hgog-qlr1.0e-3,Hgog,30
0.00025,0.001,0.0026764096692204475,-1.4528632164001465e-07,1.295717477798462,-0.011619115248322487,0.00021375436335802078,4.07220795750618e-06,0.0,-13.714041709899902,7,1,937984,Deterministic-ShortestPath-4x4-FrozenLake-v0,qppo-Hgog-qlr1.0e-3,Hgog,30
0.00025,0.001,0.03632370010018349,-1.5057623386383057e-05,1.2592582702636719,0.005554210394620895,0.0003214702010154724,1.7890240997076035e-05,0.0,0.3144579529762268,7,1,938496,Deterministic-ShortestPath-4x4-FrozenLake-v0,qppo-Hgog-qlr1.0e-3,Hgog,30
0.00025,0.001,0.024674348533153534,-0.0011121127754449844,1.2777475118637085,-0.0015524132177233696,0.0004905397072434425,6.103795021772385e-05,0.0,0.30164337158203125,7,1,939008,Deterministic-ShortestPath-4x4-FrozenLake-v0,qppo-Hgog-qlr1.0e-3,Hgog,30
0.00025,0.001,0.014634784311056137,0.0003720298409461975,1.2905181646347046,-0.005215759389102459,0.0002416018396615982,3.136228770017624e-06,0.0,0.5301592648029327,7,1,939520,Deterministic-ShortestPath-4x4-FrozenLake-v0,qppo-Hgog-qlr1.0e-3,Hgog,30
0.00025,0.001,0.011828837916254997,-0.00044626742601394653,1.2656389474868774,-0.007188237272202969,0.00019898032769560814,5.228910595178604e-06,0.0,0.4235614538192749,7,1,940032,Deterministic-ShortestPath-4x4-FrozenLake-v0,qppo-Hgog-qlr1.0e-3,Hgog,30
0.00025,0.001,0.019846603274345398,-0.0007086247205734253,1.2811949253082275,-0.003597271628677845,0.0005209734663367271,3.140978515148163e-05,0.0,0.254355251789093,7,1,940544,Deterministic-ShortestPath-4x4-FrozenLake-v0,qppo-Hgog-qlr1.0e-3,Hgog,30
0.00025,0.001,0.021984249353408813,0.00015464425086975098,1.2776474952697754,-0.0016297055408358574,-0.00021115224808454514,2.5066547095775604e-06,0.0,0.4131171703338623,7,1,941056,Deterministic-ShortestPath-4x4-FrozenLake-v0,qppo-Hgog-qlr1.0e-3,Hgog,30
0.00025,0.001,0.0045176781713962555,-0.0009477194398641586,1.276900053024292,-0.011457880958914757,-7.96094536781311e-06,3.5822391510009766e-05,0.0,0.05058354139328003,7,1,941568,Deterministic-ShortestPath-4x4-FrozenLake-v0,qppo-Hgog-qlr1.0e-3,Hgog,30
0.00025,0.001,0.025294551625847816,-0.000575745478272438,1.26622474193573,-0.0005907164886593819,0.00011598365381360054,2.0517036318778992e-05,0.0,0.08262491226196289,7,1,942080,Deterministic-ShortestPath-4x4-FrozenLake-v0,qppo-Hgog-qlr1.0e-3,Hgog,30
0.00025,0.001,0.010237256065011024,-0.0002913353964686394,1.2627867460250854,-0.007800574414432049,0.0006165551021695137,5.563581362366676e-05,0.0,0.48463720083236694,7,1,942592,Deterministic-ShortestPath-4x4-FrozenLake-v0,qppo-Hgog-qlr1.0e-3,Hgog,30
0.00025,0.001,0.012014643289148808,-0.00016719847917556763,1.2587330341339111,-0.006747207138687372,-1.4415942132472992e-05,1.9334256649017334e-06,0.0,0.28505945205688477,7,1,943104,Deterministic-ShortestPath-4x4-FrozenLake-v0,qppo-Hgog-qlr1.0e-3,Hgog,30
0.00025,0.001,0.025989102199673653,-0.001447092741727829,1.2635455131530762,-0.0010879961773753166,0.0006725466810166836,3.2147858291864395e-05,0.0,0.34982889890670776,7,1,943616,Deterministic-ShortestPath-4x4-FrozenLake-v0,qppo-Hgog-qlr1.0e-3,Hgog,30
0.00025,0.001,0.051247697323560715,0.0014276397414505482,1.271776556968689,0.014333723112940788,-0.0020871413871645927,0.00013058166950941086,0.0,0.3602096438407898,7,1,944128,Deterministic-ShortestPath-4x4-FrozenLake-v0,qppo-Hgog-qlr1.0e-3,Hgog,30
0.00025,0.001,0.025748996064066887,0.0001347661018371582,1.2827153205871582,0.00018211081624031067,-0.000926019623875618,2.1651387214660645e-05,0.0,0.2734733819961548,7,1,944640,Deterministic-ShortestPath-4x4-FrozenLake-v0,qppo-Hgog-qlr1.0e-3,Hgog,30
0.00025,0.001,0.010304423049092293,-0.0004901252686977386,1.261814832687378,-0.007956061512231827,-2.7669593691825867e-05,5.709938704967499e-06,0.0,0.049571871757507324,7,1,945152,Deterministic-ShortestPath-4x4-FrozenLake-v0,qppo-Hgog-qlr1.0e-3,Hgog,30
0.00025,0.001,0.008400024846196175,-0.00046478956937789917,1.2742849588394165,-0.009007626213133335,-0.0002956162206828594,7.582362741231918e-06,0.0,0.3355778455734253,7,1,945664,Deterministic-ShortestPath-4x4-FrozenLake-v0,qppo-Hgog-qlr1.0e-3,Hgog,30
0.00025,0.001,0.010087357833981514,0.0003041904419660568,1.2743384838104248,-0.007395515218377113,-0.00048378948122262955,7.648952305316925e-06,0.0,0.24090343713760376,7,1,946176,Deterministic-ShortestPath-4x4-FrozenLake-v0,qppo-Hgog-qlr1.0e-3,Hgog,30
0.00025,0.001,0.008763783611357212,-0.00011373916640877724,1.2821755409240723,-0.008553603664040565,0.00018206052482128143,2.759043127298355e-06,0.0,0.09007716178894043,7,1,946688,Deterministic-ShortestPath-4x4-FrozenLake-v0,qppo-Hgog-qlr1.0e-3,Hgog,30
0.00025,0.001,0.03739450126886368,-0.0012254882603883743,1.2576655149459839,0.0048951078206300735,-0.0003205984830856323,3.787269815802574e-05,0.0,0.3812018036842346,7,1,947200,Deterministic-ShortestPath-4x4-FrozenLake-v0,qppo-Hgog-qlr1.0e-3,Hgog,30
0.00025,0.001,0.007493322715163231,6.809830665588379e-05,1.2623904943466187,-0.008809144608676434,0.0010861488990485668,1.2101605534553528e-05,0.0,-0.01500082015991211,7,1,947712,Deterministic-ShortestPath-4x4-FrozenLake-v0,qppo-Hgog-qlr1.0e-3,Hgog,30
0.00025,0.001,0.0229550339281559,-2.6669353246688843e-05,1.276525616645813,-0.0013144081458449364,-3.455672413110733e-06,3.3015385270118713e-07,0.0,0.4391706585884094,7,1,948224,Deterministic-ShortestPath-4x4-FrozenLake-v0,qppo-Hgog-qlr1.0e-3,Hgog,30
0.00025,0.001,0.016544999554753304,8.750706911087036e-05,1.2930198907852173,-0.004570191726088524,0.0001587257720530033,1.2508127838373184e-05,0.0,0.36318540573120117,7,1,948736,Deterministic-ShortestPath-4x4-FrozenLake-v0,qppo-Hgog-qlr1.0e-3,Hgog,30
0.00025,0.001,0.0010968144051730633,-0.00012110359966754913,1.2890703678131104,-0.012463399209082127,-0.0002495693042874336,5.935784429311752e-06,0.0,-9.37339973449707,7,1,949248,Deterministic-ShortestPath-4x4-FrozenLake-v0,qppo-Hgog-qlr1.0e-3,Hgog,30
0.00025,0.001,0.03513645753264427,0.00014597922563552856,1.2772154808044434,0.004942053928971291,0.0003331070765852928,1.96932815015316e-05,0.0,0.26009082794189453,7,1,949760,Deterministic-ShortestPath-4x4-FrozenLake-v0,qppo-Hgog-qlr1.0e-3,Hgog,30
0.00025,0.001,0.013957617804408073,-0.0004854351282119751,1.2788206338882446,-0.006294832564890385,0.0005402588285505772,1.542782410979271e-05,0.0,0.30225926637649536,7,1,950272,Deterministic-ShortestPath-4x4-FrozenLake-v0,qppo-Hgog-qlr1.0e-3,Hgog,30
0.00025,0.001,0.025829695165157318,5.3668394684791565e-05,1.2614933252334595,0.0003535831347107887,8.412543684244156e-05,3.500375896692276e-06,0.0,0.3240125775337219,7,1,950784,Deterministic-ShortestPath-4x4-FrozenLake-v0,qppo-Hgog-qlr1.0e-3,Hgog,30
0.00025,0.001,0.03307873383164406,-4.950910806655884e-06,1.2795989513397217,0.0037384266033768654,0.00024263979867100716,4.234723746776581e-06,0.0,0.42222994565963745,7,1,951296,Deterministic-ShortestPath-4x4-FrozenLake-v0,qppo-Hgog-qlr1.0e-3,Hgog,30
0.00025,0.001,0.00531022110953927,-0.002839932218194008,1.2685202360153198,-0.01287002395838499,0.00027496274560689926,3.074249252676964e-05,0.0,-8.436494827270508,7,1,951808,Deterministic-ShortestPath-4x4-FrozenLake-v0,qppo-Hgog-qlr1.0e-3,Hgog,30
0.00025,0.001,0.02147357165813446,-0.0007966421544551849,1.2696088552474976,-0.0027559446170926094,-0.0017068013548851013,9.102700278162956e-05,0.0,0.14040040969848633,7,1,952320,Deterministic-ShortestPath-4x4-FrozenLake-v0,qppo-Hgog-qlr1.0e-3,Hgog,30
0.00025,0.001,0.004905319772660732,-0.00037453556433320045,1.2882405519485474,-0.010804280638694763,0.0005490914918482304,1.3898126780986786e-05,0.0,-0.06455051898956299,7,1,952832,Deterministic-ShortestPath-4x4-FrozenLake-v0,qppo-Hgog-qlr1.0e-3,Hgog,30
0.00025,0.001,0.04186750203371048,-0.00011878460645675659,1.278389573097229,0.008031071163713932,9.977724403142929e-05,7.273629307746887e-07,0.0,0.1912519335746765,7,1,953344,Deterministic-ShortestPath-4x4-FrozenLake-v0,qppo-Hgog-qlr1.0e-3,Hgog,30
0.00025,0.001,0.032872579991817474,6.78282231092453e-05,1.28154718875885,0.0036886464804410934,0.00017333542928099632,1.3047829270362854e-06,0.0,0.3482849597930908,7,1,953856,Deterministic-ShortestPath-4x4-FrozenLake-v0,qppo-Hgog-qlr1.0e-3,Hgog,30
0.00025,0.001,0.028365641832351685,-8.263066411018372e-05,1.288536787033081,0.0012148227542638779,-0.000170024111866951,1.976732164621353e-06,0.0,0.17289412021636963,7,1,954368,Deterministic-ShortestPath-4x4-FrozenLake-v0,qppo-Hgog-qlr1.0e-3,Hgog,30
0.00025,0.001,0.022397233173251152,-6.667338311672211e-05,1.2732576131820679,-0.001600632444024086,-9.673554450273514e-05,9.648501873016357e-07,0.0,0.39141005277633667,7,1,954880,Deterministic-ShortestPath-4x4-FrozenLake-v0,qppo-Hgog-qlr1.0e-3,Hgog,30
0.00025,0.001,0.023947514593601227,-7.174722850322723e-05,1.2872884273529053,-0.0009708739817142487,-7.340963929891586e-05,2.780929207801819e-06,0.0,0.3526421785354614,7,1,955392,Deterministic-ShortestPath-4x4-FrozenLake-v0,qppo-Hgog-qlr1.0e-3,Hgog,30
0.00025,0.001,0.04248742014169693,4.782527685165405e-05,1.2699757814407349,0.00859177764505148,-5.50244003534317e-05,1.0810326784849167e-05,0.0,0.24397319555282593,7,1,955904,Deterministic-ShortestPath-4x4-FrozenLake-v0,qppo-Hgog-qlr1.0e-3,Hgog,30
0.00025,0.001,0.007975851185619831,-0.0002657119184732437,1.2708182334899902,-0.008985968306660652,0.00011252611875534058,3.4463591873645782e-06,0.0,0.147524893283844,7,1,956416,Deterministic-ShortestPath-4x4-FrozenLake-v0,qppo-Hgog-qlr1.0e-3,Hgog,30
0.00025,0.001,0.0148711446672678,-0.00019532442092895508,1.2585268020629883,-0.0053450195118784904,4.992913454771042e-05,1.8426217138767242e-06,0.0,0.2872180938720703,7,1,956928,Deterministic-ShortestPath-4x4-FrozenLake-v0,qppo-Hgog-qlr1.0e-3,Hgog,30
0.00025,0.001,0.014347481541335583,-0.00035858433693647385,1.2701416015625,-0.005886259023100138,0.00028706248849630356,3.473833203315735e-06,0.0,0.2726346254348755,7,1,957440,Deterministic-ShortestPath-4x4-FrozenLake-v0,qppo-Hgog-qlr1.0e-3,Hgog,30
0.00025,0.001,0.011077538132667542,-0.00057225301861763,1.2867460250854492,-0.007900943979620934,0.00040769996121525764,1.1463183909654617e-05,0.0,-0.028966784477233887,7,1,957952,Deterministic-ShortestPath-4x4-FrozenLake-v0,qppo-Hgog-qlr1.0e-3,Hgog,30
0.00025,0.001,0.030757229775190353,-0.0013693906366825104,1.2751550674438477,0.0012576738372445107,0.0012377030216157436,3.423355519771576e-05,0.0,-0.08608770370483398,7,1,958464,Deterministic-ShortestPath-4x4-FrozenLake-v0,qppo-Hgog-qlr1.0e-3,Hgog,30
0.00025,0.001,0.0232998114079237,-2.63899564743042e-05,1.2893316745758057,-0.0012698005884885788,0.00016050785779953003,5.862675607204437e-07,0.0,0.2912299633026123,7,1,958976,Deterministic-ShortestPath-4x4-FrozenLake-v0,qppo-Hgog-qlr1.0e-3,Hgog,30
0.00025,0.001,0.016586827114224434,-0.0006612548604607582,1.2692781686782837,-0.005060622468590736,0.0001402953639626503,7.212627679109573e-06,0.0,-0.1672658920288086,7,1,959488,Deterministic-ShortestPath-4x4-FrozenLake-v0,qppo-Hgog-qlr1.0e-3,Hgog,30
0.00025,0.001,0.013444788753986359,0.0007105749100446701,1.2799363136291504,-0.005366393364965916,-0.0008921381086111069,2.485327422618866e-05,0.0,-0.06214344501495361,7,1,960000,Deterministic-ShortestPath-4x4-FrozenLake-v0,qppo-Hgog-qlr1.0e-3,Hgog,30
0.00025,0.001,0.02727803774178028,-0.00015873834490776062,1.2857998609542847,0.0006222818046808243,9.77320596575737e-05,5.7746656239032745e-06,0.0,0.39100146293640137,7,1,960512,Deterministic-ShortestPath-4x4-FrozenLake-v0,qppo-Hgog-qlr1.0e-3,Hgog,30
0.00025,0.001,0.024991365149617195,-6.665289402008057e-05,1.2799346446990967,-0.00037031620740890503,0.001740708015859127,3.8940925151109695e-05,0.0,0.06067150831222534,7,1,961024,Deterministic-ShortestPath-4x4-FrozenLake-v0,qppo-Hgog-qlr1.0e-3,Hgog,30
0.00025,0.001,0.00863527599722147,-0.0004444718360900879,1.2728044986724854,-0.008854879066348076,-0.0003847801126539707,4.712305963039398e-05,0.0,0.2930852174758911,7,1,961536,Deterministic-ShortestPath-4x4-FrozenLake-v0,qppo-Hgog-qlr1.0e-3,Hgog,30
0.00025,0.001,0.0009202946093864739,9.452924132347107e-06,1.2777900695800781,-0.012308300472795963,0.0005404194816946983,1.1780764907598495e-05,0.0,0.40649110078811646,7,1,962048,Deterministic-ShortestPath-4x4-FrozenLake-v0,qppo-Hgog-qlr1.0e-3,Hgog,30
0.00025,0.001,0.0356912761926651,-0.0009200777858495712,1.2714203596115112,0.0042113568633794785,0.000109831802546978,2.2913794964551926e-05,0.0,0.2344529628753662,7,1,962560,Deterministic-ShortestPath-4x4-FrozenLake-v0,qppo-Hgog-qlr1.0e-3,Hgog,30
0.00025,0.001,0.026767637580633163,-0.0017644669860601425,1.2640541791915894,-0.0010211896151304245,-0.0003704098053276539,7.393630221486092e-05,0.0,0.36199474334716797,7,1,963072,Deterministic-ShortestPath-4x4-FrozenLake-v0,qppo-Hgog-qlr1.0e-3,Hgog,30
0.00025,0.001,0.014829026535153389,0.0013358965516090393,1.267804741859436,-0.00392763689160347,0.0008594077080488205,2.5107525289058685e-05,0.0,0.33006882667541504,7,1,963584,Deterministic-ShortestPath-4x4-FrozenLake-v0,qppo-Hgog-qlr1.0e-3,Hgog,30
0.00025,0.001,0.016541609540581703,-0.00018911808729171753,1.2759429216384888,-0.004677741788327694,0.0004405118525028229,2.246396616101265e-05,0.0,0.21058392524719238,7,1,964096,Deterministic-ShortestPath-4x4-FrozenLake-v0,qppo-Hgog-qlr1.0e-3,Hgog,30
0.00025,0.001,0.021613433957099915,-0.0007888395339250565,1.2670605182647705,-0.0026527270674705505,-0.0005951705388724804,4.955753684043884e-05,0.0,0.25095486640930176,7,1,964608,Deterministic-ShortestPath-4x4-FrozenLake-v0,qppo-Hgog-qlr1.0e-3,Hgog,30
0.00025,0.001,0.022730272263288498,-0.00012554042041301727,1.2940008640289307,-0.0017004124820232391,0.00042144162580370903,1.2528151273727417e-05,0.0,0.3372688889503479,7,1,965120,Deterministic-ShortestPath-4x4-FrozenLake-v0,qppo-Hgog-qlr1.0e-3,Hgog,30
0.00025,0.001,0.02657654695212841,1.1961907148361206e-05,1.2839362621307373,0.0004608733579516411,-5.17209991812706e-06,5.853362381458282e-07,0.0,0.2754284739494324,7,1,965632,Deterministic-ShortestPath-4x4-FrozenLake-v0,qppo-Hgog-qlr1.0e-3,Hgog,30
0.00025,0.001,0.021056538447737694,-2.8230249881744385e-05,1.2968955039978027,-0.002468915656208992,0.0007411749102175236,1.049647107720375e-05,0.0,0.37044960260391235,7,1,966144,Deterministic-ShortestPath-4x4-FrozenLake-v0,qppo-Hgog-qlr1.0e-3,Hgog,30
0.00025,0.001,0.02877505123615265,0.0001224968582391739,1.2861729860305786,0.0016482928767800331,-0.0008848719298839569,1.4047138392925262e-05,0.0,0.13420653343200684,7,1,966656,Deterministic-ShortestPath-4x4-FrozenLake-v0,qppo-Hgog-qlr1.0e-3,Hgog,30
0.00025,0.001,0.017403554171323776,-0.0006655082106590271,1.2651495933532715,-0.00461522676050663,1.1329539120197296e-06,2.0848121494054794e-05,0.0,0.20165222883224487,7,1,967168,Deterministic-ShortestPath-4x4-FrozenLake-v0,qppo-Hgog-qlr1.0e-3,Hgog,30
0.00025,0.001,0.032031599432229996,6.504356861114502e-06,1.2723037004470825,0.003299267031252384,0.00013934355229139328,1.4239922165870667e-06,0.0,0.21664071083068848,7,1,967680,Deterministic-ShortestPath-4x4-FrozenLake-v0,qppo-Hgog-qlr1.0e-3,Hgog,30
0.00025,0.001,0.008622257970273495,-0.000960860401391983,1.2577457427978516,-0.009227188304066658,-0.000341963954269886,2.7146656066179276e-05,0.0,0.19652247428894043,7,1,968192,Deterministic-ShortestPath-4x4-FrozenLake-v0,qppo-Hgog-qlr1.0e-3,Hgog,30
0.00025,0.001,0.0039686840027570724,-0.00026277266442775726,1.2794309854507446,-0.011072739958763123,-0.0010183402337133884,4.3713487684726715e-05,0.0,-0.3756122589111328,7,1,968704,Deterministic-ShortestPath-4x4-FrozenLake-v0,qppo-Hgog-qlr1.0e-3,Hgog,30
0.00025,0.001,0.027030181139707565,-0.00016595423221588135,1.2681342363357544,0.0006677946075797081,-4.6743545681238174e-05,9.401701390743256e-07,0.0,0.20204037427902222,7,1,969216,Deterministic-ShortestPath-4x4-FrozenLake-v0,qppo-Hgog-qlr1.0e-3,Hgog,30
0.00025,0.001,0.026749391108751297,-8.581671863794327e-05,1.2763473987579346,0.0005254046991467476,-9.416323155164719e-05,9.085051715373993e-07,0.0,0.2508751153945923,7,1,969728,Deterministic-ShortestPath-4x4-FrozenLake-v0,qppo-Hgog-qlr1.0e-3,Hgog,30
0.00025,0.001,0.01178104430437088,-0.0003715837374329567,1.2770106792449951,-0.007251167669892311,0.00046217022463679314,5.577690899372101e-06,0.0,0.1935555338859558,7,1,970240,Deterministic-ShortestPath-4x4-FrozenLake-v0,qppo-Hgog-qlr1.0e-3,Hgog,30
0.00025,0.001,0.031412795186042786,-0.0002639293670654297,1.259911060333252,0.0028433576226234436,0.00011640321463346481,2.658925950527191e-06,0.0,0.3446950912475586,7,1,970752,Deterministic-ShortestPath-4x4-FrozenLake-v0,qppo-Hgog-qlr1.0e-3,Hgog,30
0.00025,0.001,0.009087035432457924,0.00014197826385498047,1.285399317741394,-0.008168497122824192,0.00025200238451361656,1.8132850527763367e-06,0.0,0.24565011262893677,7,1,971264,Deterministic-ShortestPath-4x4-FrozenLake-v0,qppo-Hgog-qlr1.0e-3,Hgog,30
0.00025,0.001,0.016920115798711777,-1.1348165571689606e-06,1.277883529663086,-0.004319911822676659,-0.0001508248969912529,5.997717380523682e-07,0.0,0.3227224349975586,7,1,971776,Deterministic-ShortestPath-4x4-FrozenLake-v0,qppo-Hgog-qlr1.0e-3,Hgog,30
0.00025,0.001,0.03508445993065834,-1.5477649867534637e-05,1.281659483909607,0.00471015740185976,-5.0591304898262024e-05,8.89413058757782e-08,0.0,0.344974160194397,7,1,972288,Deterministic-ShortestPath-4x4-FrozenLake-v0,qppo-Hgog-qlr1.0e-3,Hgog,30
0.00025,0.001,0.01711461693048477,-0.0011797547340393066,1.2835276126861572,-0.005457721650600433,0.00048371683806180954,1.2064818292856216e-05,0.0,0.31563448905944824,7,1,972800,Deterministic-ShortestPath-4x4-FrozenLake-v0,qppo-Hgog-qlr1.0e-3,Hgog,30
0.00025,0.001,0.00786568969488144,-0.0008274279534816742,1.259521245956421,-0.009489795193076134,0.0005939425900578499,4.1777268052101135e-05,0.0,0.3286663293838501,7,1,973312,Deterministic-ShortestPath-4x4-FrozenLake-v0,qppo-Hgog-qlr1.0e-3,Hgog,30
0.00025,0.001,0.019666943699121475,0.0003739781677722931,1.2647693157196045,-0.0024402430281043053,3.796722739934921e-05,2.750195562839508e-05,0.0,0.3105037808418274,7,1,973824,Deterministic-ShortestPath-4x4-FrozenLake-v0,qppo-Hgog-qlr1.0e-3,Hgog,30
0.00025,0.001,0.018193017691373825,-0.0001822151243686676,1.2827426195144653,-0.003913132473826408,-0.00011593848466873169,4.467088729143143e-06,0.0,0.29811692237854004,7,1,974336,Deterministic-ShortestPath-4x4-FrozenLake-v0,qppo-Hgog-qlr1.0e-3,Hgog,30
0.00025,0.001,0.02910865843296051,-3.435090184211731e-05,1.2574301958084106,0.0019456762820482254,-5.733780562877655e-05,1.864507794380188e-06,0.0,0.3644869923591614,7,1,974848,Deterministic-ShortestPath-4x4-FrozenLake-v0,qppo-Hgog-qlr1.0e-3,Hgog,30
0.00025,0.001,0.01939919963479042,-0.00036487169563770294,1.2799745798110962,-0.0034650173038244247,8.850637823343277e-05,1.0625924915075302e-05,0.0,0.3158603310585022,7,1,975360,Deterministic-ShortestPath-4x4-FrozenLake-v0,qppo-Hgog-qlr1.0e-3,Hgog,30
0.00025,0.001,0.02844092808663845,5.652382969856262e-05,1.264980673789978,0.0016271816566586494,-0.00011936714872717857,3.7336722016334534e-06,0.0,0.3409348726272583,7,1,975872,Deterministic-ShortestPath-4x4-FrozenLake-v0,qppo-Hgog-qlr1.0e-3,Hgog,30
0.00025,0.001,0.026015495881438255,-0.000849355012178421,1.2820219993591309,-0.0006618266925215721,0.0005857502110302448,1.7492100596427917e-05,0.0,0.4129232168197632,7,1,976384,Deterministic-ShortestPath-4x4-FrozenLake-v0,qppo-Hgog-qlr1.0e-3,Hgog,30
0.00025,0.001,0.030668366700410843,0.00010187923908233643,1.290085792541504,0.0025352053344249725,0.0009735757485032082,1.0849907994270325e-05,0.0,0.3530077338218689,7,1,976896,Deterministic-ShortestPath-4x4-FrozenLake-v0,qppo-Hgog-qlr1.0e-3,Hgog,30
0.00025,0.001,0.028127234429121017,-0.0008291825652122498,1.2927587032318115,0.0003068475052714348,-0.0006438898853957653,2.291705459356308e-05,0.0,0.3239680528640747,7,1,977408,Deterministic-ShortestPath-4x4-FrozenLake-v0,qppo-Hgog-qlr1.0e-3,Hgog,30
0.00025,0.001,0.023223984986543655,-0.0006428360939025879,1.269291639328003,-0.0017237598076462746,0.0006098030135035515,4.0168873965740204e-05,0.0,-0.00026786327362060547,7,1,977920,Deterministic-ShortestPath-4x4-FrozenLake-v0,qppo-Hgog-qlr1.0e-3,Hgog,30
0.00025,0.001,0.022211480885744095,-0.000807503005489707,1.269600749015808,-0.0023977700620889664,0.00021044444292783737,3.4174881875514984e-05,0.0,-0.10190844535827637,7,1,978432,Deterministic-ShortestPath-4x4-FrozenLake-v0,qppo-Hgog-qlr1.0e-3,Hgog,30
0.00025,0.001,0.023703593760728836,0.0015160273760557175,1.2974019050598145,0.000393805094063282,-0.00013114232569932938,4.049716517329216e-05,0.0,0.19751089811325073,7,1,978944,Deterministic-ShortestPath-4x4-FrozenLake-v0,qppo-Hgog-qlr1.0e-3,Hgog,30
0.00025,0.001,0.008602957241237164,-0.000542590394616127,1.2665151357650757,-0.008906261995434761,-0.0003240923397243023,9.791459888219833e-06,0.0,0.2553062438964844,7,1,979456,Deterministic-ShortestPath-4x4-FrozenLake-v0,qppo-Hgog-qlr1.0e-3,Hgog,30
0.00025,0.001,0.018946712836623192,-0.0013264641165733337,1.251859426498413,-0.004371701739728451,-0.0009128306992352009,3.154342994093895e-05,0.0,0.44663816690444946,7,1,979968,Deterministic-ShortestPath-4x4-FrozenLake-v0,qppo-Hgog-qlr1.0e-3,Hgog,30
0.00025,0.001,0.00864179152995348,2.469494938850403e-05,1.270769715309143,-0.00836210697889328,0.00037632230669260025,2.9765069484710693e-06,0.0,0.328899621963501,7,1,980480,Deterministic-ShortestPath-4x4-FrozenLake-v0,qppo-Hgog-qlr1.0e-3,Hgog,30
0.00025,0.001,0.01491251215338707,-0.00034248270094394684,1.2720046043395996,-0.005606272257864475,-0.0004043765366077423,1.5879515558481216e-05,0.0,0.4891284108161926,7,1,980992,Deterministic-ShortestPath-4x4-FrozenLake-v0,qppo-Hgog-qlr1.0e-3,Hgog,30
0.00025,0.001,0.01873340643942356,-0.0013386961072683334,1.258448839187622,-0.004556480795145035,0.00021018460392951965,2.3581087589263916e-05,0.0,-0.5592290163040161,7,1,981504,Deterministic-ShortestPath-4x4-FrozenLake-v0,qppo-Hgog-qlr1.0e-3,Hgog,30
0.00025,0.001,0.011897031217813492,-0.0006731580942869186,1.2545808553695679,-0.007270450703799725,0.0007174569182097912,1.8291175365447998e-05,0.0,0.39973288774490356,7,1,982016,Deterministic-ShortestPath-4x4-FrozenLake-v0,qppo-Hgog-qlr1.0e-3,Hgog,30
0.00025,0.001,0.032676540315151215,0.000494781881570816,1.2565574645996094,0.004267477430403233,-0.0003939308226108551,6.860261783003807e-05,0.0,0.3548277020454407,7,1,982528,Deterministic-ShortestPath-4x4-FrozenLake-v0,qppo-Hgog-qlr1.0e-3,Hgog,30
0.00025,0.001,0.00878674816340208,-0.000362662598490715,1.2706550359725952,-0.008675837889313698,0.00021851854398846626,1.2743286788463593e-05,0.0,0.39097094535827637,7,1,983040,Deterministic-ShortestPath-4x4-FrozenLake-v0,qppo-Hgog-qlr1.0e-3,Hgog,30
0.00025,0.001,0.030336495488882065,-0.001352374441921711,1.2890980243682861,0.0009248936548829079,-0.0001902775838971138,1.5603378415107727e-05,0.0,0.096030592918396,7,1,983552,Deterministic-ShortestPath-4x4-FrozenLake-v0,qppo-Hgog-qlr1.0e-3,Hgog,30
0.00025,0.001,0.011150206439197063,-0.00014609657227993011,1.2791625261306763,-0.007362618576735258,-4.477798938751221e-05,1.339241862297058e-06,0.0,0.16648364067077637,7,1,984064,Deterministic-ShortestPath-4x4-FrozenLake-v0,qppo-Hgog-qlr1.0e-3,Hgog,30
0.00025,0.001,0.02061859890818596,-2.7164816856384277e-05,1.2718485593795776,-0.002436351031064987,-3.8477592170238495e-05,8.470378816127777e-07,0.0,0.29752790927886963,7,1,984576,Deterministic-ShortestPath-4x4-FrozenLake-v0,qppo-Hgog-qlr1.0e-3,Hgog,30
0.00025,0.001,0.03238332271575928,-0.00018681399524211884,1.2873210906982422,0.003131636418402195,-0.00015738001093268394,1.084897667169571e-05,0.0,0.40650200843811035,7,1,985088,Deterministic-ShortestPath-4x4-FrozenLake-v0,qppo-Hgog-qlr1.0e-3,Hgog,30
0.00025,0.001,0.026488047093153,-0.00029313936829566956,1.2778059244155884,0.00017282553017139435,0.0009230352006852627,2.0392239093780518e-05,0.0,0.29452407360076904,7,1,985600,Deterministic-ShortestPath-4x4-FrozenLake-v0,qppo-Hgog-qlr1.0e-3,Hgog,30
0.00025,0.001,0.01176219992339611,-5.1314011216163635e-05,1.270923137664795,-0.006879445165395737,6.814301013946533e-05,7.417984306812286e-07,0.0,0.21976369619369507,7,1,986112,Deterministic-ShortestPath-4x4-FrozenLake-v0,qppo-Hgog-qlr1.0e-3,Hgog,30
0.00025,0.001,0.0006005782051943243,-0.00024837255477905273,1.2736730575561523,-0.01268481370061636,0.0002792053855955601,7.725320756435394e-06,0.0,-9.264071464538574,7,1,986624,Deterministic-ShortestPath-4x4-FrozenLake-v0,qppo-Hgog-qlr1.0e-3,Hgog,30
0.00025,0.001,0.011230548843741417,-9.397906251251698e-05,1.2849109172821045,-0.007327813655138016,0.0002513262443244457,4.281289875507355e-06,0.0,0.2825462222099304,7,1,987136,Deterministic-ShortestPath-4x4-FrozenLake-v0,qppo-Hgog-qlr1.0e-3,Hgog,30
0.00025,0.001,0.02242126688361168,-0.00013901479542255402,1.2935166358947754,-0.0018635476008057594,-5.103647708892822e-05,2.6542693376541138e-06,0.0,0.22189658880233765,7,1,987648,Deterministic-ShortestPath-4x4-FrozenLake-v0,qppo-Hgog-qlr1.0e-3,Hgog,30
0.00025,0.001,0.015883108600974083,-0.000555429607629776,1.2776291370391846,-0.00539016630500555,4.506437107920647e-05,1.7905142158269882e-05,0.0,0.24299752712249756,7,1,988160,Deterministic-ShortestPath-4x4-FrozenLake-v0,qppo-Hgog-qlr1.0e-3,Hgog,30
0.00025,0.001,0.024113276973366737,-0.0005483562126755714,1.266931414604187,-0.001161031424999237,0.00023227324709296227,1.3662036508321762e-05,0.0,0.2593485713005066,7,1,988672,Deterministic-ShortestPath-4x4-FrozenLake-v0,qppo-Hgog-qlr1.0e-3,Hgog,30
0.00025,0.001,0.006958488840609789,-6.778724491596222e-05,1.2564696073532104,-0.009153238497674465,0.00038595637306571007,1.0157469660043716e-05,0.0,0.3534700870513916,7,1,989184,Deterministic-ShortestPath-4x4-FrozenLake-v0,qppo-Hgog-qlr1.0e-3,Hgog,30
0.00025,0.001,0.018884925171732903,-0.00021042302250862122,1.2677628993988037,-0.0034455889835953712,0.0003617946058511734,7.394701242446899e-06,0.0,0.3347499966621399,7,1,989696,Deterministic-ShortestPath-4x4-FrozenLake-v0,qppo-Hgog-qlr1.0e-3,Hgog,30
0.00025,0.001,0.02949974313378334,-0.0002747904509305954,1.2864184379577637,0.0016108974814414978,-0.00010275375097990036,6.132293492555618e-06,0.0,0.49208980798721313,7,1,990208,Deterministic-ShortestPath-4x4-FrozenLake-v0,qppo-Hgog-qlr1.0e-3,Hgog,30
0.00025,0.001,0.014981056563556194,-0.0002816393971443176,1.3048746585845947,-0.005839857738465071,0.00030406611040234566,2.191169187426567e-05,0.0,0.37250441312789917,7,1,990720,Deterministic-ShortestPath-4x4-FrozenLake-v0,qppo-Hgog-qlr1.0e-3,Hgog,30
0.00025,0.001,0.02391602098941803,0.00010119611397385597,1.2785608768463135,-0.0007264018058776855,-4.7229230403900146e-05,1.2921635061502457e-05,0.0,0.03540194034576416,7,1,991232,Deterministic-ShortestPath-4x4-FrozenLake-v0,qppo-Hgog-qlr1.0e-3,Hgog,30
0.00025,0.001,0.04172615706920624,-0.0002717450261116028,1.2717034816741943,0.007874298840761185,-0.0004230416379868984,8.45314934849739e-06,0.0,0.2704550623893738,7,1,991744,Deterministic-ShortestPath-4x4-FrozenLake-v0,qppo-Hgog-qlr1.0e-3,Hgog,30
0.00025,0.001,0.009731593541800976,-0.0002059340476989746,1.2893974781036377,-0.008234111592173576,0.0002064867876470089,4.190951585769653e-06,0.0,0.25511741638183594,7,1,992256,Deterministic-ShortestPath-4x4-FrozenLake-v0,qppo-Hgog-qlr1.0e-3,Hgog,30
0.00025,0.001,0.04766298830509186,-9.070895612239838e-05,1.290480136871338,0.010835983790457249,-1.9368715584278107e-05,7.860362529754639e-06,0.0,0.2599840760231018,7,1,992768,Deterministic-ShortestPath-4x4-FrozenLake-v0,qppo-Hgog-qlr1.0e-3,Hgog,30
0.00025,0.001,0.015748944133520126,0.0003813430666923523,1.2871190309524536,-0.004615374840795994,-0.0004601581022143364,4.6351924538612366e-06,0.0,0.3688742518424988,7,1,993280,Deterministic-ShortestPath-4x4-FrozenLake-v0,qppo-Hgog-qlr1.0e-3,Hgog,30
0.00025,0.001,0.0119829336181283,-0.00010026246309280396,1.2828119993209839,-0.006936915684491396,0.00037885457277297974,5.6438148021698e-06,0.0,0.14309406280517578,7,1,993792,Deterministic-ShortestPath-4x4-FrozenLake-v0,qppo-Hgog-qlr1.0e-3,Hgog,30
0.00025,0.001,0.02358286827802658,-0.0003324747085571289,1.2611446380615234,-0.00115248654037714,-9.564589709043503e-05,6.8587251007556915e-06,0.0,0.2768062949180603,7,1,994304,Deterministic-ShortestPath-4x4-FrozenLake-v0,qppo-Hgog-qlr1.0e-3,Hgog,30
0.00025,0.001,0.023114247247576714,-0.00030081719160079956,1.2894474267959595,-0.0016381675377488136,0.00030766380950808525,1.744180917739868e-05,0.0,0.31102192401885986,7,1,994816,Deterministic-ShortestPath-4x4-FrozenLake-v0,qppo-Hgog-qlr1.0e-3,Hgog,30
0.00025,0.001,0.028474140912294388,0.0005348585546016693,1.2908416986465454,0.001863512210547924,0.0005903379060328007,1.0415911674499512e-05,0.0,0.4253653883934021,7,1,995328,Deterministic-ShortestPath-4x4-FrozenLake-v0,qppo-Hgog-qlr1.0e-3,Hgog,30
0.00025,0.001,0.03505048155784607,0.000497281551361084,1.2747619152069092,0.005274903029203415,-0.0002965405583381653,3.419816493988037e-06,0.0,0.306576669216156,7,1,995840,Deterministic-ShortestPath-4x4-FrozenLake-v0,qppo-Hgog-qlr1.0e-3,Hgog,30
0.00025,0.001,0.013287174515426159,-0.0007240772247314453,1.2735615968704224,-0.006816105451434851,0.0017117173410952091,4.020007327198982e-05,0.0,0.21184927225112915,7,1,996352,Deterministic-ShortestPath-4x4-FrozenLake-v0,qppo-Hgog-qlr1.0e-3,Hgog,30
0.00025,0.001,0.0011560691054910421,-0.0007944218814373016,1.285827398300171,-0.013074660673737526,0.0006756349466741085,4.8002228140830994e-05,0.0,-6.815989971160889,7,1,996864,Deterministic-ShortestPath-4x4-FrozenLake-v0,qppo-Hgog-qlr1.0e-3,Hgog,30
0.00025,0.001,0.0206981860101223,-0.0010520778596401215,1.2786266803741455,-0.003489251248538494,0.00038499245420098305,3.200024366378784e-05,0.0,0.49682706594467163,7,1,997376,Deterministic-ShortestPath-4x4-FrozenLake-v0,qppo-Hgog-qlr1.0e-3,Hgog,30
0.00025,0.001,0.02834046445786953,-0.0003724750131368637,1.2766677141189575,0.0010310802608728409,0.0002165352925658226,8.58725979924202e-06,0.0,0.23824238777160645,7,1,997888,Deterministic-ShortestPath-4x4-FrozenLake-v0,qppo-Hgog-qlr1.0e-3,Hgog,30
0.00025,0.001,0.011291151866316795,0.0006116442382335663,1.2819417715072632,-0.006562197580933571,0.0007245568558573723,3.1680334359407425e-05,0.0,0.2405557632446289,7,1,998400,Deterministic-ShortestPath-4x4-FrozenLake-v0,qppo-Hgog-qlr1.0e-3,Hgog,30
0.00025,0.001,0.022247597575187683,0.00018324702978134155,1.2718805074691772,-0.0014117592945694923,0.0002472950145602226,2.0015984773635864e-05,0.0,0.1841774582862854,7,1,998912,Deterministic-ShortestPath-4x4-FrozenLake-v0,qppo-Hgog-qlr1.0e-3,Hgog,30
0.00025,0.001,0.006518097594380379,-0.0001820521429181099,1.2654271125793457,-0.009577274322509766,0.0005067205056548119,2.0991545170545578e-05,0.0,-0.08571004867553711,7,1,999424,Deterministic-ShortestPath-4x4-FrozenLake-v0,qppo-Hgog-qlr1.0e-3,Hgog,30
0.00025,0.001,0.029989201575517654,-0.00017875246703624725,1.2782998085021973,0.002032850868999958,0.000418798066675663,1.1402182281017303e-05,0.0,0.1668427586555481,7,1,999936,Deterministic-ShortestPath-4x4-FrozenLake-v0,qppo-Hgog-qlr1.0e-3,Hgog,30
