episode_reward,episode_length,global_step,gym_id,exp_name,circuit,seed
13.0,13,52,CartPole-v1,"CP-ppo-ac-NN(6,6)-(lr=1.0e-5)-(86-params)",classic_NN_6-6,40
17.0,17,68,CartPole-v1,"CP-ppo-ac-NN(6,6)-(lr=1.0e-5)-(86-params)",classic_NN_6-6,40
24.0,24,96,CartPole-v1,"CP-ppo-ac-NN(6,6)-(lr=1.0e-5)-(86-params)",classic_NN_6-6,40
12.0,12,100,CartPole-v1,"CP-ppo-ac-NN(6,6)-(lr=1.0e-5)-(86-params)",classic_NN_6-6,40
33.0,33,132,CartPole-v1,"CP-ppo-ac-NN(6,6)-(lr=1.0e-5)-(86-params)",classic_NN_6-6,40
10.0,10,136,CartPole-v1,"CP-ppo-ac-NN(6,6)-(lr=1.0e-5)-(86-params)",classic_NN_6-6,40
14.0,14,156,CartPole-v1,"CP-ppo-ac-NN(6,6)-(lr=1.0e-5)-(86-params)",classic_NN_6-6,40
11.0,11,176,CartPole-v1,"CP-ppo-ac-NN(6,6)-(lr=1.0e-5)-(86-params)",classic_NN_6-6,40
32.0,32,196,CartPole-v1,"CP-ppo-ac-NN(6,6)-(lr=1.0e-5)-(86-params)",classic_NN_6-6,40
22.0,22,224,CartPole-v1,"CP-ppo-ac-NN(6,6)-(lr=1.0e-5)-(86-params)",classic_NN_6-6,40
18.0,18,228,CartPole-v1,"CP-ppo-ac-NN(6,6)-(lr=1.0e-5)-(86-params)",classic_NN_6-6,40
13.0,13,280,CartPole-v1,"CP-ppo-ac-NN(6,6)-(lr=1.0e-5)-(86-params)",classic_NN_6-6,40
29.0,29,292,CartPole-v1,"CP-ppo-ac-NN(6,6)-(lr=1.0e-5)-(86-params)",classic_NN_6-6,40
25.0,25,296,CartPole-v1,"CP-ppo-ac-NN(6,6)-(lr=1.0e-5)-(86-params)",classic_NN_6-6,40
19.0,19,300,CartPole-v1,"CP-ppo-ac-NN(6,6)-(lr=1.0e-5)-(86-params)",classic_NN_6-6,40
15.0,15,356,CartPole-v1,"CP-ppo-ac-NN(6,6)-(lr=1.0e-5)-(86-params)",classic_NN_6-6,40
24.0,24,376,CartPole-v1,"CP-ppo-ac-NN(6,6)-(lr=1.0e-5)-(86-params)",classic_NN_6-6,40
21.0,21,376,CartPole-v1,"CP-ppo-ac-NN(6,6)-(lr=1.0e-5)-(86-params)",classic_NN_6-6,40
23.0,23,392,CartPole-v1,"CP-ppo-ac-NN(6,6)-(lr=1.0e-5)-(86-params)",classic_NN_6-6,40
20.0,20,436,CartPole-v1,"CP-ppo-ac-NN(6,6)-(lr=1.0e-5)-(86-params)",classic_NN_6-6,40
16.0,16,440,CartPole-v1,"CP-ppo-ac-NN(6,6)-(lr=1.0e-5)-(86-params)",classic_NN_6-6,40
20.0,20,456,CartPole-v1,"CP-ppo-ac-NN(6,6)-(lr=1.0e-5)-(86-params)",classic_NN_6-6,40
17.0,17,460,CartPole-v1,"CP-ppo-ac-NN(6,6)-(lr=1.0e-5)-(86-params)",classic_NN_6-6,40
13.0,13,492,CartPole-v1,"CP-ppo-ac-NN(6,6)-(lr=1.0e-5)-(86-params)",classic_NN_6-6,40
17.0,17,504,CartPole-v1,"CP-ppo-ac-NN(6,6)-(lr=1.0e-5)-(86-params)",classic_NN_6-6,40
24.0,24,552,CartPole-v1,"CP-ppo-ac-NN(6,6)-(lr=1.0e-5)-(86-params)",classic_NN_6-6,40
12.0,12,552,CartPole-v1,"CP-ppo-ac-NN(6,6)-(lr=1.0e-5)-(86-params)",classic_NN_6-6,40
21.0,21,576,CartPole-v1,"CP-ppo-ac-NN(6,6)-(lr=1.0e-5)-(86-params)",classic_NN_6-6,40
13.0,13,604,CartPole-v1,"CP-ppo-ac-NN(6,6)-(lr=1.0e-5)-(86-params)",classic_NN_6-6,40
21.0,21,636,CartPole-v1,"CP-ppo-ac-NN(6,6)-(lr=1.0e-5)-(86-params)",classic_NN_6-6,40
50.0,50,660,CartPole-v1,"CP-ppo-ac-NN(6,6)-(lr=1.0e-5)-(86-params)",classic_NN_6-6,40
33.0,33,708,CartPole-v1,"CP-ppo-ac-NN(6,6)-(lr=1.0e-5)-(86-params)",classic_NN_6-6,40
22.0,22,724,CartPole-v1,"CP-ppo-ac-NN(6,6)-(lr=1.0e-5)-(86-params)",classic_NN_6-6,40
20.0,20,740,CartPole-v1,"CP-ppo-ac-NN(6,6)-(lr=1.0e-5)-(86-params)",classic_NN_6-6,40
35.0,35,744,CartPole-v1,"CP-ppo-ac-NN(6,6)-(lr=1.0e-5)-(86-params)",classic_NN_6-6,40
12.0,12,772,CartPole-v1,"CP-ppo-ac-NN(6,6)-(lr=1.0e-5)-(86-params)",classic_NN_6-6,40
22.0,22,832,CartPole-v1,"CP-ppo-ac-NN(6,6)-(lr=1.0e-5)-(86-params)",classic_NN_6-6,40
17.0,17,840,CartPole-v1,"CP-ppo-ac-NN(6,6)-(lr=1.0e-5)-(86-params)",classic_NN_6-6,40
13.0,13,884,CartPole-v1,"CP-ppo-ac-NN(6,6)-(lr=1.0e-5)-(86-params)",classic_NN_6-6,40
50.0,50,908,CartPole-v1,"CP-ppo-ac-NN(6,6)-(lr=1.0e-5)-(86-params)",classic_NN_6-6,40
12.0,12,932,CartPole-v1,"CP-ppo-ac-NN(6,6)-(lr=1.0e-5)-(86-params)",classic_NN_6-6,40
25.0,25,940,CartPole-v1,"CP-ppo-ac-NN(6,6)-(lr=1.0e-5)-(86-params)",classic_NN_6-6,40
58.0,58,972,CartPole-v1,"CP-ppo-ac-NN(6,6)-(lr=1.0e-5)-(86-params)",classic_NN_6-6,40
12.0,12,1020,CartPole-v1,"CP-ppo-ac-NN(6,6)-(lr=1.0e-5)-(86-params)",classic_NN_6-6,40
25.0,25,1040,CartPole-v1,"CP-ppo-ac-NN(6,6)-(lr=1.0e-5)-(86-params)",classic_NN_6-6,40
34.0,34,1044,CartPole-v1,"CP-ppo-ac-NN(6,6)-(lr=1.0e-5)-(86-params)",classic_NN_6-6,40
30.0,30,1052,CartPole-v1,"CP-ppo-ac-NN(6,6)-(lr=1.0e-5)-(86-params)",classic_NN_6-6,40
19.0,19,1116,CartPole-v1,"CP-ppo-ac-NN(6,6)-(lr=1.0e-5)-(86-params)",classic_NN_6-6,40
25.0,25,1120,CartPole-v1,"CP-ppo-ac-NN(6,6)-(lr=1.0e-5)-(86-params)",classic_NN_6-6,40
24.0,24,1140,CartPole-v1,"CP-ppo-ac-NN(6,6)-(lr=1.0e-5)-(86-params)",classic_NN_6-6,40
10.0,10,1160,CartPole-v1,"CP-ppo-ac-NN(6,6)-(lr=1.0e-5)-(86-params)",classic_NN_6-6,40
14.0,14,1172,CartPole-v1,"CP-ppo-ac-NN(6,6)-(lr=1.0e-5)-(86-params)",classic_NN_6-6,40
15.0,15,1200,CartPole-v1,"CP-ppo-ac-NN(6,6)-(lr=1.0e-5)-(86-params)",classic_NN_6-6,40
39.0,39,1208,CartPole-v1,"CP-ppo-ac-NN(6,6)-(lr=1.0e-5)-(86-params)",classic_NN_6-6,40
9.0,9,1208,CartPole-v1,"CP-ppo-ac-NN(6,6)-(lr=1.0e-5)-(86-params)",classic_NN_6-6,40
20.0,20,1240,CartPole-v1,"CP-ppo-ac-NN(6,6)-(lr=1.0e-5)-(86-params)",classic_NN_6-6,40
12.0,12,1256,CartPole-v1,"CP-ppo-ac-NN(6,6)-(lr=1.0e-5)-(86-params)",classic_NN_6-6,40
16.0,16,1264,CartPole-v1,"CP-ppo-ac-NN(6,6)-(lr=1.0e-5)-(86-params)",classic_NN_6-6,40
21.0,21,1292,CartPole-v1,"CP-ppo-ac-NN(6,6)-(lr=1.0e-5)-(86-params)",classic_NN_6-6,40
16.0,16,1320,CartPole-v1,"CP-ppo-ac-NN(6,6)-(lr=1.0e-5)-(86-params)",classic_NN_6-6,40
12.0,12,1340,CartPole-v1,"CP-ppo-ac-NN(6,6)-(lr=1.0e-5)-(86-params)",classic_NN_6-6,40
27.0,27,1348,CartPole-v1,"CP-ppo-ac-NN(6,6)-(lr=1.0e-5)-(86-params)",classic_NN_6-6,40
22.0,22,1352,CartPole-v1,"CP-ppo-ac-NN(6,6)-(lr=1.0e-5)-(86-params)",classic_NN_6-6,40
10.0,10,1360,CartPole-v1,"CP-ppo-ac-NN(6,6)-(lr=1.0e-5)-(86-params)",classic_NN_6-6,40
12.0,12,1396,CartPole-v1,"CP-ppo-ac-NN(6,6)-(lr=1.0e-5)-(86-params)",classic_NN_6-6,40
17.0,17,1408,CartPole-v1,"CP-ppo-ac-NN(6,6)-(lr=1.0e-5)-(86-params)",classic_NN_6-6,40
22.0,22,1448,CartPole-v1,"CP-ppo-ac-NN(6,6)-(lr=1.0e-5)-(86-params)",classic_NN_6-6,40
26.0,26,1456,CartPole-v1,"CP-ppo-ac-NN(6,6)-(lr=1.0e-5)-(86-params)",classic_NN_6-6,40
22.0,22,1484,CartPole-v1,"CP-ppo-ac-NN(6,6)-(lr=1.0e-5)-(86-params)",classic_NN_6-6,40
20.0,20,1488,CartPole-v1,"CP-ppo-ac-NN(6,6)-(lr=1.0e-5)-(86-params)",classic_NN_6-6,40
24.0,24,1544,CartPole-v1,"CP-ppo-ac-NN(6,6)-(lr=1.0e-5)-(86-params)",classic_NN_6-6,40
19.0,19,1560,CartPole-v1,"CP-ppo-ac-NN(6,6)-(lr=1.0e-5)-(86-params)",classic_NN_6-6,40
27.0,27,1564,CartPole-v1,"CP-ppo-ac-NN(6,6)-(lr=1.0e-5)-(86-params)",classic_NN_6-6,40
30.0,30,1608,CartPole-v1,"CP-ppo-ac-NN(6,6)-(lr=1.0e-5)-(86-params)",classic_NN_6-6,40
20.0,20,1624,CartPole-v1,"CP-ppo-ac-NN(6,6)-(lr=1.0e-5)-(86-params)",classic_NN_6-6,40
16.0,16,1624,CartPole-v1,"CP-ppo-ac-NN(6,6)-(lr=1.0e-5)-(86-params)",classic_NN_6-6,40
12.0,12,1656,CartPole-v1,"CP-ppo-ac-NN(6,6)-(lr=1.0e-5)-(86-params)",classic_NN_6-6,40
10.0,10,1664,CartPole-v1,"CP-ppo-ac-NN(6,6)-(lr=1.0e-5)-(86-params)",classic_NN_6-6,40
14.0,14,1712,CartPole-v1,"CP-ppo-ac-NN(6,6)-(lr=1.0e-5)-(86-params)",classic_NN_6-6,40
43.0,43,1736,CartPole-v1,"CP-ppo-ac-NN(6,6)-(lr=1.0e-5)-(86-params)",classic_NN_6-6,40
24.0,24,1760,CartPole-v1,"CP-ppo-ac-NN(6,6)-(lr=1.0e-5)-(86-params)",classic_NN_6-6,40
13.0,13,1788,CartPole-v1,"CP-ppo-ac-NN(6,6)-(lr=1.0e-5)-(86-params)",classic_NN_6-6,40
45.0,45,1804,CartPole-v1,"CP-ppo-ac-NN(6,6)-(lr=1.0e-5)-(86-params)",classic_NN_6-6,40
14.0,14,1816,CartPole-v1,"CP-ppo-ac-NN(6,6)-(lr=1.0e-5)-(86-params)",classic_NN_6-6,40
11.0,11,1860,CartPole-v1,"CP-ppo-ac-NN(6,6)-(lr=1.0e-5)-(86-params)",classic_NN_6-6,40
15.0,15,1864,CartPole-v1,"CP-ppo-ac-NN(6,6)-(lr=1.0e-5)-(86-params)",classic_NN_6-6,40
20.0,20,1868,CartPole-v1,"CP-ppo-ac-NN(6,6)-(lr=1.0e-5)-(86-params)",classic_NN_6-6,40
45.0,45,1892,CartPole-v1,"CP-ppo-ac-NN(6,6)-(lr=1.0e-5)-(86-params)",classic_NN_6-6,40
12.0,12,1912,CartPole-v1,"CP-ppo-ac-NN(6,6)-(lr=1.0e-5)-(86-params)",classic_NN_6-6,40
18.0,18,1940,CartPole-v1,"CP-ppo-ac-NN(6,6)-(lr=1.0e-5)-(86-params)",classic_NN_6-6,40
21.0,21,1944,CartPole-v1,"CP-ppo-ac-NN(6,6)-(lr=1.0e-5)-(86-params)",classic_NN_6-6,40
15.0,15,1972,CartPole-v1,"CP-ppo-ac-NN(6,6)-(lr=1.0e-5)-(86-params)",classic_NN_6-6,40
24.0,24,1988,CartPole-v1,"CP-ppo-ac-NN(6,6)-(lr=1.0e-5)-(86-params)",classic_NN_6-6,40
16.0,16,2004,CartPole-v1,"CP-ppo-ac-NN(6,6)-(lr=1.0e-5)-(86-params)",classic_NN_6-6,40
19.0,19,2048,CartPole-v1,"CP-ppo-ac-NN(6,6)-(lr=1.0e-5)-(86-params)",classic_NN_6-6,40
28.0,28,2056,CartPole-v1,"CP-ppo-ac-NN(6,6)-(lr=1.0e-5)-(86-params)",classic_NN_6-6,40
17.0,17,2072,CartPole-v1,"CP-ppo-ac-NN(6,6)-(lr=1.0e-5)-(86-params)",classic_NN_6-6,40
16.0,16,2112,CartPole-v1,"CP-ppo-ac-NN(6,6)-(lr=1.0e-5)-(86-params)",classic_NN_6-6,40
33.0,33,2120,CartPole-v1,"CP-ppo-ac-NN(6,6)-(lr=1.0e-5)-(86-params)",classic_NN_6-6,40
19.0,19,2132,CartPole-v1,"CP-ppo-ac-NN(6,6)-(lr=1.0e-5)-(86-params)",classic_NN_6-6,40
11.0,11,2176,CartPole-v1,"CP-ppo-ac-NN(6,6)-(lr=1.0e-5)-(86-params)",classic_NN_6-6,40
28.0,28,2184,CartPole-v1,"CP-ppo-ac-NN(6,6)-(lr=1.0e-5)-(86-params)",classic_NN_6-6,40
17.0,17,2188,CartPole-v1,"CP-ppo-ac-NN(6,6)-(lr=1.0e-5)-(86-params)",classic_NN_6-6,40
24.0,24,2208,CartPole-v1,"CP-ppo-ac-NN(6,6)-(lr=1.0e-5)-(86-params)",classic_NN_6-6,40
15.0,15,2268,CartPole-v1,"CP-ppo-ac-NN(6,6)-(lr=1.0e-5)-(86-params)",classic_NN_6-6,40
25.0,25,2288,CartPole-v1,"CP-ppo-ac-NN(6,6)-(lr=1.0e-5)-(86-params)",classic_NN_6-6,40
29.0,29,2292,CartPole-v1,"CP-ppo-ac-NN(6,6)-(lr=1.0e-5)-(86-params)",classic_NN_6-6,40
11.0,11,2312,CartPole-v1,"CP-ppo-ac-NN(6,6)-(lr=1.0e-5)-(86-params)",classic_NN_6-6,40
38.0,38,2336,CartPole-v1,"CP-ppo-ac-NN(6,6)-(lr=1.0e-5)-(86-params)",classic_NN_6-6,40
16.0,16,2376,CartPole-v1,"CP-ppo-ac-NN(6,6)-(lr=1.0e-5)-(86-params)",classic_NN_6-6,40
26.0,26,2396,CartPole-v1,"CP-ppo-ac-NN(6,6)-(lr=1.0e-5)-(86-params)",classic_NN_6-6,40
17.0,17,2404,CartPole-v1,"CP-ppo-ac-NN(6,6)-(lr=1.0e-5)-(86-params)",classic_NN_6-6,40
17.0,17,2464,CartPole-v1,"CP-ppo-ac-NN(6,6)-(lr=1.0e-5)-(86-params)",classic_NN_6-6,40
48.0,48,2480,CartPole-v1,"CP-ppo-ac-NN(6,6)-(lr=1.0e-5)-(86-params)",classic_NN_6-6,40
20.0,20,2484,CartPole-v1,"CP-ppo-ac-NN(6,6)-(lr=1.0e-5)-(86-params)",classic_NN_6-6,40
30.0,30,2496,CartPole-v1,"CP-ppo-ac-NN(6,6)-(lr=1.0e-5)-(86-params)",classic_NN_6-6,40
14.0,14,2552,CartPole-v1,"CP-ppo-ac-NN(6,6)-(lr=1.0e-5)-(86-params)",classic_NN_6-6,40
16.0,16,2616,CartPole-v1,"CP-ppo-ac-NN(6,6)-(lr=1.0e-5)-(86-params)",classic_NN_6-6,40
46.0,46,2648,CartPole-v1,"CP-ppo-ac-NN(6,6)-(lr=1.0e-5)-(86-params)",classic_NN_6-6,40
42.0,42,2652,CartPole-v1,"CP-ppo-ac-NN(6,6)-(lr=1.0e-5)-(86-params)",classic_NN_6-6,40
10.0,10,2656,CartPole-v1,"CP-ppo-ac-NN(6,6)-(lr=1.0e-5)-(86-params)",classic_NN_6-6,40
51.0,51,2684,CartPole-v1,"CP-ppo-ac-NN(6,6)-(lr=1.0e-5)-(86-params)",classic_NN_6-6,40
15.0,15,2708,CartPole-v1,"CP-ppo-ac-NN(6,6)-(lr=1.0e-5)-(86-params)",classic_NN_6-6,40
15.0,15,2716,CartPole-v1,"CP-ppo-ac-NN(6,6)-(lr=1.0e-5)-(86-params)",classic_NN_6-6,40
21.0,21,2736,CartPole-v1,"CP-ppo-ac-NN(6,6)-(lr=1.0e-5)-(86-params)",classic_NN_6-6,40
16.0,16,2748,CartPole-v1,"CP-ppo-ac-NN(6,6)-(lr=1.0e-5)-(86-params)",classic_NN_6-6,40
17.0,17,2776,CartPole-v1,"CP-ppo-ac-NN(6,6)-(lr=1.0e-5)-(86-params)",classic_NN_6-6,40
11.0,11,2780,CartPole-v1,"CP-ppo-ac-NN(6,6)-(lr=1.0e-5)-(86-params)",classic_NN_6-6,40
21.0,21,2800,CartPole-v1,"CP-ppo-ac-NN(6,6)-(lr=1.0e-5)-(86-params)",classic_NN_6-6,40
17.0,17,2816,CartPole-v1,"CP-ppo-ac-NN(6,6)-(lr=1.0e-5)-(86-params)",classic_NN_6-6,40
19.0,19,2856,CartPole-v1,"CP-ppo-ac-NN(6,6)-(lr=1.0e-5)-(86-params)",classic_NN_6-6,40
23.0,23,2868,CartPole-v1,"CP-ppo-ac-NN(6,6)-(lr=1.0e-5)-(86-params)",classic_NN_6-6,40
14.0,14,2924,CartPole-v1,"CP-ppo-ac-NN(6,6)-(lr=1.0e-5)-(86-params)",classic_NN_6-6,40
30.0,30,2936,CartPole-v1,"CP-ppo-ac-NN(6,6)-(lr=1.0e-5)-(86-params)",classic_NN_6-6,40
28.0,28,2968,CartPole-v1,"CP-ppo-ac-NN(6,6)-(lr=1.0e-5)-(86-params)",classic_NN_6-6,40
43.0,43,2972,CartPole-v1,"CP-ppo-ac-NN(6,6)-(lr=1.0e-5)-(86-params)",classic_NN_6-6,40
15.0,15,2984,CartPole-v1,"CP-ppo-ac-NN(6,6)-(lr=1.0e-5)-(86-params)",classic_NN_6-6,40
13.0,13,3024,CartPole-v1,"CP-ppo-ac-NN(6,6)-(lr=1.0e-5)-(86-params)",classic_NN_6-6,40
24.0,24,3032,CartPole-v1,"CP-ppo-ac-NN(6,6)-(lr=1.0e-5)-(86-params)",classic_NN_6-6,40
20.0,20,3104,CartPole-v1,"CP-ppo-ac-NN(6,6)-(lr=1.0e-5)-(86-params)",classic_NN_6-6,40
30.0,30,3104,CartPole-v1,"CP-ppo-ac-NN(6,6)-(lr=1.0e-5)-(86-params)",classic_NN_6-6,40
36.0,36,3112,CartPole-v1,"CP-ppo-ac-NN(6,6)-(lr=1.0e-5)-(86-params)",classic_NN_6-6,40
28.0,28,3144,CartPole-v1,"CP-ppo-ac-NN(6,6)-(lr=1.0e-5)-(86-params)",classic_NN_6-6,40
14.0,14,3160,CartPole-v1,"CP-ppo-ac-NN(6,6)-(lr=1.0e-5)-(86-params)",classic_NN_6-6,40
19.0,19,3180,CartPole-v1,"CP-ppo-ac-NN(6,6)-(lr=1.0e-5)-(86-params)",classic_NN_6-6,40
12.0,12,3192,CartPole-v1,"CP-ppo-ac-NN(6,6)-(lr=1.0e-5)-(86-params)",classic_NN_6-6,40
19.0,19,3236,CartPole-v1,"CP-ppo-ac-NN(6,6)-(lr=1.0e-5)-(86-params)",classic_NN_6-6,40
26.0,26,3284,CartPole-v1,"CP-ppo-ac-NN(6,6)-(lr=1.0e-5)-(86-params)",classic_NN_6-6,40
16.0,16,3300,CartPole-v1,"CP-ppo-ac-NN(6,6)-(lr=1.0e-5)-(86-params)",classic_NN_6-6,40
60.0,60,3352,CartPole-v1,"CP-ppo-ac-NN(6,6)-(lr=1.0e-5)-(86-params)",classic_NN_6-6,40
15.0,15,3360,CartPole-v1,"CP-ppo-ac-NN(6,6)-(lr=1.0e-5)-(86-params)",classic_NN_6-6,40
57.0,57,3420,CartPole-v1,"CP-ppo-ac-NN(6,6)-(lr=1.0e-5)-(86-params)",classic_NN_6-6,40
36.0,36,3428,CartPole-v1,"CP-ppo-ac-NN(6,6)-(lr=1.0e-5)-(86-params)",classic_NN_6-6,40
21.0,21,3436,CartPole-v1,"CP-ppo-ac-NN(6,6)-(lr=1.0e-5)-(86-params)",classic_NN_6-6,40
20.0,20,3516,CartPole-v1,"CP-ppo-ac-NN(6,6)-(lr=1.0e-5)-(86-params)",classic_NN_6-6,40
26.0,26,3532,CartPole-v1,"CP-ppo-ac-NN(6,6)-(lr=1.0e-5)-(86-params)",classic_NN_6-6,40
47.0,47,3548,CartPole-v1,"CP-ppo-ac-NN(6,6)-(lr=1.0e-5)-(86-params)",classic_NN_6-6,40
9.0,9,3552,CartPole-v1,"CP-ppo-ac-NN(6,6)-(lr=1.0e-5)-(86-params)",classic_NN_6-6,40
12.0,12,3600,CartPole-v1,"CP-ppo-ac-NN(6,6)-(lr=1.0e-5)-(86-params)",classic_NN_6-6,40
32.0,32,3660,CartPole-v1,"CP-ppo-ac-NN(6,6)-(lr=1.0e-5)-(86-params)",classic_NN_6-6,40
35.0,35,3688,CartPole-v1,"CP-ppo-ac-NN(6,6)-(lr=1.0e-5)-(86-params)",classic_NN_6-6,40
26.0,26,3704,CartPole-v1,"CP-ppo-ac-NN(6,6)-(lr=1.0e-5)-(86-params)",classic_NN_6-6,40
73.0,73,3712,CartPole-v1,"CP-ppo-ac-NN(6,6)-(lr=1.0e-5)-(86-params)",classic_NN_6-6,40
18.0,18,3732,CartPole-v1,"CP-ppo-ac-NN(6,6)-(lr=1.0e-5)-(86-params)",classic_NN_6-6,40
18.0,18,3760,CartPole-v1,"CP-ppo-ac-NN(6,6)-(lr=1.0e-5)-(86-params)",classic_NN_6-6,40
19.0,19,3788,CartPole-v1,"CP-ppo-ac-NN(6,6)-(lr=1.0e-5)-(86-params)",classic_NN_6-6,40
26.0,26,3808,CartPole-v1,"CP-ppo-ac-NN(6,6)-(lr=1.0e-5)-(86-params)",classic_NN_6-6,40
20.0,20,3812,CartPole-v1,"CP-ppo-ac-NN(6,6)-(lr=1.0e-5)-(86-params)",classic_NN_6-6,40
27.0,27,3868,CartPole-v1,"CP-ppo-ac-NN(6,6)-(lr=1.0e-5)-(86-params)",classic_NN_6-6,40
23.0,23,3880,CartPole-v1,"CP-ppo-ac-NN(6,6)-(lr=1.0e-5)-(86-params)",classic_NN_6-6,40
32.0,32,3940,CartPole-v1,"CP-ppo-ac-NN(6,6)-(lr=1.0e-5)-(86-params)",classic_NN_6-6,40
24.0,24,3964,CartPole-v1,"CP-ppo-ac-NN(6,6)-(lr=1.0e-5)-(86-params)",classic_NN_6-6,40
52.0,52,4016,CartPole-v1,"CP-ppo-ac-NN(6,6)-(lr=1.0e-5)-(86-params)",classic_NN_6-6,40
19.0,19,4016,CartPole-v1,"CP-ppo-ac-NN(6,6)-(lr=1.0e-5)-(86-params)",classic_NN_6-6,40
16.0,16,4080,CartPole-v1,"CP-ppo-ac-NN(6,6)-(lr=1.0e-5)-(86-params)",classic_NN_6-6,40
34.0,34,4100,CartPole-v1,"CP-ppo-ac-NN(6,6)-(lr=1.0e-5)-(86-params)",classic_NN_6-6,40
22.0,22,4104,CartPole-v1,"CP-ppo-ac-NN(6,6)-(lr=1.0e-5)-(86-params)",classic_NN_6-6,40
62.0,62,4128,CartPole-v1,"CP-ppo-ac-NN(6,6)-(lr=1.0e-5)-(86-params)",classic_NN_6-6,40
13.0,13,4156,CartPole-v1,"CP-ppo-ac-NN(6,6)-(lr=1.0e-5)-(86-params)",classic_NN_6-6,40
17.0,17,4168,CartPole-v1,"CP-ppo-ac-NN(6,6)-(lr=1.0e-5)-(86-params)",classic_NN_6-6,40
24.0,24,4176,CartPole-v1,"CP-ppo-ac-NN(6,6)-(lr=1.0e-5)-(86-params)",classic_NN_6-6,40
16.0,16,4192,CartPole-v1,"CP-ppo-ac-NN(6,6)-(lr=1.0e-5)-(86-params)",classic_NN_6-6,40
10.0,10,4216,CartPole-v1,"CP-ppo-ac-NN(6,6)-(lr=1.0e-5)-(86-params)",classic_NN_6-6,40
17.0,17,4236,CartPole-v1,"CP-ppo-ac-NN(6,6)-(lr=1.0e-5)-(86-params)",classic_NN_6-6,40
12.0,12,4240,CartPole-v1,"CP-ppo-ac-NN(6,6)-(lr=1.0e-5)-(86-params)",classic_NN_6-6,40
27.0,27,4264,CartPole-v1,"CP-ppo-ac-NN(6,6)-(lr=1.0e-5)-(86-params)",classic_NN_6-6,40
18.0,18,4288,CartPole-v1,"CP-ppo-ac-NN(6,6)-(lr=1.0e-5)-(86-params)",classic_NN_6-6,40
14.0,14,4320,CartPole-v1,"CP-ppo-ac-NN(6,6)-(lr=1.0e-5)-(86-params)",classic_NN_6-6,40
26.0,26,4340,CartPole-v1,"CP-ppo-ac-NN(6,6)-(lr=1.0e-5)-(86-params)",classic_NN_6-6,40
34.0,34,4424,CartPole-v1,"CP-ppo-ac-NN(6,6)-(lr=1.0e-5)-(86-params)",classic_NN_6-6,40
54.0,54,4456,CartPole-v1,"CP-ppo-ac-NN(6,6)-(lr=1.0e-5)-(86-params)",classic_NN_6-6,40
39.0,39,4476,CartPole-v1,"CP-ppo-ac-NN(6,6)-(lr=1.0e-5)-(86-params)",classic_NN_6-6,40
15.0,15,4484,CartPole-v1,"CP-ppo-ac-NN(6,6)-(lr=1.0e-5)-(86-params)",classic_NN_6-6,40
18.0,18,4528,CartPole-v1,"CP-ppo-ac-NN(6,6)-(lr=1.0e-5)-(86-params)",classic_NN_6-6,40
48.0,48,4532,CartPole-v1,"CP-ppo-ac-NN(6,6)-(lr=1.0e-5)-(86-params)",classic_NN_6-6,40
17.0,17,4552,CartPole-v1,"CP-ppo-ac-NN(6,6)-(lr=1.0e-5)-(86-params)",classic_NN_6-6,40
13.0,13,4584,CartPole-v1,"CP-ppo-ac-NN(6,6)-(lr=1.0e-5)-(86-params)",classic_NN_6-6,40
17.0,17,4596,CartPole-v1,"CP-ppo-ac-NN(6,6)-(lr=1.0e-5)-(86-params)",classic_NN_6-6,40
18.0,18,4624,CartPole-v1,"CP-ppo-ac-NN(6,6)-(lr=1.0e-5)-(86-params)",classic_NN_6-6,40
14.0,14,4680,CartPole-v1,"CP-ppo-ac-NN(6,6)-(lr=1.0e-5)-(86-params)",classic_NN_6-6,40
28.0,28,4696,CartPole-v1,"CP-ppo-ac-NN(6,6)-(lr=1.0e-5)-(86-params)",classic_NN_6-6,40
56.0,56,4700,CartPole-v1,"CP-ppo-ac-NN(6,6)-(lr=1.0e-5)-(86-params)",classic_NN_6-6,40
27.0,27,4704,CartPole-v1,"CP-ppo-ac-NN(6,6)-(lr=1.0e-5)-(86-params)",classic_NN_6-6,40
15.0,15,4760,CartPole-v1,"CP-ppo-ac-NN(6,6)-(lr=1.0e-5)-(86-params)",classic_NN_6-6,40
15.0,15,4764,CartPole-v1,"CP-ppo-ac-NN(6,6)-(lr=1.0e-5)-(86-params)",classic_NN_6-6,40
21.0,21,4764,CartPole-v1,"CP-ppo-ac-NN(6,6)-(lr=1.0e-5)-(86-params)",classic_NN_6-6,40
20.0,20,4776,CartPole-v1,"CP-ppo-ac-NN(6,6)-(lr=1.0e-5)-(86-params)",classic_NN_6-6,40
13.0,13,4828,CartPole-v1,"CP-ppo-ac-NN(6,6)-(lr=1.0e-5)-(86-params)",classic_NN_6-6,40
17.0,17,4832,CartPole-v1,"CP-ppo-ac-NN(6,6)-(lr=1.0e-5)-(86-params)",classic_NN_6-6,40
19.0,19,4840,CartPole-v1,"CP-ppo-ac-NN(6,6)-(lr=1.0e-5)-(86-params)",classic_NN_6-6,40
10.0,10,4868,CartPole-v1,"CP-ppo-ac-NN(6,6)-(lr=1.0e-5)-(86-params)",classic_NN_6-6,40
14.0,14,4888,CartPole-v1,"CP-ppo-ac-NN(6,6)-(lr=1.0e-5)-(86-params)",classic_NN_6-6,40
15.0,15,4928,CartPole-v1,"CP-ppo-ac-NN(6,6)-(lr=1.0e-5)-(86-params)",classic_NN_6-6,40
23.0,23,4932,CartPole-v1,"CP-ppo-ac-NN(6,6)-(lr=1.0e-5)-(86-params)",classic_NN_6-6,40
44.0,44,4936,CartPole-v1,"CP-ppo-ac-NN(6,6)-(lr=1.0e-5)-(86-params)",classic_NN_6-6,40
13.0,13,4940,CartPole-v1,"CP-ppo-ac-NN(6,6)-(lr=1.0e-5)-(86-params)",classic_NN_6-6,40
11.0,11,4980,CartPole-v1,"CP-ppo-ac-NN(6,6)-(lr=1.0e-5)-(86-params)",classic_NN_6-6,40
13.0,13,4984,CartPole-v1,"CP-ppo-ac-NN(6,6)-(lr=1.0e-5)-(86-params)",classic_NN_6-6,40
18.0,18,5000,CartPole-v1,"CP-ppo-ac-NN(6,6)-(lr=1.0e-5)-(86-params)",classic_NN_6-6,40
18.0,18,5052,CartPole-v1,"CP-ppo-ac-NN(6,6)-(lr=1.0e-5)-(86-params)",classic_NN_6-6,40
19.0,19,5076,CartPole-v1,"CP-ppo-ac-NN(6,6)-(lr=1.0e-5)-(86-params)",classic_NN_6-6,40
31.0,31,5108,CartPole-v1,"CP-ppo-ac-NN(6,6)-(lr=1.0e-5)-(86-params)",classic_NN_6-6,40
18.0,18,5124,CartPole-v1,"CP-ppo-ac-NN(6,6)-(lr=1.0e-5)-(86-params)",classic_NN_6-6,40
48.0,48,5132,CartPole-v1,"CP-ppo-ac-NN(6,6)-(lr=1.0e-5)-(86-params)",classic_NN_6-6,40
11.0,11,5168,CartPole-v1,"CP-ppo-ac-NN(6,6)-(lr=1.0e-5)-(86-params)",classic_NN_6-6,40
25.0,25,5176,CartPole-v1,"CP-ppo-ac-NN(6,6)-(lr=1.0e-5)-(86-params)",classic_NN_6-6,40
18.0,18,5180,CartPole-v1,"CP-ppo-ac-NN(6,6)-(lr=1.0e-5)-(86-params)",classic_NN_6-6,40
16.0,16,5196,CartPole-v1,"CP-ppo-ac-NN(6,6)-(lr=1.0e-5)-(86-params)",classic_NN_6-6,40
13.0,13,5220,CartPole-v1,"CP-ppo-ac-NN(6,6)-(lr=1.0e-5)-(86-params)",classic_NN_6-6,40
16.0,16,5244,CartPole-v1,"CP-ppo-ac-NN(6,6)-(lr=1.0e-5)-(86-params)",classic_NN_6-6,40
17.0,17,5264,CartPole-v1,"CP-ppo-ac-NN(6,6)-(lr=1.0e-5)-(86-params)",classic_NN_6-6,40
22.0,22,5264,CartPole-v1,"CP-ppo-ac-NN(6,6)-(lr=1.0e-5)-(86-params)",classic_NN_6-6,40
16.0,16,5284,CartPole-v1,"CP-ppo-ac-NN(6,6)-(lr=1.0e-5)-(86-params)",classic_NN_6-6,40
15.0,15,5304,CartPole-v1,"CP-ppo-ac-NN(6,6)-(lr=1.0e-5)-(86-params)",classic_NN_6-6,40
10.0,10,5324,CartPole-v1,"CP-ppo-ac-NN(6,6)-(lr=1.0e-5)-(86-params)",classic_NN_6-6,40
18.0,18,5336,CartPole-v1,"CP-ppo-ac-NN(6,6)-(lr=1.0e-5)-(86-params)",classic_NN_6-6,40
16.0,16,5368,CartPole-v1,"CP-ppo-ac-NN(6,6)-(lr=1.0e-5)-(86-params)",classic_NN_6-6,40
20.0,20,5404,CartPole-v1,"CP-ppo-ac-NN(6,6)-(lr=1.0e-5)-(86-params)",classic_NN_6-6,40
14.0,14,5424,CartPole-v1,"CP-ppo-ac-NN(6,6)-(lr=1.0e-5)-(86-params)",classic_NN_6-6,40
27.0,27,5444,CartPole-v1,"CP-ppo-ac-NN(6,6)-(lr=1.0e-5)-(86-params)",classic_NN_6-6,40
13.0,13,5476,CartPole-v1,"CP-ppo-ac-NN(6,6)-(lr=1.0e-5)-(86-params)",classic_NN_6-6,40
16.0,16,5508,CartPole-v1,"CP-ppo-ac-NN(6,6)-(lr=1.0e-5)-(86-params)",classic_NN_6-6,40
30.0,30,5524,CartPole-v1,"CP-ppo-ac-NN(6,6)-(lr=1.0e-5)-(86-params)",classic_NN_6-6,40
65.0,65,5524,CartPole-v1,"CP-ppo-ac-NN(6,6)-(lr=1.0e-5)-(86-params)",classic_NN_6-6,40
13.0,13,5576,CartPole-v1,"CP-ppo-ac-NN(6,6)-(lr=1.0e-5)-(86-params)",classic_NN_6-6,40
26.0,26,5580,CartPole-v1,"CP-ppo-ac-NN(6,6)-(lr=1.0e-5)-(86-params)",classic_NN_6-6,40
15.0,15,5584,CartPole-v1,"CP-ppo-ac-NN(6,6)-(lr=1.0e-5)-(86-params)",classic_NN_6-6,40
28.0,28,5620,CartPole-v1,"CP-ppo-ac-NN(6,6)-(lr=1.0e-5)-(86-params)",classic_NN_6-6,40
12.0,12,5632,CartPole-v1,"CP-ppo-ac-NN(6,6)-(lr=1.0e-5)-(86-params)",classic_NN_6-6,40
25.0,25,5680,CartPole-v1,"CP-ppo-ac-NN(6,6)-(lr=1.0e-5)-(86-params)",classic_NN_6-6,40
19.0,19,5696,CartPole-v1,"CP-ppo-ac-NN(6,6)-(lr=1.0e-5)-(86-params)",classic_NN_6-6,40
39.0,39,5732,CartPole-v1,"CP-ppo-ac-NN(6,6)-(lr=1.0e-5)-(86-params)",classic_NN_6-6,40
28.0,28,5744,CartPole-v1,"CP-ppo-ac-NN(6,6)-(lr=1.0e-5)-(86-params)",classic_NN_6-6,40
17.0,17,5748,CartPole-v1,"CP-ppo-ac-NN(6,6)-(lr=1.0e-5)-(86-params)",classic_NN_6-6,40
18.0,18,5816,CartPole-v1,"CP-ppo-ac-NN(6,6)-(lr=1.0e-5)-(86-params)",classic_NN_6-6,40
31.0,31,5820,CartPole-v1,"CP-ppo-ac-NN(6,6)-(lr=1.0e-5)-(86-params)",classic_NN_6-6,40
20.0,20,5828,CartPole-v1,"CP-ppo-ac-NN(6,6)-(lr=1.0e-5)-(86-params)",classic_NN_6-6,40
14.0,14,5884,CartPole-v1,"CP-ppo-ac-NN(6,6)-(lr=1.0e-5)-(86-params)",classic_NN_6-6,40
21.0,21,5904,CartPole-v1,"CP-ppo-ac-NN(6,6)-(lr=1.0e-5)-(86-params)",classic_NN_6-6,40
46.0,46,5916,CartPole-v1,"CP-ppo-ac-NN(6,6)-(lr=1.0e-5)-(86-params)",classic_NN_6-6,40
12.0,12,5952,CartPole-v1,"CP-ppo-ac-NN(6,6)-(lr=1.0e-5)-(86-params)",classic_NN_6-6,40
20.0,20,5964,CartPole-v1,"CP-ppo-ac-NN(6,6)-(lr=1.0e-5)-(86-params)",classic_NN_6-6,40
9.0,9,6000,CartPole-v1,"CP-ppo-ac-NN(6,6)-(lr=1.0e-5)-(86-params)",classic_NN_6-6,40
23.0,23,6008,CartPole-v1,"CP-ppo-ac-NN(6,6)-(lr=1.0e-5)-(86-params)",classic_NN_6-6,40
9.0,9,6036,CartPole-v1,"CP-ppo-ac-NN(6,6)-(lr=1.0e-5)-(86-params)",classic_NN_6-6,40
22.0,22,6040,CartPole-v1,"CP-ppo-ac-NN(6,6)-(lr=1.0e-5)-(86-params)",classic_NN_6-6,40
10.0,10,6048,CartPole-v1,"CP-ppo-ac-NN(6,6)-(lr=1.0e-5)-(86-params)",classic_NN_6-6,40
63.0,63,6068,CartPole-v1,"CP-ppo-ac-NN(6,6)-(lr=1.0e-5)-(86-params)",classic_NN_6-6,40
10.0,10,6076,CartPole-v1,"CP-ppo-ac-NN(6,6)-(lr=1.0e-5)-(86-params)",classic_NN_6-6,40
12.0,12,6088,CartPole-v1,"CP-ppo-ac-NN(6,6)-(lr=1.0e-5)-(86-params)",classic_NN_6-6,40
22.0,22,6136,CartPole-v1,"CP-ppo-ac-NN(6,6)-(lr=1.0e-5)-(86-params)",classic_NN_6-6,40
18.0,18,6148,CartPole-v1,"CP-ppo-ac-NN(6,6)-(lr=1.0e-5)-(86-params)",classic_NN_6-6,40
20.0,20,6148,CartPole-v1,"CP-ppo-ac-NN(6,6)-(lr=1.0e-5)-(86-params)",classic_NN_6-6,40
21.0,21,6172,CartPole-v1,"CP-ppo-ac-NN(6,6)-(lr=1.0e-5)-(86-params)",classic_NN_6-6,40
11.0,11,6192,CartPole-v1,"CP-ppo-ac-NN(6,6)-(lr=1.0e-5)-(86-params)",classic_NN_6-6,40
16.0,16,6212,CartPole-v1,"CP-ppo-ac-NN(6,6)-(lr=1.0e-5)-(86-params)",classic_NN_6-6,40
16.0,16,6276,CartPole-v1,"CP-ppo-ac-NN(6,6)-(lr=1.0e-5)-(86-params)",classic_NN_6-6,40
27.0,27,6280,CartPole-v1,"CP-ppo-ac-NN(6,6)-(lr=1.0e-5)-(86-params)",classic_NN_6-6,40
39.0,39,6292,CartPole-v1,"CP-ppo-ac-NN(6,6)-(lr=1.0e-5)-(86-params)",classic_NN_6-6,40
49.0,49,6388,CartPole-v1,"CP-ppo-ac-NN(6,6)-(lr=1.0e-5)-(86-params)",classic_NN_6-6,40
29.0,29,6396,CartPole-v1,"CP-ppo-ac-NN(6,6)-(lr=1.0e-5)-(86-params)",classic_NN_6-6,40
35.0,35,6432,CartPole-v1,"CP-ppo-ac-NN(6,6)-(lr=1.0e-5)-(86-params)",classic_NN_6-6,40
17.0,17,6456,CartPole-v1,"CP-ppo-ac-NN(6,6)-(lr=1.0e-5)-(86-params)",classic_NN_6-6,40
17.0,17,6464,CartPole-v1,"CP-ppo-ac-NN(6,6)-(lr=1.0e-5)-(86-params)",classic_NN_6-6,40
10.0,10,6472,CartPole-v1,"CP-ppo-ac-NN(6,6)-(lr=1.0e-5)-(86-params)",classic_NN_6-6,40
15.0,15,6524,CartPole-v1,"CP-ppo-ac-NN(6,6)-(lr=1.0e-5)-(86-params)",classic_NN_6-6,40
16.0,16,6536,CartPole-v1,"CP-ppo-ac-NN(6,6)-(lr=1.0e-5)-(86-params)",classic_NN_6-6,40
14.0,14,6580,CartPole-v1,"CP-ppo-ac-NN(6,6)-(lr=1.0e-5)-(86-params)",classic_NN_6-6,40
36.0,36,6600,CartPole-v1,"CP-ppo-ac-NN(6,6)-(lr=1.0e-5)-(86-params)",classic_NN_6-6,40
12.0,12,6628,CartPole-v1,"CP-ppo-ac-NN(6,6)-(lr=1.0e-5)-(86-params)",classic_NN_6-6,40
89.0,89,6632,CartPole-v1,"CP-ppo-ac-NN(6,6)-(lr=1.0e-5)-(86-params)",classic_NN_6-6,40
24.0,24,6632,CartPole-v1,"CP-ppo-ac-NN(6,6)-(lr=1.0e-5)-(86-params)",classic_NN_6-6,40
22.0,22,6688,CartPole-v1,"CP-ppo-ac-NN(6,6)-(lr=1.0e-5)-(86-params)",classic_NN_6-6,40
24.0,24,6728,CartPole-v1,"CP-ppo-ac-NN(6,6)-(lr=1.0e-5)-(86-params)",classic_NN_6-6,40
27.0,27,6740,CartPole-v1,"CP-ppo-ac-NN(6,6)-(lr=1.0e-5)-(86-params)",classic_NN_6-6,40
16.0,16,6752,CartPole-v1,"CP-ppo-ac-NN(6,6)-(lr=1.0e-5)-(86-params)",classic_NN_6-6,40
37.0,37,6776,CartPole-v1,"CP-ppo-ac-NN(6,6)-(lr=1.0e-5)-(86-params)",classic_NN_6-6,40
12.0,12,6800,CartPole-v1,"CP-ppo-ac-NN(6,6)-(lr=1.0e-5)-(86-params)",classic_NN_6-6,40
18.0,18,6800,CartPole-v1,"CP-ppo-ac-NN(6,6)-(lr=1.0e-5)-(86-params)",classic_NN_6-6,40
15.0,15,6860,CartPole-v1,"CP-ppo-ac-NN(6,6)-(lr=1.0e-5)-(86-params)",classic_NN_6-6,40
24.0,24,6872,CartPole-v1,"CP-ppo-ac-NN(6,6)-(lr=1.0e-5)-(86-params)",classic_NN_6-6,40
39.0,39,6896,CartPole-v1,"CP-ppo-ac-NN(6,6)-(lr=1.0e-5)-(86-params)",classic_NN_6-6,40
39.0,39,6956,CartPole-v1,"CP-ppo-ac-NN(6,6)-(lr=1.0e-5)-(86-params)",classic_NN_6-6,40
33.0,33,6992,CartPole-v1,"CP-ppo-ac-NN(6,6)-(lr=1.0e-5)-(86-params)",classic_NN_6-6,40
45.0,45,7052,CartPole-v1,"CP-ppo-ac-NN(6,6)-(lr=1.0e-5)-(86-params)",classic_NN_6-6,40
43.0,43,7068,CartPole-v1,"CP-ppo-ac-NN(6,6)-(lr=1.0e-5)-(86-params)",classic_NN_6-6,40
30.0,30,7076,CartPole-v1,"CP-ppo-ac-NN(6,6)-(lr=1.0e-5)-(86-params)",classic_NN_6-6,40
12.0,12,7124,CartPole-v1,"CP-ppo-ac-NN(6,6)-(lr=1.0e-5)-(86-params)",classic_NN_6-6,40
42.0,42,7160,CartPole-v1,"CP-ppo-ac-NN(6,6)-(lr=1.0e-5)-(86-params)",classic_NN_6-6,40
28.0,28,7180,CartPole-v1,"CP-ppo-ac-NN(6,6)-(lr=1.0e-5)-(86-params)",classic_NN_6-6,40
15.0,15,7184,CartPole-v1,"CP-ppo-ac-NN(6,6)-(lr=1.0e-5)-(86-params)",classic_NN_6-6,40
13.0,13,7212,CartPole-v1,"CP-ppo-ac-NN(6,6)-(lr=1.0e-5)-(86-params)",classic_NN_6-6,40
13.0,13,7236,CartPole-v1,"CP-ppo-ac-NN(6,6)-(lr=1.0e-5)-(86-params)",classic_NN_6-6,40
25.0,25,7280,CartPole-v1,"CP-ppo-ac-NN(6,6)-(lr=1.0e-5)-(86-params)",classic_NN_6-6,40
60.0,60,7292,CartPole-v1,"CP-ppo-ac-NN(6,6)-(lr=1.0e-5)-(86-params)",classic_NN_6-6,40
14.0,14,7292,CartPole-v1,"CP-ppo-ac-NN(6,6)-(lr=1.0e-5)-(86-params)",classic_NN_6-6,40
20.0,20,7292,CartPole-v1,"CP-ppo-ac-NN(6,6)-(lr=1.0e-5)-(86-params)",classic_NN_6-6,40
13.0,13,7344,CartPole-v1,"CP-ppo-ac-NN(6,6)-(lr=1.0e-5)-(86-params)",classic_NN_6-6,40
16.0,16,7356,CartPole-v1,"CP-ppo-ac-NN(6,6)-(lr=1.0e-5)-(86-params)",classic_NN_6-6,40
16.0,16,7356,CartPole-v1,"CP-ppo-ac-NN(6,6)-(lr=1.0e-5)-(86-params)",classic_NN_6-6,40
22.0,22,7368,CartPole-v1,"CP-ppo-ac-NN(6,6)-(lr=1.0e-5)-(86-params)",classic_NN_6-6,40
26.0,26,7448,CartPole-v1,"CP-ppo-ac-NN(6,6)-(lr=1.0e-5)-(86-params)",classic_NN_6-6,40
35.0,35,7496,CartPole-v1,"CP-ppo-ac-NN(6,6)-(lr=1.0e-5)-(86-params)",classic_NN_6-6,40
36.0,36,7512,CartPole-v1,"CP-ppo-ac-NN(6,6)-(lr=1.0e-5)-(86-params)",classic_NN_6-6,40
45.0,45,7536,CartPole-v1,"CP-ppo-ac-NN(6,6)-(lr=1.0e-5)-(86-params)",classic_NN_6-6,40
23.0,23,7540,CartPole-v1,"CP-ppo-ac-NN(6,6)-(lr=1.0e-5)-(86-params)",classic_NN_6-6,40
17.0,17,7564,CartPole-v1,"CP-ppo-ac-NN(6,6)-(lr=1.0e-5)-(86-params)",classic_NN_6-6,40
14.0,14,7596,CartPole-v1,"CP-ppo-ac-NN(6,6)-(lr=1.0e-5)-(86-params)",classic_NN_6-6,40
26.0,26,7616,CartPole-v1,"CP-ppo-ac-NN(6,6)-(lr=1.0e-5)-(86-params)",classic_NN_6-6,40
17.0,17,7632,CartPole-v1,"CP-ppo-ac-NN(6,6)-(lr=1.0e-5)-(86-params)",classic_NN_6-6,40
16.0,16,7696,CartPole-v1,"CP-ppo-ac-NN(6,6)-(lr=1.0e-5)-(86-params)",classic_NN_6-6,40
27.0,27,7704,CartPole-v1,"CP-ppo-ac-NN(6,6)-(lr=1.0e-5)-(86-params)",classic_NN_6-6,40
28.0,28,7728,CartPole-v1,"CP-ppo-ac-NN(6,6)-(lr=1.0e-5)-(86-params)",classic_NN_6-6,40
18.0,18,7776,CartPole-v1,"CP-ppo-ac-NN(6,6)-(lr=1.0e-5)-(86-params)",classic_NN_6-6,40
22.0,22,7784,CartPole-v1,"CP-ppo-ac-NN(6,6)-(lr=1.0e-5)-(86-params)",classic_NN_6-6,40
75.0,75,7836,CartPole-v1,"CP-ppo-ac-NN(6,6)-(lr=1.0e-5)-(86-params)",classic_NN_6-6,40
20.0,20,7856,CartPole-v1,"CP-ppo-ac-NN(6,6)-(lr=1.0e-5)-(86-params)",classic_NN_6-6,40
30.0,30,7904,CartPole-v1,"CP-ppo-ac-NN(6,6)-(lr=1.0e-5)-(86-params)",classic_NN_6-6,40
18.0,18,7908,CartPole-v1,"CP-ppo-ac-NN(6,6)-(lr=1.0e-5)-(86-params)",classic_NN_6-6,40
10.0,10,7944,CartPole-v1,"CP-ppo-ac-NN(6,6)-(lr=1.0e-5)-(86-params)",classic_NN_6-6,40
22.0,22,7944,CartPole-v1,"CP-ppo-ac-NN(6,6)-(lr=1.0e-5)-(86-params)",classic_NN_6-6,40
57.0,57,7956,CartPole-v1,"CP-ppo-ac-NN(6,6)-(lr=1.0e-5)-(86-params)",classic_NN_6-6,40
10.0,10,7984,CartPole-v1,"CP-ppo-ac-NN(6,6)-(lr=1.0e-5)-(86-params)",classic_NN_6-6,40
11.0,11,8000,CartPole-v1,"CP-ppo-ac-NN(6,6)-(lr=1.0e-5)-(86-params)",classic_NN_6-6,40
26.0,26,8012,CartPole-v1,"CP-ppo-ac-NN(6,6)-(lr=1.0e-5)-(86-params)",classic_NN_6-6,40
19.0,19,8020,CartPole-v1,"CP-ppo-ac-NN(6,6)-(lr=1.0e-5)-(86-params)",classic_NN_6-6,40
15.0,15,8044,CartPole-v1,"CP-ppo-ac-NN(6,6)-(lr=1.0e-5)-(86-params)",classic_NN_6-6,40
16.0,16,8076,CartPole-v1,"CP-ppo-ac-NN(6,6)-(lr=1.0e-5)-(86-params)",classic_NN_6-6,40
17.0,17,8088,CartPole-v1,"CP-ppo-ac-NN(6,6)-(lr=1.0e-5)-(86-params)",classic_NN_6-6,40
24.0,24,8140,CartPole-v1,"CP-ppo-ac-NN(6,6)-(lr=1.0e-5)-(86-params)",classic_NN_6-6,40
37.0,37,8148,CartPole-v1,"CP-ppo-ac-NN(6,6)-(lr=1.0e-5)-(86-params)",classic_NN_6-6,40
16.0,16,8152,CartPole-v1,"CP-ppo-ac-NN(6,6)-(lr=1.0e-5)-(86-params)",classic_NN_6-6,40
14.0,14,8196,CartPole-v1,"CP-ppo-ac-NN(6,6)-(lr=1.0e-5)-(86-params)",classic_NN_6-6,40
31.0,31,8200,CartPole-v1,"CP-ppo-ac-NN(6,6)-(lr=1.0e-5)-(86-params)",classic_NN_6-6,40
16.0,16,8212,CartPole-v1,"CP-ppo-ac-NN(6,6)-(lr=1.0e-5)-(86-params)",classic_NN_6-6,40
24.0,24,8248,CartPole-v1,"CP-ppo-ac-NN(6,6)-(lr=1.0e-5)-(86-params)",classic_NN_6-6,40
14.0,14,8256,CartPole-v1,"CP-ppo-ac-NN(6,6)-(lr=1.0e-5)-(86-params)",classic_NN_6-6,40
27.0,27,8320,CartPole-v1,"CP-ppo-ac-NN(6,6)-(lr=1.0e-5)-(86-params)",classic_NN_6-6,40
21.0,21,8332,CartPole-v1,"CP-ppo-ac-NN(6,6)-(lr=1.0e-5)-(86-params)",classic_NN_6-6,40
28.0,28,8368,CartPole-v1,"CP-ppo-ac-NN(6,6)-(lr=1.0e-5)-(86-params)",classic_NN_6-6,40
19.0,19,8408,CartPole-v1,"CP-ppo-ac-NN(6,6)-(lr=1.0e-5)-(86-params)",classic_NN_6-6,40
24.0,24,8416,CartPole-v1,"CP-ppo-ac-NN(6,6)-(lr=1.0e-5)-(86-params)",classic_NN_6-6,40
37.0,37,8516,CartPole-v1,"CP-ppo-ac-NN(6,6)-(lr=1.0e-5)-(86-params)",classic_NN_6-6,40
31.0,31,8540,CartPole-v1,"CP-ppo-ac-NN(6,6)-(lr=1.0e-5)-(86-params)",classic_NN_6-6,40
13.0,13,8568,CartPole-v1,"CP-ppo-ac-NN(6,6)-(lr=1.0e-5)-(86-params)",classic_NN_6-6,40
16.0,16,8604,CartPole-v1,"CP-ppo-ac-NN(6,6)-(lr=1.0e-5)-(86-params)",classic_NN_6-6,40
50.0,50,8608,CartPole-v1,"CP-ppo-ac-NN(6,6)-(lr=1.0e-5)-(86-params)",classic_NN_6-6,40
12.0,12,8616,CartPole-v1,"CP-ppo-ac-NN(6,6)-(lr=1.0e-5)-(86-params)",classic_NN_6-6,40
116.0,116,8660,CartPole-v1,"CP-ppo-ac-NN(6,6)-(lr=1.0e-5)-(86-params)",classic_NN_6-6,40
20.0,20,8684,CartPole-v1,"CP-ppo-ac-NN(6,6)-(lr=1.0e-5)-(86-params)",classic_NN_6-6,40
21.0,21,8692,CartPole-v1,"CP-ppo-ac-NN(6,6)-(lr=1.0e-5)-(86-params)",classic_NN_6-6,40
20.0,20,8696,CartPole-v1,"CP-ppo-ac-NN(6,6)-(lr=1.0e-5)-(86-params)",classic_NN_6-6,40
22.0,22,8748,CartPole-v1,"CP-ppo-ac-NN(6,6)-(lr=1.0e-5)-(86-params)",classic_NN_6-6,40
25.0,25,8796,CartPole-v1,"CP-ppo-ac-NN(6,6)-(lr=1.0e-5)-(86-params)",classic_NN_6-6,40
28.0,28,8796,CartPole-v1,"CP-ppo-ac-NN(6,6)-(lr=1.0e-5)-(86-params)",classic_NN_6-6,40
26.0,26,8796,CartPole-v1,"CP-ppo-ac-NN(6,6)-(lr=1.0e-5)-(86-params)",classic_NN_6-6,40
11.0,11,8840,CartPole-v1,"CP-ppo-ac-NN(6,6)-(lr=1.0e-5)-(86-params)",classic_NN_6-6,40
22.0,22,8884,CartPole-v1,"CP-ppo-ac-NN(6,6)-(lr=1.0e-5)-(86-params)",classic_NN_6-6,40
12.0,12,8888,CartPole-v1,"CP-ppo-ac-NN(6,6)-(lr=1.0e-5)-(86-params)",classic_NN_6-6,40
23.0,23,8888,CartPole-v1,"CP-ppo-ac-NN(6,6)-(lr=1.0e-5)-(86-params)",classic_NN_6-6,40
41.0,41,8912,CartPole-v1,"CP-ppo-ac-NN(6,6)-(lr=1.0e-5)-(86-params)",classic_NN_6-6,40
13.0,13,8936,CartPole-v1,"CP-ppo-ac-NN(6,6)-(lr=1.0e-5)-(86-params)",classic_NN_6-6,40
17.0,17,8956,CartPole-v1,"CP-ppo-ac-NN(6,6)-(lr=1.0e-5)-(86-params)",classic_NN_6-6,40
22.0,22,8976,CartPole-v1,"CP-ppo-ac-NN(6,6)-(lr=1.0e-5)-(86-params)",classic_NN_6-6,40
17.0,17,9004,CartPole-v1,"CP-ppo-ac-NN(6,6)-(lr=1.0e-5)-(86-params)",classic_NN_6-6,40
26.0,26,9016,CartPole-v1,"CP-ppo-ac-NN(6,6)-(lr=1.0e-5)-(86-params)",classic_NN_6-6,40
12.0,12,9064,CartPole-v1,"CP-ppo-ac-NN(6,6)-(lr=1.0e-5)-(86-params)",classic_NN_6-6,40
20.0,20,9084,CartPole-v1,"CP-ppo-ac-NN(6,6)-(lr=1.0e-5)-(86-params)",classic_NN_6-6,40
35.0,35,9096,CartPole-v1,"CP-ppo-ac-NN(6,6)-(lr=1.0e-5)-(86-params)",classic_NN_6-6,40
43.0,43,9148,CartPole-v1,"CP-ppo-ac-NN(6,6)-(lr=1.0e-5)-(86-params)",classic_NN_6-6,40
19.0,19,9160,CartPole-v1,"CP-ppo-ac-NN(6,6)-(lr=1.0e-5)-(86-params)",classic_NN_6-6,40
14.0,14,9204,CartPole-v1,"CP-ppo-ac-NN(6,6)-(lr=1.0e-5)-(86-params)",classic_NN_6-6,40
36.0,36,9208,CartPole-v1,"CP-ppo-ac-NN(6,6)-(lr=1.0e-5)-(86-params)",classic_NN_6-6,40
39.0,39,9252,CartPole-v1,"CP-ppo-ac-NN(6,6)-(lr=1.0e-5)-(86-params)",classic_NN_6-6,40
15.0,15,9268,CartPole-v1,"CP-ppo-ac-NN(6,6)-(lr=1.0e-5)-(86-params)",classic_NN_6-6,40
28.0,28,9272,CartPole-v1,"CP-ppo-ac-NN(6,6)-(lr=1.0e-5)-(86-params)",classic_NN_6-6,40
21.0,21,9288,CartPole-v1,"CP-ppo-ac-NN(6,6)-(lr=1.0e-5)-(86-params)",classic_NN_6-6,40
15.0,15,9312,CartPole-v1,"CP-ppo-ac-NN(6,6)-(lr=1.0e-5)-(86-params)",classic_NN_6-6,40
12.0,12,9336,CartPole-v1,"CP-ppo-ac-NN(6,6)-(lr=1.0e-5)-(86-params)",classic_NN_6-6,40
20.0,20,9348,CartPole-v1,"CP-ppo-ac-NN(6,6)-(lr=1.0e-5)-(86-params)",classic_NN_6-6,40
11.0,11,9380,CartPole-v1,"CP-ppo-ac-NN(6,6)-(lr=1.0e-5)-(86-params)",classic_NN_6-6,40
22.0,22,9400,CartPole-v1,"CP-ppo-ac-NN(6,6)-(lr=1.0e-5)-(86-params)",classic_NN_6-6,40
35.0,35,9412,CartPole-v1,"CP-ppo-ac-NN(6,6)-(lr=1.0e-5)-(86-params)",classic_NN_6-6,40
12.0,12,9428,CartPole-v1,"CP-ppo-ac-NN(6,6)-(lr=1.0e-5)-(86-params)",classic_NN_6-6,40
23.0,23,9440,CartPole-v1,"CP-ppo-ac-NN(6,6)-(lr=1.0e-5)-(86-params)",classic_NN_6-6,40
19.0,19,9476,CartPole-v1,"CP-ppo-ac-NN(6,6)-(lr=1.0e-5)-(86-params)",classic_NN_6-6,40
22.0,22,9500,CartPole-v1,"CP-ppo-ac-NN(6,6)-(lr=1.0e-5)-(86-params)",classic_NN_6-6,40
27.0,27,9548,CartPole-v1,"CP-ppo-ac-NN(6,6)-(lr=1.0e-5)-(86-params)",classic_NN_6-6,40
17.0,17,9568,CartPole-v1,"CP-ppo-ac-NN(6,6)-(lr=1.0e-5)-(86-params)",classic_NN_6-6,40
23.0,23,9568,CartPole-v1,"CP-ppo-ac-NN(6,6)-(lr=1.0e-5)-(86-params)",classic_NN_6-6,40
42.0,42,9596,CartPole-v1,"CP-ppo-ac-NN(6,6)-(lr=1.0e-5)-(86-params)",classic_NN_6-6,40
17.0,17,9616,CartPole-v1,"CP-ppo-ac-NN(6,6)-(lr=1.0e-5)-(86-params)",classic_NN_6-6,40
12.0,12,9616,CartPole-v1,"CP-ppo-ac-NN(6,6)-(lr=1.0e-5)-(86-params)",classic_NN_6-6,40
12.0,12,9616,CartPole-v1,"CP-ppo-ac-NN(6,6)-(lr=1.0e-5)-(86-params)",classic_NN_6-6,40
17.0,17,9684,CartPole-v1,"CP-ppo-ac-NN(6,6)-(lr=1.0e-5)-(86-params)",classic_NN_6-6,40
21.0,21,9700,CartPole-v1,"CP-ppo-ac-NN(6,6)-(lr=1.0e-5)-(86-params)",classic_NN_6-6,40
14.0,14,9756,CartPole-v1,"CP-ppo-ac-NN(6,6)-(lr=1.0e-5)-(86-params)",classic_NN_6-6,40
39.0,39,9772,CartPole-v1,"CP-ppo-ac-NN(6,6)-(lr=1.0e-5)-(86-params)",classic_NN_6-6,40
24.0,24,9780,CartPole-v1,"CP-ppo-ac-NN(6,6)-(lr=1.0e-5)-(86-params)",classic_NN_6-6,40
52.0,52,9804,CartPole-v1,"CP-ppo-ac-NN(6,6)-(lr=1.0e-5)-(86-params)",classic_NN_6-6,40
11.0,11,9824,CartPole-v1,"CP-ppo-ac-NN(6,6)-(lr=1.0e-5)-(86-params)",classic_NN_6-6,40
13.0,13,9824,CartPole-v1,"CP-ppo-ac-NN(6,6)-(lr=1.0e-5)-(86-params)",classic_NN_6-6,40
17.0,17,9872,CartPole-v1,"CP-ppo-ac-NN(6,6)-(lr=1.0e-5)-(86-params)",classic_NN_6-6,40
19.0,19,9900,CartPole-v1,"CP-ppo-ac-NN(6,6)-(lr=1.0e-5)-(86-params)",classic_NN_6-6,40
22.0,22,9912,CartPole-v1,"CP-ppo-ac-NN(6,6)-(lr=1.0e-5)-(86-params)",classic_NN_6-6,40
9.0,9,9948,CartPole-v1,"CP-ppo-ac-NN(6,6)-(lr=1.0e-5)-(86-params)",classic_NN_6-6,40
13.0,13,9952,CartPole-v1,"CP-ppo-ac-NN(6,6)-(lr=1.0e-5)-(86-params)",classic_NN_6-6,40
21.0,21,9956,CartPole-v1,"CP-ppo-ac-NN(6,6)-(lr=1.0e-5)-(86-params)",classic_NN_6-6,40
11.0,11,10000,CartPole-v1,"CP-ppo-ac-NN(6,6)-(lr=1.0e-5)-(86-params)",classic_NN_6-6,40
15.0,15,10008,CartPole-v1,"CP-ppo-ac-NN(6,6)-(lr=1.0e-5)-(86-params)",classic_NN_6-6,40
18.0,18,10024,CartPole-v1,"CP-ppo-ac-NN(6,6)-(lr=1.0e-5)-(86-params)",classic_NN_6-6,40
10.0,10,10048,CartPole-v1,"CP-ppo-ac-NN(6,6)-(lr=1.0e-5)-(86-params)",classic_NN_6-6,40
16.0,16,10064,CartPole-v1,"CP-ppo-ac-NN(6,6)-(lr=1.0e-5)-(86-params)",classic_NN_6-6,40
85.0,85,10096,CartPole-v1,"CP-ppo-ac-NN(6,6)-(lr=1.0e-5)-(86-params)",classic_NN_6-6,40
18.0,18,10096,CartPole-v1,"CP-ppo-ac-NN(6,6)-(lr=1.0e-5)-(86-params)",classic_NN_6-6,40
14.0,14,10120,CartPole-v1,"CP-ppo-ac-NN(6,6)-(lr=1.0e-5)-(86-params)",classic_NN_6-6,40
14.0,14,10152,CartPole-v1,"CP-ppo-ac-NN(6,6)-(lr=1.0e-5)-(86-params)",classic_NN_6-6,40
19.0,19,10172,CartPole-v1,"CP-ppo-ac-NN(6,6)-(lr=1.0e-5)-(86-params)",classic_NN_6-6,40
9.0,9,10208,CartPole-v1,"CP-ppo-ac-NN(6,6)-(lr=1.0e-5)-(86-params)",classic_NN_6-6,40
17.0,17,10220,CartPole-v1,"CP-ppo-ac-NN(6,6)-(lr=1.0e-5)-(86-params)",classic_NN_6-6,40
48.0,48,10240,CartPole-v1,"CP-ppo-ac-NN(6,6)-(lr=1.0e-5)-(86-params)",classic_NN_6-6,40
32.0,32,10248,CartPole-v1,"CP-ppo-ac-NN(6,6)-(lr=1.0e-5)-(86-params)",classic_NN_6-6,40
12.0,12,10268,CartPole-v1,"CP-ppo-ac-NN(6,6)-(lr=1.0e-5)-(86-params)",classic_NN_6-6,40
16.0,16,10304,CartPole-v1,"CP-ppo-ac-NN(6,6)-(lr=1.0e-5)-(86-params)",classic_NN_6-6,40
26.0,26,10312,CartPole-v1,"CP-ppo-ac-NN(6,6)-(lr=1.0e-5)-(86-params)",classic_NN_6-6,40
16.0,16,10332,CartPole-v1,"CP-ppo-ac-NN(6,6)-(lr=1.0e-5)-(86-params)",classic_NN_6-6,40
29.0,29,10364,CartPole-v1,"CP-ppo-ac-NN(6,6)-(lr=1.0e-5)-(86-params)",classic_NN_6-6,40
17.0,17,10380,CartPole-v1,"CP-ppo-ac-NN(6,6)-(lr=1.0e-5)-(86-params)",classic_NN_6-6,40
32.0,32,10432,CartPole-v1,"CP-ppo-ac-NN(6,6)-(lr=1.0e-5)-(86-params)",classic_NN_6-6,40
25.0,25,10432,CartPole-v1,"CP-ppo-ac-NN(6,6)-(lr=1.0e-5)-(86-params)",classic_NN_6-6,40
19.0,19,10440,CartPole-v1,"CP-ppo-ac-NN(6,6)-(lr=1.0e-5)-(86-params)",classic_NN_6-6,40
18.0,18,10452,CartPole-v1,"CP-ppo-ac-NN(6,6)-(lr=1.0e-5)-(86-params)",classic_NN_6-6,40
14.0,14,10488,CartPole-v1,"CP-ppo-ac-NN(6,6)-(lr=1.0e-5)-(86-params)",classic_NN_6-6,40
12.0,12,10500,CartPole-v1,"CP-ppo-ac-NN(6,6)-(lr=1.0e-5)-(86-params)",classic_NN_6-6,40
19.0,19,10508,CartPole-v1,"CP-ppo-ac-NN(6,6)-(lr=1.0e-5)-(86-params)",classic_NN_6-6,40
23.0,23,10532,CartPole-v1,"CP-ppo-ac-NN(6,6)-(lr=1.0e-5)-(86-params)",classic_NN_6-6,40
15.0,15,10560,CartPole-v1,"CP-ppo-ac-NN(6,6)-(lr=1.0e-5)-(86-params)",classic_NN_6-6,40
19.0,19,10584,CartPole-v1,"CP-ppo-ac-NN(6,6)-(lr=1.0e-5)-(86-params)",classic_NN_6-6,40
24.0,24,10584,CartPole-v1,"CP-ppo-ac-NN(6,6)-(lr=1.0e-5)-(86-params)",classic_NN_6-6,40
19.0,19,10608,CartPole-v1,"CP-ppo-ac-NN(6,6)-(lr=1.0e-5)-(86-params)",classic_NN_6-6,40
13.0,13,10612,CartPole-v1,"CP-ppo-ac-NN(6,6)-(lr=1.0e-5)-(86-params)",classic_NN_6-6,40
11.0,11,10652,CartPole-v1,"CP-ppo-ac-NN(6,6)-(lr=1.0e-5)-(86-params)",classic_NN_6-6,40
17.0,17,10652,CartPole-v1,"CP-ppo-ac-NN(6,6)-(lr=1.0e-5)-(86-params)",classic_NN_6-6,40
21.0,21,10668,CartPole-v1,"CP-ppo-ac-NN(6,6)-(lr=1.0e-5)-(86-params)",classic_NN_6-6,40
11.0,11,10696,CartPole-v1,"CP-ppo-ac-NN(6,6)-(lr=1.0e-5)-(86-params)",classic_NN_6-6,40
17.0,17,10736,CartPole-v1,"CP-ppo-ac-NN(6,6)-(lr=1.0e-5)-(86-params)",classic_NN_6-6,40
34.0,34,10748,CartPole-v1,"CP-ppo-ac-NN(6,6)-(lr=1.0e-5)-(86-params)",classic_NN_6-6,40
38.0,38,10848,CartPole-v1,"CP-ppo-ac-NN(6,6)-(lr=1.0e-5)-(86-params)",classic_NN_6-6,40
16.0,16,10912,CartPole-v1,"CP-ppo-ac-NN(6,6)-(lr=1.0e-5)-(86-params)",classic_NN_6-6,40
45.0,45,10916,CartPole-v1,"CP-ppo-ac-NN(6,6)-(lr=1.0e-5)-(86-params)",classic_NN_6-6,40
64.0,64,11004,CartPole-v1,"CP-ppo-ac-NN(6,6)-(lr=1.0e-5)-(86-params)",classic_NN_6-6,40
88.0,88,11004,CartPole-v1,"CP-ppo-ac-NN(6,6)-(lr=1.0e-5)-(86-params)",classic_NN_6-6,40
29.0,29,11028,CartPole-v1,"CP-ppo-ac-NN(6,6)-(lr=1.0e-5)-(86-params)",classic_NN_6-6,40
34.0,34,11052,CartPole-v1,"CP-ppo-ac-NN(6,6)-(lr=1.0e-5)-(86-params)",classic_NN_6-6,40
11.0,11,11072,CartPole-v1,"CP-ppo-ac-NN(6,6)-(lr=1.0e-5)-(86-params)",classic_NN_6-6,40
24.0,24,11100,CartPole-v1,"CP-ppo-ac-NN(6,6)-(lr=1.0e-5)-(86-params)",classic_NN_6-6,40
18.0,18,11144,CartPole-v1,"CP-ppo-ac-NN(6,6)-(lr=1.0e-5)-(86-params)",classic_NN_6-6,40
17.0,17,11168,CartPole-v1,"CP-ppo-ac-NN(6,6)-(lr=1.0e-5)-(86-params)",classic_NN_6-6,40
44.0,44,11180,CartPole-v1,"CP-ppo-ac-NN(6,6)-(lr=1.0e-5)-(86-params)",classic_NN_6-6,40
32.0,32,11180,CartPole-v1,"CP-ppo-ac-NN(6,6)-(lr=1.0e-5)-(86-params)",classic_NN_6-6,40
19.0,19,11220,CartPole-v1,"CP-ppo-ac-NN(6,6)-(lr=1.0e-5)-(86-params)",classic_NN_6-6,40
13.0,13,11220,CartPole-v1,"CP-ppo-ac-NN(6,6)-(lr=1.0e-5)-(86-params)",classic_NN_6-6,40
13.0,13,11272,CartPole-v1,"CP-ppo-ac-NN(6,6)-(lr=1.0e-5)-(86-params)",classic_NN_6-6,40
29.0,29,11296,CartPole-v1,"CP-ppo-ac-NN(6,6)-(lr=1.0e-5)-(86-params)",classic_NN_6-6,40
38.0,38,11332,CartPole-v1,"CP-ppo-ac-NN(6,6)-(lr=1.0e-5)-(86-params)",classic_NN_6-6,40
31.0,31,11344,CartPole-v1,"CP-ppo-ac-NN(6,6)-(lr=1.0e-5)-(86-params)",classic_NN_6-6,40
24.0,24,11368,CartPole-v1,"CP-ppo-ac-NN(6,6)-(lr=1.0e-5)-(86-params)",classic_NN_6-6,40
19.0,19,11372,CartPole-v1,"CP-ppo-ac-NN(6,6)-(lr=1.0e-5)-(86-params)",classic_NN_6-6,40
16.0,16,11396,CartPole-v1,"CP-ppo-ac-NN(6,6)-(lr=1.0e-5)-(86-params)",classic_NN_6-6,40
9.0,9,11432,CartPole-v1,"CP-ppo-ac-NN(6,6)-(lr=1.0e-5)-(86-params)",classic_NN_6-6,40
18.0,18,11440,CartPole-v1,"CP-ppo-ac-NN(6,6)-(lr=1.0e-5)-(86-params)",classic_NN_6-6,40
15.0,15,11492,CartPole-v1,"CP-ppo-ac-NN(6,6)-(lr=1.0e-5)-(86-params)",classic_NN_6-6,40
33.0,33,11504,CartPole-v1,"CP-ppo-ac-NN(6,6)-(lr=1.0e-5)-(86-params)",classic_NN_6-6,40
21.0,21,11524,CartPole-v1,"CP-ppo-ac-NN(6,6)-(lr=1.0e-5)-(86-params)",classic_NN_6-6,40
13.0,13,11544,CartPole-v1,"CP-ppo-ac-NN(6,6)-(lr=1.0e-5)-(86-params)",classic_NN_6-6,40
30.0,30,11624,CartPole-v1,"CP-ppo-ac-NN(6,6)-(lr=1.0e-5)-(86-params)",classic_NN_6-6,40
20.0,20,11624,CartPole-v1,"CP-ppo-ac-NN(6,6)-(lr=1.0e-5)-(86-params)",classic_NN_6-6,40
28.0,28,11636,CartPole-v1,"CP-ppo-ac-NN(6,6)-(lr=1.0e-5)-(86-params)",classic_NN_6-6,40
9.0,9,11672,CartPole-v1,"CP-ppo-ac-NN(6,6)-(lr=1.0e-5)-(86-params)",classic_NN_6-6,40
85.0,85,11684,CartPole-v1,"CP-ppo-ac-NN(6,6)-(lr=1.0e-5)-(86-params)",classic_NN_6-6,40
25.0,25,11724,CartPole-v1,"CP-ppo-ac-NN(6,6)-(lr=1.0e-5)-(86-params)",classic_NN_6-6,40
28.0,28,11784,CartPole-v1,"CP-ppo-ac-NN(6,6)-(lr=1.0e-5)-(86-params)",classic_NN_6-6,40
49.0,49,11820,CartPole-v1,"CP-ppo-ac-NN(6,6)-(lr=1.0e-5)-(86-params)",classic_NN_6-6,40
29.0,29,11840,CartPole-v1,"CP-ppo-ac-NN(6,6)-(lr=1.0e-5)-(86-params)",classic_NN_6-6,40
39.0,39,11840,CartPole-v1,"CP-ppo-ac-NN(6,6)-(lr=1.0e-5)-(86-params)",classic_NN_6-6,40
15.0,15,11844,CartPole-v1,"CP-ppo-ac-NN(6,6)-(lr=1.0e-5)-(86-params)",classic_NN_6-6,40
12.0,12,11892,CartPole-v1,"CP-ppo-ac-NN(6,6)-(lr=1.0e-5)-(86-params)",classic_NN_6-6,40
19.0,19,11896,CartPole-v1,"CP-ppo-ac-NN(6,6)-(lr=1.0e-5)-(86-params)",classic_NN_6-6,40
15.0,15,11900,CartPole-v1,"CP-ppo-ac-NN(6,6)-(lr=1.0e-5)-(86-params)",classic_NN_6-6,40
27.0,27,11948,CartPole-v1,"CP-ppo-ac-NN(6,6)-(lr=1.0e-5)-(86-params)",classic_NN_6-6,40
22.0,22,11988,CartPole-v1,"CP-ppo-ac-NN(6,6)-(lr=1.0e-5)-(86-params)",classic_NN_6-6,40
28.0,28,12004,CartPole-v1,"CP-ppo-ac-NN(6,6)-(lr=1.0e-5)-(86-params)",classic_NN_6-6,40
28.0,28,12008,CartPole-v1,"CP-ppo-ac-NN(6,6)-(lr=1.0e-5)-(86-params)",classic_NN_6-6,40
10.0,10,12048,CartPole-v1,"CP-ppo-ac-NN(6,6)-(lr=1.0e-5)-(86-params)",classic_NN_6-6,40
12.0,12,12052,CartPole-v1,"CP-ppo-ac-NN(6,6)-(lr=1.0e-5)-(86-params)",classic_NN_6-6,40
25.0,25,12088,CartPole-v1,"CP-ppo-ac-NN(6,6)-(lr=1.0e-5)-(86-params)",classic_NN_6-6,40
14.0,14,12108,CartPole-v1,"CP-ppo-ac-NN(6,6)-(lr=1.0e-5)-(86-params)",classic_NN_6-6,40
51.0,51,12152,CartPole-v1,"CP-ppo-ac-NN(6,6)-(lr=1.0e-5)-(86-params)",classic_NN_6-6,40
30.0,30,12168,CartPole-v1,"CP-ppo-ac-NN(6,6)-(lr=1.0e-5)-(86-params)",classic_NN_6-6,40
16.0,16,12172,CartPole-v1,"CP-ppo-ac-NN(6,6)-(lr=1.0e-5)-(86-params)",classic_NN_6-6,40
27.0,27,12196,CartPole-v1,"CP-ppo-ac-NN(6,6)-(lr=1.0e-5)-(86-params)",classic_NN_6-6,40
14.0,14,12224,CartPole-v1,"CP-ppo-ac-NN(6,6)-(lr=1.0e-5)-(86-params)",classic_NN_6-6,40
12.0,12,12244,CartPole-v1,"CP-ppo-ac-NN(6,6)-(lr=1.0e-5)-(86-params)",classic_NN_6-6,40
30.0,30,12272,CartPole-v1,"CP-ppo-ac-NN(6,6)-(lr=1.0e-5)-(86-params)",classic_NN_6-6,40
41.0,41,12336,CartPole-v1,"CP-ppo-ac-NN(6,6)-(lr=1.0e-5)-(86-params)",classic_NN_6-6,40
26.0,26,12348,CartPole-v1,"CP-ppo-ac-NN(6,6)-(lr=1.0e-5)-(86-params)",classic_NN_6-6,40
35.0,35,12364,CartPole-v1,"CP-ppo-ac-NN(6,6)-(lr=1.0e-5)-(86-params)",classic_NN_6-6,40
25.0,25,12372,CartPole-v1,"CP-ppo-ac-NN(6,6)-(lr=1.0e-5)-(86-params)",classic_NN_6-6,40
10.0,10,12376,CartPole-v1,"CP-ppo-ac-NN(6,6)-(lr=1.0e-5)-(86-params)",classic_NN_6-6,40
12.0,12,12412,CartPole-v1,"CP-ppo-ac-NN(6,6)-(lr=1.0e-5)-(86-params)",classic_NN_6-6,40
19.0,19,12452,CartPole-v1,"CP-ppo-ac-NN(6,6)-(lr=1.0e-5)-(86-params)",classic_NN_6-6,40
27.0,27,12480,CartPole-v1,"CP-ppo-ac-NN(6,6)-(lr=1.0e-5)-(86-params)",classic_NN_6-6,40
19.0,19,12488,CartPole-v1,"CP-ppo-ac-NN(6,6)-(lr=1.0e-5)-(86-params)",classic_NN_6-6,40
38.0,38,12500,CartPole-v1,"CP-ppo-ac-NN(6,6)-(lr=1.0e-5)-(86-params)",classic_NN_6-6,40
11.0,11,12524,CartPole-v1,"CP-ppo-ac-NN(6,6)-(lr=1.0e-5)-(86-params)",classic_NN_6-6,40
20.0,20,12532,CartPole-v1,"CP-ppo-ac-NN(6,6)-(lr=1.0e-5)-(86-params)",classic_NN_6-6,40
18.0,18,12572,CartPole-v1,"CP-ppo-ac-NN(6,6)-(lr=1.0e-5)-(86-params)",classic_NN_6-6,40
22.0,22,12576,CartPole-v1,"CP-ppo-ac-NN(6,6)-(lr=1.0e-5)-(86-params)",classic_NN_6-6,40
11.0,11,12620,CartPole-v1,"CP-ppo-ac-NN(6,6)-(lr=1.0e-5)-(86-params)",classic_NN_6-6,40
20.0,20,12652,CartPole-v1,"CP-ppo-ac-NN(6,6)-(lr=1.0e-5)-(86-params)",classic_NN_6-6,40
33.0,33,12664,CartPole-v1,"CP-ppo-ac-NN(6,6)-(lr=1.0e-5)-(86-params)",classic_NN_6-6,40
41.0,41,12688,CartPole-v1,"CP-ppo-ac-NN(6,6)-(lr=1.0e-5)-(86-params)",classic_NN_6-6,40
18.0,18,12692,CartPole-v1,"CP-ppo-ac-NN(6,6)-(lr=1.0e-5)-(86-params)",classic_NN_6-6,40
12.0,12,12712,CartPole-v1,"CP-ppo-ac-NN(6,6)-(lr=1.0e-5)-(86-params)",classic_NN_6-6,40
12.0,12,12736,CartPole-v1,"CP-ppo-ac-NN(6,6)-(lr=1.0e-5)-(86-params)",classic_NN_6-6,40
22.0,22,12780,CartPole-v1,"CP-ppo-ac-NN(6,6)-(lr=1.0e-5)-(86-params)",classic_NN_6-6,40
20.0,20,12792,CartPole-v1,"CP-ppo-ac-NN(6,6)-(lr=1.0e-5)-(86-params)",classic_NN_6-6,40
11.0,11,12824,CartPole-v1,"CP-ppo-ac-NN(6,6)-(lr=1.0e-5)-(86-params)",classic_NN_6-6,40
44.0,44,12828,CartPole-v1,"CP-ppo-ac-NN(6,6)-(lr=1.0e-5)-(86-params)",classic_NN_6-6,40
30.0,30,12856,CartPole-v1,"CP-ppo-ac-NN(6,6)-(lr=1.0e-5)-(86-params)",classic_NN_6-6,40
14.0,14,12880,CartPole-v1,"CP-ppo-ac-NN(6,6)-(lr=1.0e-5)-(86-params)",classic_NN_6-6,40
15.0,15,12888,CartPole-v1,"CP-ppo-ac-NN(6,6)-(lr=1.0e-5)-(86-params)",classic_NN_6-6,40
36.0,36,12936,CartPole-v1,"CP-ppo-ac-NN(6,6)-(lr=1.0e-5)-(86-params)",classic_NN_6-6,40
12.0,12,12936,CartPole-v1,"CP-ppo-ac-NN(6,6)-(lr=1.0e-5)-(86-params)",classic_NN_6-6,40
22.0,22,12968,CartPole-v1,"CP-ppo-ac-NN(6,6)-(lr=1.0e-5)-(86-params)",classic_NN_6-6,40
10.0,10,13008,CartPole-v1,"CP-ppo-ac-NN(6,6)-(lr=1.0e-5)-(86-params)",classic_NN_6-6,40
28.0,28,13048,CartPole-v1,"CP-ppo-ac-NN(6,6)-(lr=1.0e-5)-(86-params)",classic_NN_6-6,40
10.0,10,13088,CartPole-v1,"CP-ppo-ac-NN(6,6)-(lr=1.0e-5)-(86-params)",classic_NN_6-6,40
66.0,66,13120,CartPole-v1,"CP-ppo-ac-NN(6,6)-(lr=1.0e-5)-(86-params)",classic_NN_6-6,40
50.0,50,13136,CartPole-v1,"CP-ppo-ac-NN(6,6)-(lr=1.0e-5)-(86-params)",classic_NN_6-6,40
34.0,34,13144,CartPole-v1,"CP-ppo-ac-NN(6,6)-(lr=1.0e-5)-(86-params)",classic_NN_6-6,40
13.0,13,13172,CartPole-v1,"CP-ppo-ac-NN(6,6)-(lr=1.0e-5)-(86-params)",classic_NN_6-6,40
21.0,21,13172,CartPole-v1,"CP-ppo-ac-NN(6,6)-(lr=1.0e-5)-(86-params)",classic_NN_6-6,40
13.0,13,13188,CartPole-v1,"CP-ppo-ac-NN(6,6)-(lr=1.0e-5)-(86-params)",classic_NN_6-6,40
18.0,18,13216,CartPole-v1,"CP-ppo-ac-NN(6,6)-(lr=1.0e-5)-(86-params)",classic_NN_6-6,40
11.0,11,13216,CartPole-v1,"CP-ppo-ac-NN(6,6)-(lr=1.0e-5)-(86-params)",classic_NN_6-6,40
17.0,17,13240,CartPole-v1,"CP-ppo-ac-NN(6,6)-(lr=1.0e-5)-(86-params)",classic_NN_6-6,40
24.0,24,13284,CartPole-v1,"CP-ppo-ac-NN(6,6)-(lr=1.0e-5)-(86-params)",classic_NN_6-6,40
12.0,12,13288,CartPole-v1,"CP-ppo-ac-NN(6,6)-(lr=1.0e-5)-(86-params)",classic_NN_6-6,40
23.0,23,13308,CartPole-v1,"CP-ppo-ac-NN(6,6)-(lr=1.0e-5)-(86-params)",classic_NN_6-6,40
32.0,32,13344,CartPole-v1,"CP-ppo-ac-NN(6,6)-(lr=1.0e-5)-(86-params)",classic_NN_6-6,40
28.0,28,13396,CartPole-v1,"CP-ppo-ac-NN(6,6)-(lr=1.0e-5)-(86-params)",classic_NN_6-6,40
25.0,25,13408,CartPole-v1,"CP-ppo-ac-NN(6,6)-(lr=1.0e-5)-(86-params)",classic_NN_6-6,40
32.0,32,13416,CartPole-v1,"CP-ppo-ac-NN(6,6)-(lr=1.0e-5)-(86-params)",classic_NN_6-6,40
21.0,21,13428,CartPole-v1,"CP-ppo-ac-NN(6,6)-(lr=1.0e-5)-(86-params)",classic_NN_6-6,40
12.0,12,13444,CartPole-v1,"CP-ppo-ac-NN(6,6)-(lr=1.0e-5)-(86-params)",classic_NN_6-6,40
13.0,13,13480,CartPole-v1,"CP-ppo-ac-NN(6,6)-(lr=1.0e-5)-(86-params)",classic_NN_6-6,40
21.0,21,13492,CartPole-v1,"CP-ppo-ac-NN(6,6)-(lr=1.0e-5)-(86-params)",classic_NN_6-6,40
13.0,13,13532,CartPole-v1,"CP-ppo-ac-NN(6,6)-(lr=1.0e-5)-(86-params)",classic_NN_6-6,40
29.0,29,13532,CartPole-v1,"CP-ppo-ac-NN(6,6)-(lr=1.0e-5)-(86-params)",classic_NN_6-6,40
27.0,27,13600,CartPole-v1,"CP-ppo-ac-NN(6,6)-(lr=1.0e-5)-(86-params)",classic_NN_6-6,40
17.0,17,13600,CartPole-v1,"CP-ppo-ac-NN(6,6)-(lr=1.0e-5)-(86-params)",classic_NN_6-6,40
45.0,45,13624,CartPole-v1,"CP-ppo-ac-NN(6,6)-(lr=1.0e-5)-(86-params)",classic_NN_6-6,40
18.0,18,13672,CartPole-v1,"CP-ppo-ac-NN(6,6)-(lr=1.0e-5)-(86-params)",classic_NN_6-6,40
22.0,22,13688,CartPole-v1,"CP-ppo-ac-NN(6,6)-(lr=1.0e-5)-(86-params)",classic_NN_6-6,40
44.0,44,13708,CartPole-v1,"CP-ppo-ac-NN(6,6)-(lr=1.0e-5)-(86-params)",classic_NN_6-6,40
22.0,22,13712,CartPole-v1,"CP-ppo-ac-NN(6,6)-(lr=1.0e-5)-(86-params)",classic_NN_6-6,40
22.0,22,13760,CartPole-v1,"CP-ppo-ac-NN(6,6)-(lr=1.0e-5)-(86-params)",classic_NN_6-6,40
12.0,12,13808,CartPole-v1,"CP-ppo-ac-NN(6,6)-(lr=1.0e-5)-(86-params)",classic_NN_6-6,40
34.0,34,13824,CartPole-v1,"CP-ppo-ac-NN(6,6)-(lr=1.0e-5)-(86-params)",classic_NN_6-6,40
35.0,35,13848,CartPole-v1,"CP-ppo-ac-NN(6,6)-(lr=1.0e-5)-(86-params)",classic_NN_6-6,40
13.0,13,13860,CartPole-v1,"CP-ppo-ac-NN(6,6)-(lr=1.0e-5)-(86-params)",classic_NN_6-6,40
48.0,48,13904,CartPole-v1,"CP-ppo-ac-NN(6,6)-(lr=1.0e-5)-(86-params)",classic_NN_6-6,40
21.0,21,13908,CartPole-v1,"CP-ppo-ac-NN(6,6)-(lr=1.0e-5)-(86-params)",classic_NN_6-6,40
19.0,19,13924,CartPole-v1,"CP-ppo-ac-NN(6,6)-(lr=1.0e-5)-(86-params)",classic_NN_6-6,40
20.0,20,13940,CartPole-v1,"CP-ppo-ac-NN(6,6)-(lr=1.0e-5)-(86-params)",classic_NN_6-6,40
20.0,20,13988,CartPole-v1,"CP-ppo-ac-NN(6,6)-(lr=1.0e-5)-(86-params)",classic_NN_6-6,40
12.0,12,13988,CartPole-v1,"CP-ppo-ac-NN(6,6)-(lr=1.0e-5)-(86-params)",classic_NN_6-6,40
24.0,24,14020,CartPole-v1,"CP-ppo-ac-NN(6,6)-(lr=1.0e-5)-(86-params)",classic_NN_6-6,40
34.0,34,14040,CartPole-v1,"CP-ppo-ac-NN(6,6)-(lr=1.0e-5)-(86-params)",classic_NN_6-6,40
20.0,20,14068,CartPole-v1,"CP-ppo-ac-NN(6,6)-(lr=1.0e-5)-(86-params)",classic_NN_6-6,40
13.0,13,14072,CartPole-v1,"CP-ppo-ac-NN(6,6)-(lr=1.0e-5)-(86-params)",classic_NN_6-6,40
26.0,26,14092,CartPole-v1,"CP-ppo-ac-NN(6,6)-(lr=1.0e-5)-(86-params)",classic_NN_6-6,40
11.0,11,14116,CartPole-v1,"CP-ppo-ac-NN(6,6)-(lr=1.0e-5)-(86-params)",classic_NN_6-6,40
19.0,19,14116,CartPole-v1,"CP-ppo-ac-NN(6,6)-(lr=1.0e-5)-(86-params)",classic_NN_6-6,40
14.0,14,14148,CartPole-v1,"CP-ppo-ac-NN(6,6)-(lr=1.0e-5)-(86-params)",classic_NN_6-6,40
23.0,23,14160,CartPole-v1,"CP-ppo-ac-NN(6,6)-(lr=1.0e-5)-(86-params)",classic_NN_6-6,40
12.0,12,14164,CartPole-v1,"CP-ppo-ac-NN(6,6)-(lr=1.0e-5)-(86-params)",classic_NN_6-6,40
15.0,15,14176,CartPole-v1,"CP-ppo-ac-NN(6,6)-(lr=1.0e-5)-(86-params)",classic_NN_6-6,40
13.0,13,14212,CartPole-v1,"CP-ppo-ac-NN(6,6)-(lr=1.0e-5)-(86-params)",classic_NN_6-6,40
12.0,12,14212,CartPole-v1,"CP-ppo-ac-NN(6,6)-(lr=1.0e-5)-(86-params)",classic_NN_6-6,40
18.0,18,14220,CartPole-v1,"CP-ppo-ac-NN(6,6)-(lr=1.0e-5)-(86-params)",classic_NN_6-6,40
12.0,12,14260,CartPole-v1,"CP-ppo-ac-NN(6,6)-(lr=1.0e-5)-(86-params)",classic_NN_6-6,40
10.0,10,14260,CartPole-v1,"CP-ppo-ac-NN(6,6)-(lr=1.0e-5)-(86-params)",classic_NN_6-6,40
25.0,25,14276,CartPole-v1,"CP-ppo-ac-NN(6,6)-(lr=1.0e-5)-(86-params)",classic_NN_6-6,40
22.0,22,14300,CartPole-v1,"CP-ppo-ac-NN(6,6)-(lr=1.0e-5)-(86-params)",classic_NN_6-6,40
14.0,14,14316,CartPole-v1,"CP-ppo-ac-NN(6,6)-(lr=1.0e-5)-(86-params)",classic_NN_6-6,40
10.0,10,14340,CartPole-v1,"CP-ppo-ac-NN(6,6)-(lr=1.0e-5)-(86-params)",classic_NN_6-6,40
20.0,20,14340,CartPole-v1,"CP-ppo-ac-NN(6,6)-(lr=1.0e-5)-(86-params)",classic_NN_6-6,40
19.0,19,14352,CartPole-v1,"CP-ppo-ac-NN(6,6)-(lr=1.0e-5)-(86-params)",classic_NN_6-6,40
15.0,15,14376,CartPole-v1,"CP-ppo-ac-NN(6,6)-(lr=1.0e-5)-(86-params)",classic_NN_6-6,40
20.0,20,14432,CartPole-v1,"CP-ppo-ac-NN(6,6)-(lr=1.0e-5)-(86-params)",classic_NN_6-6,40
34.0,34,14476,CartPole-v1,"CP-ppo-ac-NN(6,6)-(lr=1.0e-5)-(86-params)",classic_NN_6-6,40
12.0,12,14480,CartPole-v1,"CP-ppo-ac-NN(6,6)-(lr=1.0e-5)-(86-params)",classic_NN_6-6,40
44.0,44,14552,CartPole-v1,"CP-ppo-ac-NN(6,6)-(lr=1.0e-5)-(86-params)",classic_NN_6-6,40
55.0,55,14560,CartPole-v1,"CP-ppo-ac-NN(6,6)-(lr=1.0e-5)-(86-params)",classic_NN_6-6,40
23.0,23,14568,CartPole-v1,"CP-ppo-ac-NN(6,6)-(lr=1.0e-5)-(86-params)",classic_NN_6-6,40
13.0,13,14604,CartPole-v1,"CP-ppo-ac-NN(6,6)-(lr=1.0e-5)-(86-params)",classic_NN_6-6,40
41.0,41,14644,CartPole-v1,"CP-ppo-ac-NN(6,6)-(lr=1.0e-5)-(86-params)",classic_NN_6-6,40
24.0,24,14656,CartPole-v1,"CP-ppo-ac-NN(6,6)-(lr=1.0e-5)-(86-params)",classic_NN_6-6,40
30.0,30,14688,CartPole-v1,"CP-ppo-ac-NN(6,6)-(lr=1.0e-5)-(86-params)",classic_NN_6-6,40
21.0,21,14728,CartPole-v1,"CP-ppo-ac-NN(6,6)-(lr=1.0e-5)-(86-params)",classic_NN_6-6,40
12.0,12,14736,CartPole-v1,"CP-ppo-ac-NN(6,6)-(lr=1.0e-5)-(86-params)",classic_NN_6-6,40
38.0,38,14756,CartPole-v1,"CP-ppo-ac-NN(6,6)-(lr=1.0e-5)-(86-params)",classic_NN_6-6,40
15.0,15,14788,CartPole-v1,"CP-ppo-ac-NN(6,6)-(lr=1.0e-5)-(86-params)",classic_NN_6-6,40
41.0,41,14820,CartPole-v1,"CP-ppo-ac-NN(6,6)-(lr=1.0e-5)-(86-params)",classic_NN_6-6,40
14.0,14,14844,CartPole-v1,"CP-ppo-ac-NN(6,6)-(lr=1.0e-5)-(86-params)",classic_NN_6-6,40
12.0,12,14868,CartPole-v1,"CP-ppo-ac-NN(6,6)-(lr=1.0e-5)-(86-params)",classic_NN_6-6,40
30.0,30,14876,CartPole-v1,"CP-ppo-ac-NN(6,6)-(lr=1.0e-5)-(86-params)",classic_NN_6-6,40
21.0,21,14928,CartPole-v1,"CP-ppo-ac-NN(6,6)-(lr=1.0e-5)-(86-params)",classic_NN_6-6,40
16.0,16,14940,CartPole-v1,"CP-ppo-ac-NN(6,6)-(lr=1.0e-5)-(86-params)",classic_NN_6-6,40
27.0,27,14976,CartPole-v1,"CP-ppo-ac-NN(6,6)-(lr=1.0e-5)-(86-params)",classic_NN_6-6,40
13.0,13,14992,CartPole-v1,"CP-ppo-ac-NN(6,6)-(lr=1.0e-5)-(86-params)",classic_NN_6-6,40
14.0,14,15032,CartPole-v1,"CP-ppo-ac-NN(6,6)-(lr=1.0e-5)-(86-params)",classic_NN_6-6,40
27.0,27,15036,CartPole-v1,"CP-ppo-ac-NN(6,6)-(lr=1.0e-5)-(86-params)",classic_NN_6-6,40
20.0,20,15072,CartPole-v1,"CP-ppo-ac-NN(6,6)-(lr=1.0e-5)-(86-params)",classic_NN_6-6,40
89.0,89,15092,CartPole-v1,"CP-ppo-ac-NN(6,6)-(lr=1.0e-5)-(86-params)",classic_NN_6-6,40
14.0,14,15092,CartPole-v1,"CP-ppo-ac-NN(6,6)-(lr=1.0e-5)-(86-params)",classic_NN_6-6,40
10.0,10,15132,CartPole-v1,"CP-ppo-ac-NN(6,6)-(lr=1.0e-5)-(86-params)",classic_NN_6-6,40
16.0,16,15136,CartPole-v1,"CP-ppo-ac-NN(6,6)-(lr=1.0e-5)-(86-params)",classic_NN_6-6,40
21.0,21,15220,CartPole-v1,"CP-ppo-ac-NN(6,6)-(lr=1.0e-5)-(86-params)",classic_NN_6-6,40
58.0,58,15264,CartPole-v1,"CP-ppo-ac-NN(6,6)-(lr=1.0e-5)-(86-params)",classic_NN_6-6,40
15.0,15,15280,CartPole-v1,"CP-ppo-ac-NN(6,6)-(lr=1.0e-5)-(86-params)",classic_NN_6-6,40
54.0,54,15308,CartPole-v1,"CP-ppo-ac-NN(6,6)-(lr=1.0e-5)-(86-params)",classic_NN_6-6,40
52.0,52,15340,CartPole-v1,"CP-ppo-ac-NN(6,6)-(lr=1.0e-5)-(86-params)",classic_NN_6-6,40
19.0,19,15384,CartPole-v1,"CP-ppo-ac-NN(6,6)-(lr=1.0e-5)-(86-params)",classic_NN_6-6,40
33.0,33,15396,CartPole-v1,"CP-ppo-ac-NN(6,6)-(lr=1.0e-5)-(86-params)",classic_NN_6-6,40
31.0,31,15404,CartPole-v1,"CP-ppo-ac-NN(6,6)-(lr=1.0e-5)-(86-params)",classic_NN_6-6,40
18.0,18,15412,CartPole-v1,"CP-ppo-ac-NN(6,6)-(lr=1.0e-5)-(86-params)",classic_NN_6-6,40
22.0,22,15484,CartPole-v1,"CP-ppo-ac-NN(6,6)-(lr=1.0e-5)-(86-params)",classic_NN_6-6,40
26.0,26,15488,CartPole-v1,"CP-ppo-ac-NN(6,6)-(lr=1.0e-5)-(86-params)",classic_NN_6-6,40
23.0,23,15504,CartPole-v1,"CP-ppo-ac-NN(6,6)-(lr=1.0e-5)-(86-params)",classic_NN_6-6,40
12.0,12,15552,CartPole-v1,"CP-ppo-ac-NN(6,6)-(lr=1.0e-5)-(86-params)",classic_NN_6-6,40
17.0,17,15552,CartPole-v1,"CP-ppo-ac-NN(6,6)-(lr=1.0e-5)-(86-params)",classic_NN_6-6,40
24.0,24,15584,CartPole-v1,"CP-ppo-ac-NN(6,6)-(lr=1.0e-5)-(86-params)",classic_NN_6-6,40
49.0,49,15600,CartPole-v1,"CP-ppo-ac-NN(6,6)-(lr=1.0e-5)-(86-params)",classic_NN_6-6,40
15.0,15,15612,CartPole-v1,"CP-ppo-ac-NN(6,6)-(lr=1.0e-5)-(86-params)",classic_NN_6-6,40
21.0,21,15636,CartPole-v1,"CP-ppo-ac-NN(6,6)-(lr=1.0e-5)-(86-params)",classic_NN_6-6,40
18.0,18,15656,CartPole-v1,"CP-ppo-ac-NN(6,6)-(lr=1.0e-5)-(86-params)",classic_NN_6-6,40
11.0,11,15700,CartPole-v1,"CP-ppo-ac-NN(6,6)-(lr=1.0e-5)-(86-params)",classic_NN_6-6,40
28.0,28,15724,CartPole-v1,"CP-ppo-ac-NN(6,6)-(lr=1.0e-5)-(86-params)",classic_NN_6-6,40
36.0,36,15744,CartPole-v1,"CP-ppo-ac-NN(6,6)-(lr=1.0e-5)-(86-params)",classic_NN_6-6,40
32.0,32,15764,CartPole-v1,"CP-ppo-ac-NN(6,6)-(lr=1.0e-5)-(86-params)",classic_NN_6-6,40
17.0,17,15768,CartPole-v1,"CP-ppo-ac-NN(6,6)-(lr=1.0e-5)-(86-params)",classic_NN_6-6,40
18.0,18,15796,CartPole-v1,"CP-ppo-ac-NN(6,6)-(lr=1.0e-5)-(86-params)",classic_NN_6-6,40
19.0,19,15820,CartPole-v1,"CP-ppo-ac-NN(6,6)-(lr=1.0e-5)-(86-params)",classic_NN_6-6,40
15.0,15,15828,CartPole-v1,"CP-ppo-ac-NN(6,6)-(lr=1.0e-5)-(86-params)",classic_NN_6-6,40
19.0,19,15872,CartPole-v1,"CP-ppo-ac-NN(6,6)-(lr=1.0e-5)-(86-params)",classic_NN_6-6,40
13.0,13,15880,CartPole-v1,"CP-ppo-ac-NN(6,6)-(lr=1.0e-5)-(86-params)",classic_NN_6-6,40
32.0,32,15892,CartPole-v1,"CP-ppo-ac-NN(6,6)-(lr=1.0e-5)-(86-params)",classic_NN_6-6,40
10.0,10,15920,CartPole-v1,"CP-ppo-ac-NN(6,6)-(lr=1.0e-5)-(86-params)",classic_NN_6-6,40
12.0,12,15940,CartPole-v1,"CP-ppo-ac-NN(6,6)-(lr=1.0e-5)-(86-params)",classic_NN_6-6,40
32.0,32,15948,CartPole-v1,"CP-ppo-ac-NN(6,6)-(lr=1.0e-5)-(86-params)",classic_NN_6-6,40
11.0,11,15964,CartPole-v1,"CP-ppo-ac-NN(6,6)-(lr=1.0e-5)-(86-params)",classic_NN_6-6,40
24.0,24,15968,CartPole-v1,"CP-ppo-ac-NN(6,6)-(lr=1.0e-5)-(86-params)",classic_NN_6-6,40
10.0,10,16004,CartPole-v1,"CP-ppo-ac-NN(6,6)-(lr=1.0e-5)-(86-params)",classic_NN_6-6,40
16.0,16,16004,CartPole-v1,"CP-ppo-ac-NN(6,6)-(lr=1.0e-5)-(86-params)",classic_NN_6-6,40
17.0,17,16016,CartPole-v1,"CP-ppo-ac-NN(6,6)-(lr=1.0e-5)-(86-params)",classic_NN_6-6,40
15.0,15,16028,CartPole-v1,"CP-ppo-ac-NN(6,6)-(lr=1.0e-5)-(86-params)",classic_NN_6-6,40
15.0,15,16064,CartPole-v1,"CP-ppo-ac-NN(6,6)-(lr=1.0e-5)-(86-params)",classic_NN_6-6,40
15.0,15,16064,CartPole-v1,"CP-ppo-ac-NN(6,6)-(lr=1.0e-5)-(86-params)",classic_NN_6-6,40
22.0,22,16104,CartPole-v1,"CP-ppo-ac-NN(6,6)-(lr=1.0e-5)-(86-params)",classic_NN_6-6,40
12.0,12,16112,CartPole-v1,"CP-ppo-ac-NN(6,6)-(lr=1.0e-5)-(86-params)",classic_NN_6-6,40
18.0,18,16136,CartPole-v1,"CP-ppo-ac-NN(6,6)-(lr=1.0e-5)-(86-params)",classic_NN_6-6,40
37.0,37,16176,CartPole-v1,"CP-ppo-ac-NN(6,6)-(lr=1.0e-5)-(86-params)",classic_NN_6-6,40
19.0,19,16180,CartPole-v1,"CP-ppo-ac-NN(6,6)-(lr=1.0e-5)-(86-params)",classic_NN_6-6,40
13.0,13,16228,CartPole-v1,"CP-ppo-ac-NN(6,6)-(lr=1.0e-5)-(86-params)",classic_NN_6-6,40
11.0,11,16272,CartPole-v1,"CP-ppo-ac-NN(6,6)-(lr=1.0e-5)-(86-params)",classic_NN_6-6,40
41.0,41,16276,CartPole-v1,"CP-ppo-ac-NN(6,6)-(lr=1.0e-5)-(86-params)",classic_NN_6-6,40
46.0,46,16320,CartPole-v1,"CP-ppo-ac-NN(6,6)-(lr=1.0e-5)-(86-params)",classic_NN_6-6,40
14.0,14,16328,CartPole-v1,"CP-ppo-ac-NN(6,6)-(lr=1.0e-5)-(86-params)",classic_NN_6-6,40
19.0,19,16404,CartPole-v1,"CP-ppo-ac-NN(6,6)-(lr=1.0e-5)-(86-params)",classic_NN_6-6,40
65.0,65,16440,CartPole-v1,"CP-ppo-ac-NN(6,6)-(lr=1.0e-5)-(86-params)",classic_NN_6-6,40
49.0,49,16472,CartPole-v1,"CP-ppo-ac-NN(6,6)-(lr=1.0e-5)-(86-params)",classic_NN_6-6,40
23.0,23,16496,CartPole-v1,"CP-ppo-ac-NN(6,6)-(lr=1.0e-5)-(86-params)",classic_NN_6-6,40
20.0,20,16520,CartPole-v1,"CP-ppo-ac-NN(6,6)-(lr=1.0e-5)-(86-params)",classic_NN_6-6,40
16.0,16,16536,CartPole-v1,"CP-ppo-ac-NN(6,6)-(lr=1.0e-5)-(86-params)",classic_NN_6-6,40
56.0,56,16544,CartPole-v1,"CP-ppo-ac-NN(6,6)-(lr=1.0e-5)-(86-params)",classic_NN_6-6,40
17.0,17,16588,CartPole-v1,"CP-ppo-ac-NN(6,6)-(lr=1.0e-5)-(86-params)",classic_NN_6-6,40
14.0,14,16592,CartPole-v1,"CP-ppo-ac-NN(6,6)-(lr=1.0e-5)-(86-params)",classic_NN_6-6,40
29.0,29,16612,CartPole-v1,"CP-ppo-ac-NN(6,6)-(lr=1.0e-5)-(86-params)",classic_NN_6-6,40
19.0,19,16620,CartPole-v1,"CP-ppo-ac-NN(6,6)-(lr=1.0e-5)-(86-params)",classic_NN_6-6,40
10.0,10,16628,CartPole-v1,"CP-ppo-ac-NN(6,6)-(lr=1.0e-5)-(86-params)",classic_NN_6-6,40
15.0,15,16652,CartPole-v1,"CP-ppo-ac-NN(6,6)-(lr=1.0e-5)-(86-params)",classic_NN_6-6,40
11.0,11,16656,CartPole-v1,"CP-ppo-ac-NN(6,6)-(lr=1.0e-5)-(86-params)",classic_NN_6-6,40
13.0,13,16704,CartPole-v1,"CP-ppo-ac-NN(6,6)-(lr=1.0e-5)-(86-params)",classic_NN_6-6,40
30.0,30,16748,CartPole-v1,"CP-ppo-ac-NN(6,6)-(lr=1.0e-5)-(86-params)",classic_NN_6-6,40
35.0,35,16760,CartPole-v1,"CP-ppo-ac-NN(6,6)-(lr=1.0e-5)-(86-params)",classic_NN_6-6,40
26.0,26,16760,CartPole-v1,"CP-ppo-ac-NN(6,6)-(lr=1.0e-5)-(86-params)",classic_NN_6-6,40
13.0,13,16812,CartPole-v1,"CP-ppo-ac-NN(6,6)-(lr=1.0e-5)-(86-params)",classic_NN_6-6,40
19.0,19,16824,CartPole-v1,"CP-ppo-ac-NN(6,6)-(lr=1.0e-5)-(86-params)",classic_NN_6-6,40
31.0,31,16828,CartPole-v1,"CP-ppo-ac-NN(6,6)-(lr=1.0e-5)-(86-params)",classic_NN_6-6,40
28.0,28,16872,CartPole-v1,"CP-ppo-ac-NN(6,6)-(lr=1.0e-5)-(86-params)",classic_NN_6-6,40
16.0,16,16876,CartPole-v1,"CP-ppo-ac-NN(6,6)-(lr=1.0e-5)-(86-params)",classic_NN_6-6,40
17.0,17,16896,CartPole-v1,"CP-ppo-ac-NN(6,6)-(lr=1.0e-5)-(86-params)",classic_NN_6-6,40
24.0,24,16920,CartPole-v1,"CP-ppo-ac-NN(6,6)-(lr=1.0e-5)-(86-params)",classic_NN_6-6,40
19.0,19,16948,CartPole-v1,"CP-ppo-ac-NN(6,6)-(lr=1.0e-5)-(86-params)",classic_NN_6-6,40
17.0,17,16988,CartPole-v1,"CP-ppo-ac-NN(6,6)-(lr=1.0e-5)-(86-params)",classic_NN_6-6,40
33.0,33,17008,CartPole-v1,"CP-ppo-ac-NN(6,6)-(lr=1.0e-5)-(86-params)",classic_NN_6-6,40
34.0,34,17032,CartPole-v1,"CP-ppo-ac-NN(6,6)-(lr=1.0e-5)-(86-params)",classic_NN_6-6,40
19.0,19,17064,CartPole-v1,"CP-ppo-ac-NN(6,6)-(lr=1.0e-5)-(86-params)",classic_NN_6-6,40
29.0,29,17064,CartPole-v1,"CP-ppo-ac-NN(6,6)-(lr=1.0e-5)-(86-params)",classic_NN_6-6,40
19.0,19,17084,CartPole-v1,"CP-ppo-ac-NN(6,6)-(lr=1.0e-5)-(86-params)",classic_NN_6-6,40
22.0,22,17120,CartPole-v1,"CP-ppo-ac-NN(6,6)-(lr=1.0e-5)-(86-params)",classic_NN_6-6,40
15.0,15,17124,CartPole-v1,"CP-ppo-ac-NN(6,6)-(lr=1.0e-5)-(86-params)",classic_NN_6-6,40
13.0,13,17136,CartPole-v1,"CP-ppo-ac-NN(6,6)-(lr=1.0e-5)-(86-params)",classic_NN_6-6,40
13.0,13,17172,CartPole-v1,"CP-ppo-ac-NN(6,6)-(lr=1.0e-5)-(86-params)",classic_NN_6-6,40
12.0,12,17184,CartPole-v1,"CP-ppo-ac-NN(6,6)-(lr=1.0e-5)-(86-params)",classic_NN_6-6,40
20.0,20,17204,CartPole-v1,"CP-ppo-ac-NN(6,6)-(lr=1.0e-5)-(86-params)",classic_NN_6-6,40
14.0,14,17228,CartPole-v1,"CP-ppo-ac-NN(6,6)-(lr=1.0e-5)-(86-params)",classic_NN_6-6,40
22.0,22,17272,CartPole-v1,"CP-ppo-ac-NN(6,6)-(lr=1.0e-5)-(86-params)",classic_NN_6-6,40
21.0,21,17288,CartPole-v1,"CP-ppo-ac-NN(6,6)-(lr=1.0e-5)-(86-params)",classic_NN_6-6,40
20.0,20,17308,CartPole-v1,"CP-ppo-ac-NN(6,6)-(lr=1.0e-5)-(86-params)",classic_NN_6-6,40
10.0,10,17312,CartPole-v1,"CP-ppo-ac-NN(6,6)-(lr=1.0e-5)-(86-params)",classic_NN_6-6,40
17.0,17,17376,CartPole-v1,"CP-ppo-ac-NN(6,6)-(lr=1.0e-5)-(86-params)",classic_NN_6-6,40
29.0,29,17404,CartPole-v1,"CP-ppo-ac-NN(6,6)-(lr=1.0e-5)-(86-params)",classic_NN_6-6,40
24.0,24,17408,CartPole-v1,"CP-ppo-ac-NN(6,6)-(lr=1.0e-5)-(86-params)",classic_NN_6-6,40
10.0,10,17448,CartPole-v1,"CP-ppo-ac-NN(6,6)-(lr=1.0e-5)-(86-params)",classic_NN_6-6,40
28.0,28,17488,CartPole-v1,"CP-ppo-ac-NN(6,6)-(lr=1.0e-5)-(86-params)",classic_NN_6-6,40
108.0,108,17496,CartPole-v1,"CP-ppo-ac-NN(6,6)-(lr=1.0e-5)-(86-params)",classic_NN_6-6,40
12.0,12,17536,CartPole-v1,"CP-ppo-ac-NN(6,6)-(lr=1.0e-5)-(86-params)",classic_NN_6-6,40
15.0,15,17556,CartPole-v1,"CP-ppo-ac-NN(6,6)-(lr=1.0e-5)-(86-params)",classic_NN_6-6,40
40.0,40,17564,CartPole-v1,"CP-ppo-ac-NN(6,6)-(lr=1.0e-5)-(86-params)",classic_NN_6-6,40
13.0,13,17588,CartPole-v1,"CP-ppo-ac-NN(6,6)-(lr=1.0e-5)-(86-params)",classic_NN_6-6,40
43.0,43,17620,CartPole-v1,"CP-ppo-ac-NN(6,6)-(lr=1.0e-5)-(86-params)",classic_NN_6-6,40
19.0,19,17632,CartPole-v1,"CP-ppo-ac-NN(6,6)-(lr=1.0e-5)-(86-params)",classic_NN_6-6,40
18.0,18,17636,CartPole-v1,"CP-ppo-ac-NN(6,6)-(lr=1.0e-5)-(86-params)",classic_NN_6-6,40
15.0,15,17648,CartPole-v1,"CP-ppo-ac-NN(6,6)-(lr=1.0e-5)-(86-params)",classic_NN_6-6,40
9.0,9,17672,CartPole-v1,"CP-ppo-ac-NN(6,6)-(lr=1.0e-5)-(86-params)",classic_NN_6-6,40
17.0,17,17700,CartPole-v1,"CP-ppo-ac-NN(6,6)-(lr=1.0e-5)-(86-params)",classic_NN_6-6,40
21.0,21,17704,CartPole-v1,"CP-ppo-ac-NN(6,6)-(lr=1.0e-5)-(86-params)",classic_NN_6-6,40
34.0,34,17784,CartPole-v1,"CP-ppo-ac-NN(6,6)-(lr=1.0e-5)-(86-params)",classic_NN_6-6,40
37.0,37,17820,CartPole-v1,"CP-ppo-ac-NN(6,6)-(lr=1.0e-5)-(86-params)",classic_NN_6-6,40
33.0,33,17832,CartPole-v1,"CP-ppo-ac-NN(6,6)-(lr=1.0e-5)-(86-params)",classic_NN_6-6,40
16.0,16,17884,CartPole-v1,"CP-ppo-ac-NN(6,6)-(lr=1.0e-5)-(86-params)",classic_NN_6-6,40
14.0,14,17888,CartPole-v1,"CP-ppo-ac-NN(6,6)-(lr=1.0e-5)-(86-params)",classic_NN_6-6,40
47.0,47,17892,CartPole-v1,"CP-ppo-ac-NN(6,6)-(lr=1.0e-5)-(86-params)",classic_NN_6-6,40
30.0,30,17904,CartPole-v1,"CP-ppo-ac-NN(6,6)-(lr=1.0e-5)-(86-params)",classic_NN_6-6,40
10.0,10,17928,CartPole-v1,"CP-ppo-ac-NN(6,6)-(lr=1.0e-5)-(86-params)",classic_NN_6-6,40
14.0,14,17940,CartPole-v1,"CP-ppo-ac-NN(6,6)-(lr=1.0e-5)-(86-params)",classic_NN_6-6,40
14.0,14,17948,CartPole-v1,"CP-ppo-ac-NN(6,6)-(lr=1.0e-5)-(86-params)",classic_NN_6-6,40
24.0,24,18000,CartPole-v1,"CP-ppo-ac-NN(6,6)-(lr=1.0e-5)-(86-params)",classic_NN_6-6,40
18.0,18,18012,CartPole-v1,"CP-ppo-ac-NN(6,6)-(lr=1.0e-5)-(86-params)",classic_NN_6-6,40
23.0,23,18040,CartPole-v1,"CP-ppo-ac-NN(6,6)-(lr=1.0e-5)-(86-params)",classic_NN_6-6,40
18.0,18,18084,CartPole-v1,"CP-ppo-ac-NN(6,6)-(lr=1.0e-5)-(86-params)",classic_NN_6-6,40
31.0,31,18124,CartPole-v1,"CP-ppo-ac-NN(6,6)-(lr=1.0e-5)-(86-params)",classic_NN_6-6,40
50.0,50,18128,CartPole-v1,"CP-ppo-ac-NN(6,6)-(lr=1.0e-5)-(86-params)",classic_NN_6-6,40
24.0,24,18136,CartPole-v1,"CP-ppo-ac-NN(6,6)-(lr=1.0e-5)-(86-params)",classic_NN_6-6,40
19.0,19,18160,CartPole-v1,"CP-ppo-ac-NN(6,6)-(lr=1.0e-5)-(86-params)",classic_NN_6-6,40
16.0,16,18192,CartPole-v1,"CP-ppo-ac-NN(6,6)-(lr=1.0e-5)-(86-params)",classic_NN_6-6,40
22.0,22,18224,CartPole-v1,"CP-ppo-ac-NN(6,6)-(lr=1.0e-5)-(86-params)",classic_NN_6-6,40
25.0,25,18260,CartPole-v1,"CP-ppo-ac-NN(6,6)-(lr=1.0e-5)-(86-params)",classic_NN_6-6,40
21.0,21,18276,CartPole-v1,"CP-ppo-ac-NN(6,6)-(lr=1.0e-5)-(86-params)",classic_NN_6-6,40
48.0,48,18316,CartPole-v1,"CP-ppo-ac-NN(6,6)-(lr=1.0e-5)-(86-params)",classic_NN_6-6,40
17.0,17,18328,CartPole-v1,"CP-ppo-ac-NN(6,6)-(lr=1.0e-5)-(86-params)",classic_NN_6-6,40
14.0,14,18332,CartPole-v1,"CP-ppo-ac-NN(6,6)-(lr=1.0e-5)-(86-params)",classic_NN_6-6,40
11.0,11,18360,CartPole-v1,"CP-ppo-ac-NN(6,6)-(lr=1.0e-5)-(86-params)",classic_NN_6-6,40
14.0,14,18384,CartPole-v1,"CP-ppo-ac-NN(6,6)-(lr=1.0e-5)-(86-params)",classic_NN_6-6,40
14.0,14,18416,CartPole-v1,"CP-ppo-ac-NN(6,6)-(lr=1.0e-5)-(86-params)",classic_NN_6-6,40
51.0,51,18428,CartPole-v1,"CP-ppo-ac-NN(6,6)-(lr=1.0e-5)-(86-params)",classic_NN_6-6,40
29.0,29,18448,CartPole-v1,"CP-ppo-ac-NN(6,6)-(lr=1.0e-5)-(86-params)",classic_NN_6-6,40
21.0,21,18468,CartPole-v1,"CP-ppo-ac-NN(6,6)-(lr=1.0e-5)-(86-params)",classic_NN_6-6,40
9.0,9,18484,CartPole-v1,"CP-ppo-ac-NN(6,6)-(lr=1.0e-5)-(86-params)",classic_NN_6-6,40
22.0,22,18504,CartPole-v1,"CP-ppo-ac-NN(6,6)-(lr=1.0e-5)-(86-params)",classic_NN_6-6,40
13.0,13,18520,CartPole-v1,"CP-ppo-ac-NN(6,6)-(lr=1.0e-5)-(86-params)",classic_NN_6-6,40
23.0,23,18520,CartPole-v1,"CP-ppo-ac-NN(6,6)-(lr=1.0e-5)-(86-params)",classic_NN_6-6,40
13.0,13,18556,CartPole-v1,"CP-ppo-ac-NN(6,6)-(lr=1.0e-5)-(86-params)",classic_NN_6-6,40
11.0,11,18564,CartPole-v1,"CP-ppo-ac-NN(6,6)-(lr=1.0e-5)-(86-params)",classic_NN_6-6,40
14.0,14,18576,CartPole-v1,"CP-ppo-ac-NN(6,6)-(lr=1.0e-5)-(86-params)",classic_NN_6-6,40
10.0,10,18596,CartPole-v1,"CP-ppo-ac-NN(6,6)-(lr=1.0e-5)-(86-params)",classic_NN_6-6,40
18.0,18,18648,CartPole-v1,"CP-ppo-ac-NN(6,6)-(lr=1.0e-5)-(86-params)",classic_NN_6-6,40
14.0,14,18652,CartPole-v1,"CP-ppo-ac-NN(6,6)-(lr=1.0e-5)-(86-params)",classic_NN_6-6,40
45.0,45,18664,CartPole-v1,"CP-ppo-ac-NN(6,6)-(lr=1.0e-5)-(86-params)",classic_NN_6-6,40
36.0,36,18708,CartPole-v1,"CP-ppo-ac-NN(6,6)-(lr=1.0e-5)-(86-params)",classic_NN_6-6,40
21.0,21,18736,CartPole-v1,"CP-ppo-ac-NN(6,6)-(lr=1.0e-5)-(86-params)",classic_NN_6-6,40
29.0,29,18780,CartPole-v1,"CP-ppo-ac-NN(6,6)-(lr=1.0e-5)-(86-params)",classic_NN_6-6,40
33.0,33,18780,CartPole-v1,"CP-ppo-ac-NN(6,6)-(lr=1.0e-5)-(86-params)",classic_NN_6-6,40
17.0,17,18804,CartPole-v1,"CP-ppo-ac-NN(6,6)-(lr=1.0e-5)-(86-params)",classic_NN_6-6,40
26.0,26,18812,CartPole-v1,"CP-ppo-ac-NN(6,6)-(lr=1.0e-5)-(86-params)",classic_NN_6-6,40
13.0,13,18856,CartPole-v1,"CP-ppo-ac-NN(6,6)-(lr=1.0e-5)-(86-params)",classic_NN_6-6,40
24.0,24,18876,CartPole-v1,"CP-ppo-ac-NN(6,6)-(lr=1.0e-5)-(86-params)",classic_NN_6-6,40
13.0,13,18928,CartPole-v1,"CP-ppo-ac-NN(6,6)-(lr=1.0e-5)-(86-params)",classic_NN_6-6,40
41.0,41,18944,CartPole-v1,"CP-ppo-ac-NN(6,6)-(lr=1.0e-5)-(86-params)",classic_NN_6-6,40
40.0,40,18972,CartPole-v1,"CP-ppo-ac-NN(6,6)-(lr=1.0e-5)-(86-params)",classic_NN_6-6,40
17.0,17,19012,CartPole-v1,"CP-ppo-ac-NN(6,6)-(lr=1.0e-5)-(86-params)",classic_NN_6-6,40
15.0,15,19032,CartPole-v1,"CP-ppo-ac-NN(6,6)-(lr=1.0e-5)-(86-params)",classic_NN_6-6,40
31.0,31,19052,CartPole-v1,"CP-ppo-ac-NN(6,6)-(lr=1.0e-5)-(86-params)",classic_NN_6-6,40
51.0,51,19060,CartPole-v1,"CP-ppo-ac-NN(6,6)-(lr=1.0e-5)-(86-params)",classic_NN_6-6,40
14.0,14,19068,CartPole-v1,"CP-ppo-ac-NN(6,6)-(lr=1.0e-5)-(86-params)",classic_NN_6-6,40
13.0,13,19104,CartPole-v1,"CP-ppo-ac-NN(6,6)-(lr=1.0e-5)-(86-params)",classic_NN_6-6,40
18.0,18,19104,CartPole-v1,"CP-ppo-ac-NN(6,6)-(lr=1.0e-5)-(86-params)",classic_NN_6-6,40
14.0,14,19124,CartPole-v1,"CP-ppo-ac-NN(6,6)-(lr=1.0e-5)-(86-params)",classic_NN_6-6,40
12.0,12,19152,CartPole-v1,"CP-ppo-ac-NN(6,6)-(lr=1.0e-5)-(86-params)",classic_NN_6-6,40
31.0,31,19184,CartPole-v1,"CP-ppo-ac-NN(6,6)-(lr=1.0e-5)-(86-params)",classic_NN_6-6,40
21.0,21,19208,CartPole-v1,"CP-ppo-ac-NN(6,6)-(lr=1.0e-5)-(86-params)",classic_NN_6-6,40
10.0,10,19248,CartPole-v1,"CP-ppo-ac-NN(6,6)-(lr=1.0e-5)-(86-params)",classic_NN_6-6,40
17.0,17,19252,CartPole-v1,"CP-ppo-ac-NN(6,6)-(lr=1.0e-5)-(86-params)",classic_NN_6-6,40
40.0,40,19264,CartPole-v1,"CP-ppo-ac-NN(6,6)-(lr=1.0e-5)-(86-params)",classic_NN_6-6,40
34.0,34,19288,CartPole-v1,"CP-ppo-ac-NN(6,6)-(lr=1.0e-5)-(86-params)",classic_NN_6-6,40
10.0,10,19288,CartPole-v1,"CP-ppo-ac-NN(6,6)-(lr=1.0e-5)-(86-params)",classic_NN_6-6,40
18.0,18,19336,CartPole-v1,"CP-ppo-ac-NN(6,6)-(lr=1.0e-5)-(86-params)",classic_NN_6-6,40
14.0,14,19344,CartPole-v1,"CP-ppo-ac-NN(6,6)-(lr=1.0e-5)-(86-params)",classic_NN_6-6,40
14.0,14,19392,CartPole-v1,"CP-ppo-ac-NN(6,6)-(lr=1.0e-5)-(86-params)",classic_NN_6-6,40
36.0,36,19396,CartPole-v1,"CP-ppo-ac-NN(6,6)-(lr=1.0e-5)-(86-params)",classic_NN_6-6,40
29.0,29,19404,CartPole-v1,"CP-ppo-ac-NN(6,6)-(lr=1.0e-5)-(86-params)",classic_NN_6-6,40
17.0,17,19412,CartPole-v1,"CP-ppo-ac-NN(6,6)-(lr=1.0e-5)-(86-params)",classic_NN_6-6,40
14.0,14,19468,CartPole-v1,"CP-ppo-ac-NN(6,6)-(lr=1.0e-5)-(86-params)",classic_NN_6-6,40
20.0,20,19484,CartPole-v1,"CP-ppo-ac-NN(6,6)-(lr=1.0e-5)-(86-params)",classic_NN_6-6,40
26.0,26,19496,CartPole-v1,"CP-ppo-ac-NN(6,6)-(lr=1.0e-5)-(86-params)",classic_NN_6-6,40
28.0,28,19508,CartPole-v1,"CP-ppo-ac-NN(6,6)-(lr=1.0e-5)-(86-params)",classic_NN_6-6,40
12.0,12,19516,CartPole-v1,"CP-ppo-ac-NN(6,6)-(lr=1.0e-5)-(86-params)",classic_NN_6-6,40
11.0,11,19528,CartPole-v1,"CP-ppo-ac-NN(6,6)-(lr=1.0e-5)-(86-params)",classic_NN_6-6,40
12.0,12,19556,CartPole-v1,"CP-ppo-ac-NN(6,6)-(lr=1.0e-5)-(86-params)",classic_NN_6-6,40
11.0,11,19560,CartPole-v1,"CP-ppo-ac-NN(6,6)-(lr=1.0e-5)-(86-params)",classic_NN_6-6,40
24.0,24,19592,CartPole-v1,"CP-ppo-ac-NN(6,6)-(lr=1.0e-5)-(86-params)",classic_NN_6-6,40
16.0,16,19592,CartPole-v1,"CP-ppo-ac-NN(6,6)-(lr=1.0e-5)-(86-params)",classic_NN_6-6,40
14.0,14,19612,CartPole-v1,"CP-ppo-ac-NN(6,6)-(lr=1.0e-5)-(86-params)",classic_NN_6-6,40
13.0,13,19612,CartPole-v1,"CP-ppo-ac-NN(6,6)-(lr=1.0e-5)-(86-params)",classic_NN_6-6,40
11.0,11,19636,CartPole-v1,"CP-ppo-ac-NN(6,6)-(lr=1.0e-5)-(86-params)",classic_NN_6-6,40
15.0,15,19672,CartPole-v1,"CP-ppo-ac-NN(6,6)-(lr=1.0e-5)-(86-params)",classic_NN_6-6,40
28.0,28,19724,CartPole-v1,"CP-ppo-ac-NN(6,6)-(lr=1.0e-5)-(86-params)",classic_NN_6-6,40
23.0,23,19728,CartPole-v1,"CP-ppo-ac-NN(6,6)-(lr=1.0e-5)-(86-params)",classic_NN_6-6,40
51.0,51,19796,CartPole-v1,"CP-ppo-ac-NN(6,6)-(lr=1.0e-5)-(86-params)",classic_NN_6-6,40
34.0,34,19808,CartPole-v1,"CP-ppo-ac-NN(6,6)-(lr=1.0e-5)-(86-params)",classic_NN_6-6,40
22.0,22,19812,CartPole-v1,"CP-ppo-ac-NN(6,6)-(lr=1.0e-5)-(86-params)",classic_NN_6-6,40
24.0,24,19824,CartPole-v1,"CP-ppo-ac-NN(6,6)-(lr=1.0e-5)-(86-params)",classic_NN_6-6,40
17.0,17,19876,CartPole-v1,"CP-ppo-ac-NN(6,6)-(lr=1.0e-5)-(86-params)",classic_NN_6-6,40
20.0,20,19876,CartPole-v1,"CP-ppo-ac-NN(6,6)-(lr=1.0e-5)-(86-params)",classic_NN_6-6,40
17.0,17,19880,CartPole-v1,"CP-ppo-ac-NN(6,6)-(lr=1.0e-5)-(86-params)",classic_NN_6-6,40
13.0,13,19932,CartPole-v1,"CP-ppo-ac-NN(6,6)-(lr=1.0e-5)-(86-params)",classic_NN_6-6,40
32.0,32,19952,CartPole-v1,"CP-ppo-ac-NN(6,6)-(lr=1.0e-5)-(86-params)",classic_NN_6-6,40
12.0,12,19980,CartPole-v1,"CP-ppo-ac-NN(6,6)-(lr=1.0e-5)-(86-params)",classic_NN_6-6,40
27.0,27,19984,CartPole-v1,"CP-ppo-ac-NN(6,6)-(lr=1.0e-5)-(86-params)",classic_NN_6-6,40
13.0,13,20004,CartPole-v1,"CP-ppo-ac-NN(6,6)-(lr=1.0e-5)-(86-params)",classic_NN_6-6,40
10.0,10,20024,CartPole-v1,"CP-ppo-ac-NN(6,6)-(lr=1.0e-5)-(86-params)",classic_NN_6-6,40
41.0,41,20040,CartPole-v1,"CP-ppo-ac-NN(6,6)-(lr=1.0e-5)-(86-params)",classic_NN_6-6,40
16.0,16,20044,CartPole-v1,"CP-ppo-ac-NN(6,6)-(lr=1.0e-5)-(86-params)",classic_NN_6-6,40
13.0,13,20092,CartPole-v1,"CP-ppo-ac-NN(6,6)-(lr=1.0e-5)-(86-params)",classic_NN_6-6,40
17.0,17,20092,CartPole-v1,"CP-ppo-ac-NN(6,6)-(lr=1.0e-5)-(86-params)",classic_NN_6-6,40
25.0,25,20104,CartPole-v1,"CP-ppo-ac-NN(6,6)-(lr=1.0e-5)-(86-params)",classic_NN_6-6,40
16.0,16,20108,CartPole-v1,"CP-ppo-ac-NN(6,6)-(lr=1.0e-5)-(86-params)",classic_NN_6-6,40
12.0,12,20152,CartPole-v1,"CP-ppo-ac-NN(6,6)-(lr=1.0e-5)-(86-params)",classic_NN_6-6,40
19.0,19,20168,CartPole-v1,"CP-ppo-ac-NN(6,6)-(lr=1.0e-5)-(86-params)",classic_NN_6-6,40
13.0,13,20220,CartPole-v1,"CP-ppo-ac-NN(6,6)-(lr=1.0e-5)-(86-params)",classic_NN_6-6,40
31.0,31,20232,CartPole-v1,"CP-ppo-ac-NN(6,6)-(lr=1.0e-5)-(86-params)",classic_NN_6-6,40
23.0,23,20244,CartPole-v1,"CP-ppo-ac-NN(6,6)-(lr=1.0e-5)-(86-params)",classic_NN_6-6,40
39.0,39,20248,CartPole-v1,"CP-ppo-ac-NN(6,6)-(lr=1.0e-5)-(86-params)",classic_NN_6-6,40
17.0,17,20300,CartPole-v1,"CP-ppo-ac-NN(6,6)-(lr=1.0e-5)-(86-params)",classic_NN_6-6,40
34.0,34,20356,CartPole-v1,"CP-ppo-ac-NN(6,6)-(lr=1.0e-5)-(86-params)",classic_NN_6-6,40
29.0,29,20364,CartPole-v1,"CP-ppo-ac-NN(6,6)-(lr=1.0e-5)-(86-params)",classic_NN_6-6,40
21.0,21,20384,CartPole-v1,"CP-ppo-ac-NN(6,6)-(lr=1.0e-5)-(86-params)",classic_NN_6-6,40
37.0,37,20392,CartPole-v1,"CP-ppo-ac-NN(6,6)-(lr=1.0e-5)-(86-params)",classic_NN_6-6,40
19.0,19,20440,CartPole-v1,"CP-ppo-ac-NN(6,6)-(lr=1.0e-5)-(86-params)",classic_NN_6-6,40
13.0,13,20444,CartPole-v1,"CP-ppo-ac-NN(6,6)-(lr=1.0e-5)-(86-params)",classic_NN_6-6,40
22.0,22,20472,CartPole-v1,"CP-ppo-ac-NN(6,6)-(lr=1.0e-5)-(86-params)",classic_NN_6-6,40
28.0,28,20556,CartPole-v1,"CP-ppo-ac-NN(6,6)-(lr=1.0e-5)-(86-params)",classic_NN_6-6,40
22.0,22,20560,CartPole-v1,"CP-ppo-ac-NN(6,6)-(lr=1.0e-5)-(86-params)",classic_NN_6-6,40
54.0,54,20572,CartPole-v1,"CP-ppo-ac-NN(6,6)-(lr=1.0e-5)-(86-params)",classic_NN_6-6,40
14.0,14,20616,CartPole-v1,"CP-ppo-ac-NN(6,6)-(lr=1.0e-5)-(86-params)",classic_NN_6-6,40
21.0,21,20640,CartPole-v1,"CP-ppo-ac-NN(6,6)-(lr=1.0e-5)-(86-params)",classic_NN_6-6,40
18.0,18,20644,CartPole-v1,"CP-ppo-ac-NN(6,6)-(lr=1.0e-5)-(86-params)",classic_NN_6-6,40
10.0,10,20656,CartPole-v1,"CP-ppo-ac-NN(6,6)-(lr=1.0e-5)-(86-params)",classic_NN_6-6,40
61.0,61,20684,CartPole-v1,"CP-ppo-ac-NN(6,6)-(lr=1.0e-5)-(86-params)",classic_NN_6-6,40
18.0,18,20712,CartPole-v1,"CP-ppo-ac-NN(6,6)-(lr=1.0e-5)-(86-params)",classic_NN_6-6,40
10.0,10,20724,CartPole-v1,"CP-ppo-ac-NN(6,6)-(lr=1.0e-5)-(86-params)",classic_NN_6-6,40
24.0,24,20740,CartPole-v1,"CP-ppo-ac-NN(6,6)-(lr=1.0e-5)-(86-params)",classic_NN_6-6,40
25.0,25,20756,CartPole-v1,"CP-ppo-ac-NN(6,6)-(lr=1.0e-5)-(86-params)",classic_NN_6-6,40
13.0,13,20764,CartPole-v1,"CP-ppo-ac-NN(6,6)-(lr=1.0e-5)-(86-params)",classic_NN_6-6,40
10.0,10,20780,CartPole-v1,"CP-ppo-ac-NN(6,6)-(lr=1.0e-5)-(86-params)",classic_NN_6-6,40
11.0,11,20824,CartPole-v1,"CP-ppo-ac-NN(6,6)-(lr=1.0e-5)-(86-params)",classic_NN_6-6,40
18.0,18,20828,CartPole-v1,"CP-ppo-ac-NN(6,6)-(lr=1.0e-5)-(86-params)",classic_NN_6-6,40
30.0,30,20844,CartPole-v1,"CP-ppo-ac-NN(6,6)-(lr=1.0e-5)-(86-params)",classic_NN_6-6,40
23.0,23,20856,CartPole-v1,"CP-ppo-ac-NN(6,6)-(lr=1.0e-5)-(86-params)",classic_NN_6-6,40
21.0,21,20928,CartPole-v1,"CP-ppo-ac-NN(6,6)-(lr=1.0e-5)-(86-params)",classic_NN_6-6,40
29.0,29,20940,CartPole-v1,"CP-ppo-ac-NN(6,6)-(lr=1.0e-5)-(86-params)",classic_NN_6-6,40
21.0,21,20940,CartPole-v1,"CP-ppo-ac-NN(6,6)-(lr=1.0e-5)-(86-params)",classic_NN_6-6,40
31.0,31,20952,CartPole-v1,"CP-ppo-ac-NN(6,6)-(lr=1.0e-5)-(86-params)",classic_NN_6-6,40
15.0,15,20988,CartPole-v1,"CP-ppo-ac-NN(6,6)-(lr=1.0e-5)-(86-params)",classic_NN_6-6,40
17.0,17,21008,CartPole-v1,"CP-ppo-ac-NN(6,6)-(lr=1.0e-5)-(86-params)",classic_NN_6-6,40
17.0,17,21020,CartPole-v1,"CP-ppo-ac-NN(6,6)-(lr=1.0e-5)-(86-params)",classic_NN_6-6,40
21.0,21,21024,CartPole-v1,"CP-ppo-ac-NN(6,6)-(lr=1.0e-5)-(86-params)",classic_NN_6-6,40
15.0,15,21048,CartPole-v1,"CP-ppo-ac-NN(6,6)-(lr=1.0e-5)-(86-params)",classic_NN_6-6,40
16.0,16,21072,CartPole-v1,"CP-ppo-ac-NN(6,6)-(lr=1.0e-5)-(86-params)",classic_NN_6-6,40
17.0,17,21092,CartPole-v1,"CP-ppo-ac-NN(6,6)-(lr=1.0e-5)-(86-params)",classic_NN_6-6,40
20.0,20,21100,CartPole-v1,"CP-ppo-ac-NN(6,6)-(lr=1.0e-5)-(86-params)",classic_NN_6-6,40
18.0,18,21120,CartPole-v1,"CP-ppo-ac-NN(6,6)-(lr=1.0e-5)-(86-params)",classic_NN_6-6,40
15.0,15,21152,CartPole-v1,"CP-ppo-ac-NN(6,6)-(lr=1.0e-5)-(86-params)",classic_NN_6-6,40
24.0,24,21168,CartPole-v1,"CP-ppo-ac-NN(6,6)-(lr=1.0e-5)-(86-params)",classic_NN_6-6,40
17.0,17,21188,CartPole-v1,"CP-ppo-ac-NN(6,6)-(lr=1.0e-5)-(86-params)",classic_NN_6-6,40
24.0,24,21196,CartPole-v1,"CP-ppo-ac-NN(6,6)-(lr=1.0e-5)-(86-params)",classic_NN_6-6,40
15.0,15,21212,CartPole-v1,"CP-ppo-ac-NN(6,6)-(lr=1.0e-5)-(86-params)",classic_NN_6-6,40
12.0,12,21216,CartPole-v1,"CP-ppo-ac-NN(6,6)-(lr=1.0e-5)-(86-params)",classic_NN_6-6,40
16.0,16,21260,CartPole-v1,"CP-ppo-ac-NN(6,6)-(lr=1.0e-5)-(86-params)",classic_NN_6-6,40
31.0,31,21312,CartPole-v1,"CP-ppo-ac-NN(6,6)-(lr=1.0e-5)-(86-params)",classic_NN_6-6,40
27.0,27,21324,CartPole-v1,"CP-ppo-ac-NN(6,6)-(lr=1.0e-5)-(86-params)",classic_NN_6-6,40
17.0,17,21328,CartPole-v1,"CP-ppo-ac-NN(6,6)-(lr=1.0e-5)-(86-params)",classic_NN_6-6,40
30.0,30,21332,CartPole-v1,"CP-ppo-ac-NN(6,6)-(lr=1.0e-5)-(86-params)",classic_NN_6-6,40
19.0,19,21388,CartPole-v1,"CP-ppo-ac-NN(6,6)-(lr=1.0e-5)-(86-params)",classic_NN_6-6,40
17.0,17,21392,CartPole-v1,"CP-ppo-ac-NN(6,6)-(lr=1.0e-5)-(86-params)",classic_NN_6-6,40
18.0,18,21400,CartPole-v1,"CP-ppo-ac-NN(6,6)-(lr=1.0e-5)-(86-params)",classic_NN_6-6,40
22.0,22,21420,CartPole-v1,"CP-ppo-ac-NN(6,6)-(lr=1.0e-5)-(86-params)",classic_NN_6-6,40
25.0,25,21488,CartPole-v1,"CP-ppo-ac-NN(6,6)-(lr=1.0e-5)-(86-params)",classic_NN_6-6,40
18.0,18,21492,CartPole-v1,"CP-ppo-ac-NN(6,6)-(lr=1.0e-5)-(86-params)",classic_NN_6-6,40
31.0,31,21516,CartPole-v1,"CP-ppo-ac-NN(6,6)-(lr=1.0e-5)-(86-params)",classic_NN_6-6,40
11.0,11,21536,CartPole-v1,"CP-ppo-ac-NN(6,6)-(lr=1.0e-5)-(86-params)",classic_NN_6-6,40
48.0,48,21592,CartPole-v1,"CP-ppo-ac-NN(6,6)-(lr=1.0e-5)-(86-params)",classic_NN_6-6,40
27.0,27,21596,CartPole-v1,"CP-ppo-ac-NN(6,6)-(lr=1.0e-5)-(86-params)",classic_NN_6-6,40
16.0,16,21600,CartPole-v1,"CP-ppo-ac-NN(6,6)-(lr=1.0e-5)-(86-params)",classic_NN_6-6,40
25.0,25,21616,CartPole-v1,"CP-ppo-ac-NN(6,6)-(lr=1.0e-5)-(86-params)",classic_NN_6-6,40
15.0,15,21660,CartPole-v1,"CP-ppo-ac-NN(6,6)-(lr=1.0e-5)-(86-params)",classic_NN_6-6,40
17.0,17,21664,CartPole-v1,"CP-ppo-ac-NN(6,6)-(lr=1.0e-5)-(86-params)",classic_NN_6-6,40
20.0,20,21672,CartPole-v1,"CP-ppo-ac-NN(6,6)-(lr=1.0e-5)-(86-params)",classic_NN_6-6,40
26.0,26,21720,CartPole-v1,"CP-ppo-ac-NN(6,6)-(lr=1.0e-5)-(86-params)",classic_NN_6-6,40
23.0,23,21752,CartPole-v1,"CP-ppo-ac-NN(6,6)-(lr=1.0e-5)-(86-params)",classic_NN_6-6,40
28.0,28,21784,CartPole-v1,"CP-ppo-ac-NN(6,6)-(lr=1.0e-5)-(86-params)",classic_NN_6-6,40
33.0,33,21796,CartPole-v1,"CP-ppo-ac-NN(6,6)-(lr=1.0e-5)-(86-params)",classic_NN_6-6,40
21.0,21,21804,CartPole-v1,"CP-ppo-ac-NN(6,6)-(lr=1.0e-5)-(86-params)",classic_NN_6-6,40
16.0,16,21860,CartPole-v1,"CP-ppo-ac-NN(6,6)-(lr=1.0e-5)-(86-params)",classic_NN_6-6,40
17.0,17,21872,CartPole-v1,"CP-ppo-ac-NN(6,6)-(lr=1.0e-5)-(86-params)",classic_NN_6-6,40
23.0,23,21876,CartPole-v1,"CP-ppo-ac-NN(6,6)-(lr=1.0e-5)-(86-params)",classic_NN_6-6,40
35.0,35,21892,CartPole-v1,"CP-ppo-ac-NN(6,6)-(lr=1.0e-5)-(86-params)",classic_NN_6-6,40
16.0,16,21936,CartPole-v1,"CP-ppo-ac-NN(6,6)-(lr=1.0e-5)-(86-params)",classic_NN_6-6,40
21.0,21,21944,CartPole-v1,"CP-ppo-ac-NN(6,6)-(lr=1.0e-5)-(86-params)",classic_NN_6-6,40
13.0,13,21944,CartPole-v1,"CP-ppo-ac-NN(6,6)-(lr=1.0e-5)-(86-params)",classic_NN_6-6,40
13.0,13,21988,CartPole-v1,"CP-ppo-ac-NN(6,6)-(lr=1.0e-5)-(86-params)",classic_NN_6-6,40
12.0,12,21992,CartPole-v1,"CP-ppo-ac-NN(6,6)-(lr=1.0e-5)-(86-params)",classic_NN_6-6,40
19.0,19,22020,CartPole-v1,"CP-ppo-ac-NN(6,6)-(lr=1.0e-5)-(86-params)",classic_NN_6-6,40
14.0,14,22044,CartPole-v1,"CP-ppo-ac-NN(6,6)-(lr=1.0e-5)-(86-params)",classic_NN_6-6,40
47.0,47,22064,CartPole-v1,"CP-ppo-ac-NN(6,6)-(lr=1.0e-5)-(86-params)",classic_NN_6-6,40
14.0,14,22076,CartPole-v1,"CP-ppo-ac-NN(6,6)-(lr=1.0e-5)-(86-params)",classic_NN_6-6,40
16.0,16,22108,CartPole-v1,"CP-ppo-ac-NN(6,6)-(lr=1.0e-5)-(86-params)",classic_NN_6-6,40
14.0,14,22164,CartPole-v1,"CP-ppo-ac-NN(6,6)-(lr=1.0e-5)-(86-params)",classic_NN_6-6,40
27.0,27,22172,CartPole-v1,"CP-ppo-ac-NN(6,6)-(lr=1.0e-5)-(86-params)",classic_NN_6-6,40
25.0,25,22176,CartPole-v1,"CP-ppo-ac-NN(6,6)-(lr=1.0e-5)-(86-params)",classic_NN_6-6,40
53.0,53,22204,CartPole-v1,"CP-ppo-ac-NN(6,6)-(lr=1.0e-5)-(86-params)",classic_NN_6-6,40
18.0,18,22236,CartPole-v1,"CP-ppo-ac-NN(6,6)-(lr=1.0e-5)-(86-params)",classic_NN_6-6,40
25.0,25,22272,CartPole-v1,"CP-ppo-ac-NN(6,6)-(lr=1.0e-5)-(86-params)",classic_NN_6-6,40
18.0,18,22276,CartPole-v1,"CP-ppo-ac-NN(6,6)-(lr=1.0e-5)-(86-params)",classic_NN_6-6,40
27.0,27,22284,CartPole-v1,"CP-ppo-ac-NN(6,6)-(lr=1.0e-5)-(86-params)",classic_NN_6-6,40
12.0,12,22284,CartPole-v1,"CP-ppo-ac-NN(6,6)-(lr=1.0e-5)-(86-params)",classic_NN_6-6,40
17.0,17,22340,CartPole-v1,"CP-ppo-ac-NN(6,6)-(lr=1.0e-5)-(86-params)",classic_NN_6-6,40
21.0,21,22368,CartPole-v1,"CP-ppo-ac-NN(6,6)-(lr=1.0e-5)-(86-params)",classic_NN_6-6,40
26.0,26,22388,CartPole-v1,"CP-ppo-ac-NN(6,6)-(lr=1.0e-5)-(86-params)",classic_NN_6-6,40
45.0,45,22456,CartPole-v1,"CP-ppo-ac-NN(6,6)-(lr=1.0e-5)-(86-params)",classic_NN_6-6,40
27.0,27,22476,CartPole-v1,"CP-ppo-ac-NN(6,6)-(lr=1.0e-5)-(86-params)",classic_NN_6-6,40
36.0,36,22484,CartPole-v1,"CP-ppo-ac-NN(6,6)-(lr=1.0e-5)-(86-params)",classic_NN_6-6,40
28.0,28,22500,CartPole-v1,"CP-ppo-ac-NN(6,6)-(lr=1.0e-5)-(86-params)",classic_NN_6-6,40
16.0,16,22520,CartPole-v1,"CP-ppo-ac-NN(6,6)-(lr=1.0e-5)-(86-params)",classic_NN_6-6,40
11.0,11,22528,CartPole-v1,"CP-ppo-ac-NN(6,6)-(lr=1.0e-5)-(86-params)",classic_NN_6-6,40
13.0,13,22580,CartPole-v1,"CP-ppo-ac-NN(6,6)-(lr=1.0e-5)-(86-params)",classic_NN_6-6,40
27.0,27,22584,CartPole-v1,"CP-ppo-ac-NN(6,6)-(lr=1.0e-5)-(86-params)",classic_NN_6-6,40
25.0,25,22620,CartPole-v1,"CP-ppo-ac-NN(6,6)-(lr=1.0e-5)-(86-params)",classic_NN_6-6,40
10.0,10,22624,CartPole-v1,"CP-ppo-ac-NN(6,6)-(lr=1.0e-5)-(86-params)",classic_NN_6-6,40
35.0,35,22640,CartPole-v1,"CP-ppo-ac-NN(6,6)-(lr=1.0e-5)-(86-params)",classic_NN_6-6,40
12.0,12,22672,CartPole-v1,"CP-ppo-ac-NN(6,6)-(lr=1.0e-5)-(86-params)",classic_NN_6-6,40
25.0,25,22680,CartPole-v1,"CP-ppo-ac-NN(6,6)-(lr=1.0e-5)-(86-params)",classic_NN_6-6,40
23.0,23,22732,CartPole-v1,"CP-ppo-ac-NN(6,6)-(lr=1.0e-5)-(86-params)",classic_NN_6-6,40
15.0,15,22732,CartPole-v1,"CP-ppo-ac-NN(6,6)-(lr=1.0e-5)-(86-params)",classic_NN_6-6,40
24.0,24,22776,CartPole-v1,"CP-ppo-ac-NN(6,6)-(lr=1.0e-5)-(86-params)",classic_NN_6-6,40
14.0,14,22788,CartPole-v1,"CP-ppo-ac-NN(6,6)-(lr=1.0e-5)-(86-params)",classic_NN_6-6,40
16.0,16,22840,CartPole-v1,"CP-ppo-ac-NN(6,6)-(lr=1.0e-5)-(86-params)",classic_NN_6-6,40
58.0,58,22852,CartPole-v1,"CP-ppo-ac-NN(6,6)-(lr=1.0e-5)-(86-params)",classic_NN_6-6,40
18.0,18,22912,CartPole-v1,"CP-ppo-ac-NN(6,6)-(lr=1.0e-5)-(86-params)",classic_NN_6-6,40
20.0,20,22932,CartPole-v1,"CP-ppo-ac-NN(6,6)-(lr=1.0e-5)-(86-params)",classic_NN_6-6,40
42.0,42,22956,CartPole-v1,"CP-ppo-ac-NN(6,6)-(lr=1.0e-5)-(86-params)",classic_NN_6-6,40
11.0,11,22976,CartPole-v1,"CP-ppo-ac-NN(6,6)-(lr=1.0e-5)-(86-params)",classic_NN_6-6,40
62.0,62,22980,CartPole-v1,"CP-ppo-ac-NN(6,6)-(lr=1.0e-5)-(86-params)",classic_NN_6-6,40
16.0,16,23020,CartPole-v1,"CP-ppo-ac-NN(6,6)-(lr=1.0e-5)-(86-params)",classic_NN_6-6,40
14.0,14,23036,CartPole-v1,"CP-ppo-ac-NN(6,6)-(lr=1.0e-5)-(86-params)",classic_NN_6-6,40
36.0,36,23056,CartPole-v1,"CP-ppo-ac-NN(6,6)-(lr=1.0e-5)-(86-params)",classic_NN_6-6,40
10.0,10,23060,CartPole-v1,"CP-ppo-ac-NN(6,6)-(lr=1.0e-5)-(86-params)",classic_NN_6-6,40
17.0,17,23104,CartPole-v1,"CP-ppo-ac-NN(6,6)-(lr=1.0e-5)-(86-params)",classic_NN_6-6,40
35.0,35,23116,CartPole-v1,"CP-ppo-ac-NN(6,6)-(lr=1.0e-5)-(86-params)",classic_NN_6-6,40
15.0,15,23120,CartPole-v1,"CP-ppo-ac-NN(6,6)-(lr=1.0e-5)-(86-params)",classic_NN_6-6,40
24.0,24,23152,CartPole-v1,"CP-ppo-ac-NN(6,6)-(lr=1.0e-5)-(86-params)",classic_NN_6-6,40
12.0,12,23200,CartPole-v1,"CP-ppo-ac-NN(6,6)-(lr=1.0e-5)-(86-params)",classic_NN_6-6,40
22.0,22,23204,CartPole-v1,"CP-ppo-ac-NN(6,6)-(lr=1.0e-5)-(86-params)",classic_NN_6-6,40
23.0,23,23212,CartPole-v1,"CP-ppo-ac-NN(6,6)-(lr=1.0e-5)-(86-params)",classic_NN_6-6,40
28.0,28,23216,CartPole-v1,"CP-ppo-ac-NN(6,6)-(lr=1.0e-5)-(86-params)",classic_NN_6-6,40
10.0,10,23252,CartPole-v1,"CP-ppo-ac-NN(6,6)-(lr=1.0e-5)-(86-params)",classic_NN_6-6,40
15.0,15,23260,CartPole-v1,"CP-ppo-ac-NN(6,6)-(lr=1.0e-5)-(86-params)",classic_NN_6-6,40
13.0,13,23312,CartPole-v1,"CP-ppo-ac-NN(6,6)-(lr=1.0e-5)-(86-params)",classic_NN_6-6,40
28.0,28,23316,CartPole-v1,"CP-ppo-ac-NN(6,6)-(lr=1.0e-5)-(86-params)",classic_NN_6-6,40
25.0,25,23316,CartPole-v1,"CP-ppo-ac-NN(6,6)-(lr=1.0e-5)-(86-params)",classic_NN_6-6,40
11.0,11,23356,CartPole-v1,"CP-ppo-ac-NN(6,6)-(lr=1.0e-5)-(86-params)",classic_NN_6-6,40
14.0,14,23372,CartPole-v1,"CP-ppo-ac-NN(6,6)-(lr=1.0e-5)-(86-params)",classic_NN_6-6,40
40.0,40,23412,CartPole-v1,"CP-ppo-ac-NN(6,6)-(lr=1.0e-5)-(86-params)",classic_NN_6-6,40
27.0,27,23424,CartPole-v1,"CP-ppo-ac-NN(6,6)-(lr=1.0e-5)-(86-params)",classic_NN_6-6,40
20.0,20,23436,CartPole-v1,"CP-ppo-ac-NN(6,6)-(lr=1.0e-5)-(86-params)",classic_NN_6-6,40
9.0,9,23448,CartPole-v1,"CP-ppo-ac-NN(6,6)-(lr=1.0e-5)-(86-params)",classic_NN_6-6,40
12.0,12,23472,CartPole-v1,"CP-ppo-ac-NN(6,6)-(lr=1.0e-5)-(86-params)",classic_NN_6-6,40
29.0,29,23488,CartPole-v1,"CP-ppo-ac-NN(6,6)-(lr=1.0e-5)-(86-params)",classic_NN_6-6,40
27.0,27,23556,CartPole-v1,"CP-ppo-ac-NN(6,6)-(lr=1.0e-5)-(86-params)",classic_NN_6-6,40
31.0,31,23560,CartPole-v1,"CP-ppo-ac-NN(6,6)-(lr=1.0e-5)-(86-params)",classic_NN_6-6,40
23.0,23,23580,CartPole-v1,"CP-ppo-ac-NN(6,6)-(lr=1.0e-5)-(86-params)",classic_NN_6-6,40
8.0,8,23588,CartPole-v1,"CP-ppo-ac-NN(6,6)-(lr=1.0e-5)-(86-params)",classic_NN_6-6,40
38.0,38,23624,CartPole-v1,"CP-ppo-ac-NN(6,6)-(lr=1.0e-5)-(86-params)",classic_NN_6-6,40
12.0,12,23636,CartPole-v1,"CP-ppo-ac-NN(6,6)-(lr=1.0e-5)-(86-params)",classic_NN_6-6,40
23.0,23,23672,CartPole-v1,"CP-ppo-ac-NN(6,6)-(lr=1.0e-5)-(86-params)",classic_NN_6-6,40
19.0,19,23700,CartPole-v1,"CP-ppo-ac-NN(6,6)-(lr=1.0e-5)-(86-params)",classic_NN_6-6,40
38.0,38,23712,CartPole-v1,"CP-ppo-ac-NN(6,6)-(lr=1.0e-5)-(86-params)",classic_NN_6-6,40
22.0,22,23724,CartPole-v1,"CP-ppo-ac-NN(6,6)-(lr=1.0e-5)-(86-params)",classic_NN_6-6,40
16.0,16,23764,CartPole-v1,"CP-ppo-ac-NN(6,6)-(lr=1.0e-5)-(86-params)",classic_NN_6-6,40
28.0,28,23784,CartPole-v1,"CP-ppo-ac-NN(6,6)-(lr=1.0e-5)-(86-params)",classic_NN_6-6,40
17.0,17,23792,CartPole-v1,"CP-ppo-ac-NN(6,6)-(lr=1.0e-5)-(86-params)",classic_NN_6-6,40
11.0,11,23808,CartPole-v1,"CP-ppo-ac-NN(6,6)-(lr=1.0e-5)-(86-params)",classic_NN_6-6,40
24.0,24,23808,CartPole-v1,"CP-ppo-ac-NN(6,6)-(lr=1.0e-5)-(86-params)",classic_NN_6-6,40
10.0,10,23824,CartPole-v1,"CP-ppo-ac-NN(6,6)-(lr=1.0e-5)-(86-params)",classic_NN_6-6,40
15.0,15,23868,CartPole-v1,"CP-ppo-ac-NN(6,6)-(lr=1.0e-5)-(86-params)",classic_NN_6-6,40
21.0,21,23892,CartPole-v1,"CP-ppo-ac-NN(6,6)-(lr=1.0e-5)-(86-params)",classic_NN_6-6,40
21.0,21,23952,CartPole-v1,"CP-ppo-ac-NN(6,6)-(lr=1.0e-5)-(86-params)",classic_NN_6-6,40
33.0,33,23956,CartPole-v1,"CP-ppo-ac-NN(6,6)-(lr=1.0e-5)-(86-params)",classic_NN_6-6,40
41.0,41,23956,CartPole-v1,"CP-ppo-ac-NN(6,6)-(lr=1.0e-5)-(86-params)",classic_NN_6-6,40
20.0,20,23972,CartPole-v1,"CP-ppo-ac-NN(6,6)-(lr=1.0e-5)-(86-params)",classic_NN_6-6,40
9.0,9,23992,CartPole-v1,"CP-ppo-ac-NN(6,6)-(lr=1.0e-5)-(86-params)",classic_NN_6-6,40
19.0,19,24028,CartPole-v1,"CP-ppo-ac-NN(6,6)-(lr=1.0e-5)-(86-params)",classic_NN_6-6,40
20.0,20,24036,CartPole-v1,"CP-ppo-ac-NN(6,6)-(lr=1.0e-5)-(86-params)",classic_NN_6-6,40
17.0,17,24040,CartPole-v1,"CP-ppo-ac-NN(6,6)-(lr=1.0e-5)-(86-params)",classic_NN_6-6,40
13.0,13,24088,CartPole-v1,"CP-ppo-ac-NN(6,6)-(lr=1.0e-5)-(86-params)",classic_NN_6-6,40
18.0,18,24112,CartPole-v1,"CP-ppo-ac-NN(6,6)-(lr=1.0e-5)-(86-params)",classic_NN_6-6,40
32.0,32,24120,CartPole-v1,"CP-ppo-ac-NN(6,6)-(lr=1.0e-5)-(86-params)",classic_NN_6-6,40
26.0,26,24132,CartPole-v1,"CP-ppo-ac-NN(6,6)-(lr=1.0e-5)-(86-params)",classic_NN_6-6,40
14.0,14,24168,CartPole-v1,"CP-ppo-ac-NN(6,6)-(lr=1.0e-5)-(86-params)",classic_NN_6-6,40
17.0,17,24188,CartPole-v1,"CP-ppo-ac-NN(6,6)-(lr=1.0e-5)-(86-params)",classic_NN_6-6,40
31.0,31,24212,CartPole-v1,"CP-ppo-ac-NN(6,6)-(lr=1.0e-5)-(86-params)",classic_NN_6-6,40
13.0,13,24240,CartPole-v1,"CP-ppo-ac-NN(6,6)-(lr=1.0e-5)-(86-params)",classic_NN_6-6,40
20.0,20,24248,CartPole-v1,"CP-ppo-ac-NN(6,6)-(lr=1.0e-5)-(86-params)",classic_NN_6-6,40
39.0,39,24288,CartPole-v1,"CP-ppo-ac-NN(6,6)-(lr=1.0e-5)-(86-params)",classic_NN_6-6,40
16.0,16,24304,CartPole-v1,"CP-ppo-ac-NN(6,6)-(lr=1.0e-5)-(86-params)",classic_NN_6-6,40
25.0,25,24312,CartPole-v1,"CP-ppo-ac-NN(6,6)-(lr=1.0e-5)-(86-params)",classic_NN_6-6,40
17.0,17,24380,CartPole-v1,"CP-ppo-ac-NN(6,6)-(lr=1.0e-5)-(86-params)",classic_NN_6-6,40
45.0,45,24428,CartPole-v1,"CP-ppo-ac-NN(6,6)-(lr=1.0e-5)-(86-params)",classic_NN_6-6,40
16.0,16,24444,CartPole-v1,"CP-ppo-ac-NN(6,6)-(lr=1.0e-5)-(86-params)",classic_NN_6-6,40
43.0,43,24476,CartPole-v1,"CP-ppo-ac-NN(6,6)-(lr=1.0e-5)-(86-params)",classic_NN_6-6,40
48.0,48,24480,CartPole-v1,"CP-ppo-ac-NN(6,6)-(lr=1.0e-5)-(86-params)",classic_NN_6-6,40
13.0,13,24480,CartPole-v1,"CP-ppo-ac-NN(6,6)-(lr=1.0e-5)-(86-params)",classic_NN_6-6,40
10.0,10,24520,CartPole-v1,"CP-ppo-ac-NN(6,6)-(lr=1.0e-5)-(86-params)",classic_NN_6-6,40
23.0,23,24536,CartPole-v1,"CP-ppo-ac-NN(6,6)-(lr=1.0e-5)-(86-params)",classic_NN_6-6,40
24.0,24,24576,CartPole-v1,"CP-ppo-ac-NN(6,6)-(lr=1.0e-5)-(86-params)",classic_NN_6-6,40
15.0,15,24596,CartPole-v1,"CP-ppo-ac-NN(6,6)-(lr=1.0e-5)-(86-params)",classic_NN_6-6,40
27.0,27,24628,CartPole-v1,"CP-ppo-ac-NN(6,6)-(lr=1.0e-5)-(86-params)",classic_NN_6-6,40
14.0,14,24632,CartPole-v1,"CP-ppo-ac-NN(6,6)-(lr=1.0e-5)-(86-params)",classic_NN_6-6,40
13.0,13,24648,CartPole-v1,"CP-ppo-ac-NN(6,6)-(lr=1.0e-5)-(86-params)",classic_NN_6-6,40
47.0,47,24664,CartPole-v1,"CP-ppo-ac-NN(6,6)-(lr=1.0e-5)-(86-params)",classic_NN_6-6,40
11.0,11,24692,CartPole-v1,"CP-ppo-ac-NN(6,6)-(lr=1.0e-5)-(86-params)",classic_NN_6-6,40
21.0,21,24716,CartPole-v1,"CP-ppo-ac-NN(6,6)-(lr=1.0e-5)-(86-params)",classic_NN_6-6,40
15.0,15,24752,CartPole-v1,"CP-ppo-ac-NN(6,6)-(lr=1.0e-5)-(86-params)",classic_NN_6-6,40
43.0,43,24800,CartPole-v1,"CP-ppo-ac-NN(6,6)-(lr=1.0e-5)-(86-params)",classic_NN_6-6,40
22.0,22,24804,CartPole-v1,"CP-ppo-ac-NN(6,6)-(lr=1.0e-5)-(86-params)",classic_NN_6-6,40
43.0,43,24836,CartPole-v1,"CP-ppo-ac-NN(6,6)-(lr=1.0e-5)-(86-params)",classic_NN_6-6,40
16.0,16,24864,CartPole-v1,"CP-ppo-ac-NN(6,6)-(lr=1.0e-5)-(86-params)",classic_NN_6-6,40
35.0,35,24892,CartPole-v1,"CP-ppo-ac-NN(6,6)-(lr=1.0e-5)-(86-params)",classic_NN_6-6,40
15.0,15,24896,CartPole-v1,"CP-ppo-ac-NN(6,6)-(lr=1.0e-5)-(86-params)",classic_NN_6-6,40
12.0,12,24912,CartPole-v1,"CP-ppo-ac-NN(6,6)-(lr=1.0e-5)-(86-params)",classic_NN_6-6,40
34.0,34,24940,CartPole-v1,"CP-ppo-ac-NN(6,6)-(lr=1.0e-5)-(86-params)",classic_NN_6-6,40
13.0,13,24964,CartPole-v1,"CP-ppo-ac-NN(6,6)-(lr=1.0e-5)-(86-params)",classic_NN_6-6,40
24.0,24,24992,CartPole-v1,"CP-ppo-ac-NN(6,6)-(lr=1.0e-5)-(86-params)",classic_NN_6-6,40
15.0,15,25000,CartPole-v1,"CP-ppo-ac-NN(6,6)-(lr=1.0e-5)-(86-params)",classic_NN_6-6,40
36.0,36,25036,CartPole-v1,"CP-ppo-ac-NN(6,6)-(lr=1.0e-5)-(86-params)",classic_NN_6-6,40
23.0,23,25092,CartPole-v1,"CP-ppo-ac-NN(6,6)-(lr=1.0e-5)-(86-params)",classic_NN_6-6,40
37.0,37,25112,CartPole-v1,"CP-ppo-ac-NN(6,6)-(lr=1.0e-5)-(86-params)",classic_NN_6-6,40
31.0,31,25160,CartPole-v1,"CP-ppo-ac-NN(6,6)-(lr=1.0e-5)-(86-params)",classic_NN_6-6,40
46.0,46,25176,CartPole-v1,"CP-ppo-ac-NN(6,6)-(lr=1.0e-5)-(86-params)",classic_NN_6-6,40
29.0,29,25208,CartPole-v1,"CP-ppo-ac-NN(6,6)-(lr=1.0e-5)-(86-params)",classic_NN_6-6,40
10.0,10,25216,CartPole-v1,"CP-ppo-ac-NN(6,6)-(lr=1.0e-5)-(86-params)",classic_NN_6-6,40
41.0,41,25276,CartPole-v1,"CP-ppo-ac-NN(6,6)-(lr=1.0e-5)-(86-params)",classic_NN_6-6,40
15.0,15,25276,CartPole-v1,"CP-ppo-ac-NN(6,6)-(lr=1.0e-5)-(86-params)",classic_NN_6-6,40
29.0,29,25276,CartPole-v1,"CP-ppo-ac-NN(6,6)-(lr=1.0e-5)-(86-params)",classic_NN_6-6,40
23.0,23,25300,CartPole-v1,"CP-ppo-ac-NN(6,6)-(lr=1.0e-5)-(86-params)",classic_NN_6-6,40
13.0,13,25328,CartPole-v1,"CP-ppo-ac-NN(6,6)-(lr=1.0e-5)-(86-params)",classic_NN_6-6,40
15.0,15,25336,CartPole-v1,"CP-ppo-ac-NN(6,6)-(lr=1.0e-5)-(86-params)",classic_NN_6-6,40
16.0,16,25340,CartPole-v1,"CP-ppo-ac-NN(6,6)-(lr=1.0e-5)-(86-params)",classic_NN_6-6,40
15.0,15,25360,CartPole-v1,"CP-ppo-ac-NN(6,6)-(lr=1.0e-5)-(86-params)",classic_NN_6-6,40
12.0,12,25388,CartPole-v1,"CP-ppo-ac-NN(6,6)-(lr=1.0e-5)-(86-params)",classic_NN_6-6,40
25.0,25,25428,CartPole-v1,"CP-ppo-ac-NN(6,6)-(lr=1.0e-5)-(86-params)",classic_NN_6-6,40
26.0,26,25440,CartPole-v1,"CP-ppo-ac-NN(6,6)-(lr=1.0e-5)-(86-params)",classic_NN_6-6,40
16.0,16,25492,CartPole-v1,"CP-ppo-ac-NN(6,6)-(lr=1.0e-5)-(86-params)",classic_NN_6-6,40
16.0,16,25504,CartPole-v1,"CP-ppo-ac-NN(6,6)-(lr=1.0e-5)-(86-params)",classic_NN_6-6,40
10.0,10,25544,CartPole-v1,"CP-ppo-ac-NN(6,6)-(lr=1.0e-5)-(86-params)",classic_NN_6-6,40
49.0,49,25584,CartPole-v1,"CP-ppo-ac-NN(6,6)-(lr=1.0e-5)-(86-params)",classic_NN_6-6,40
10.0,10,25584,CartPole-v1,"CP-ppo-ac-NN(6,6)-(lr=1.0e-5)-(86-params)",classic_NN_6-6,40
59.0,59,25596,CartPole-v1,"CP-ppo-ac-NN(6,6)-(lr=1.0e-5)-(86-params)",classic_NN_6-6,40
12.0,12,25632,CartPole-v1,"CP-ppo-ac-NN(6,6)-(lr=1.0e-5)-(86-params)",classic_NN_6-6,40
13.0,13,25636,CartPole-v1,"CP-ppo-ac-NN(6,6)-(lr=1.0e-5)-(86-params)",classic_NN_6-6,40
49.0,49,25688,CartPole-v1,"CP-ppo-ac-NN(6,6)-(lr=1.0e-5)-(86-params)",classic_NN_6-6,40
16.0,16,25700,CartPole-v1,"CP-ppo-ac-NN(6,6)-(lr=1.0e-5)-(86-params)",classic_NN_6-6,40
29.0,29,25712,CartPole-v1,"CP-ppo-ac-NN(6,6)-(lr=1.0e-5)-(86-params)",classic_NN_6-6,40
23.0,23,25724,CartPole-v1,"CP-ppo-ac-NN(6,6)-(lr=1.0e-5)-(86-params)",classic_NN_6-6,40
13.0,13,25752,CartPole-v1,"CP-ppo-ac-NN(6,6)-(lr=1.0e-5)-(86-params)",classic_NN_6-6,40
12.0,12,25760,CartPole-v1,"CP-ppo-ac-NN(6,6)-(lr=1.0e-5)-(86-params)",classic_NN_6-6,40
27.0,27,25796,CartPole-v1,"CP-ppo-ac-NN(6,6)-(lr=1.0e-5)-(86-params)",classic_NN_6-6,40
15.0,15,25820,CartPole-v1,"CP-ppo-ac-NN(6,6)-(lr=1.0e-5)-(86-params)",classic_NN_6-6,40
18.0,18,25824,CartPole-v1,"CP-ppo-ac-NN(6,6)-(lr=1.0e-5)-(86-params)",classic_NN_6-6,40
13.0,13,25848,CartPole-v1,"CP-ppo-ac-NN(6,6)-(lr=1.0e-5)-(86-params)",classic_NN_6-6,40
35.0,35,25864,CartPole-v1,"CP-ppo-ac-NN(6,6)-(lr=1.0e-5)-(86-params)",classic_NN_6-6,40
16.0,16,25884,CartPole-v1,"CP-ppo-ac-NN(6,6)-(lr=1.0e-5)-(86-params)",classic_NN_6-6,40
16.0,16,25912,CartPole-v1,"CP-ppo-ac-NN(6,6)-(lr=1.0e-5)-(86-params)",classic_NN_6-6,40
19.0,19,25940,CartPole-v1,"CP-ppo-ac-NN(6,6)-(lr=1.0e-5)-(86-params)",classic_NN_6-6,40
47.0,47,26012,CartPole-v1,"CP-ppo-ac-NN(6,6)-(lr=1.0e-5)-(86-params)",classic_NN_6-6,40
41.0,41,26076,CartPole-v1,"CP-ppo-ac-NN(6,6)-(lr=1.0e-5)-(86-params)",classic_NN_6-6,40
35.0,35,26080,CartPole-v1,"CP-ppo-ac-NN(6,6)-(lr=1.0e-5)-(86-params)",classic_NN_6-6,40
17.0,17,26080,CartPole-v1,"CP-ppo-ac-NN(6,6)-(lr=1.0e-5)-(86-params)",classic_NN_6-6,40
11.0,11,26124,CartPole-v1,"CP-ppo-ac-NN(6,6)-(lr=1.0e-5)-(86-params)",classic_NN_6-6,40
14.0,14,26132,CartPole-v1,"CP-ppo-ac-NN(6,6)-(lr=1.0e-5)-(86-params)",classic_NN_6-6,40
14.0,14,26136,CartPole-v1,"CP-ppo-ac-NN(6,6)-(lr=1.0e-5)-(86-params)",classic_NN_6-6,40
70.0,70,26164,CartPole-v1,"CP-ppo-ac-NN(6,6)-(lr=1.0e-5)-(86-params)",classic_NN_6-6,40
17.0,17,26192,CartPole-v1,"CP-ppo-ac-NN(6,6)-(lr=1.0e-5)-(86-params)",classic_NN_6-6,40
15.0,15,26196,CartPole-v1,"CP-ppo-ac-NN(6,6)-(lr=1.0e-5)-(86-params)",classic_NN_6-6,40
34.0,34,26268,CartPole-v1,"CP-ppo-ac-NN(6,6)-(lr=1.0e-5)-(86-params)",classic_NN_6-6,40
28.0,28,26304,CartPole-v1,"CP-ppo-ac-NN(6,6)-(lr=1.0e-5)-(86-params)",classic_NN_6-6,40
12.0,12,26316,CartPole-v1,"CP-ppo-ac-NN(6,6)-(lr=1.0e-5)-(86-params)",classic_NN_6-6,40
39.0,39,26320,CartPole-v1,"CP-ppo-ac-NN(6,6)-(lr=1.0e-5)-(86-params)",classic_NN_6-6,40
15.0,15,26364,CartPole-v1,"CP-ppo-ac-NN(6,6)-(lr=1.0e-5)-(86-params)",classic_NN_6-6,40
13.0,13,26368,CartPole-v1,"CP-ppo-ac-NN(6,6)-(lr=1.0e-5)-(86-params)",classic_NN_6-6,40
51.0,51,26400,CartPole-v1,"CP-ppo-ac-NN(6,6)-(lr=1.0e-5)-(86-params)",classic_NN_6-6,40
25.0,25,26420,CartPole-v1,"CP-ppo-ac-NN(6,6)-(lr=1.0e-5)-(86-params)",classic_NN_6-6,40
14.0,14,26424,CartPole-v1,"CP-ppo-ac-NN(6,6)-(lr=1.0e-5)-(86-params)",classic_NN_6-6,40
16.0,16,26428,CartPole-v1,"CP-ppo-ac-NN(6,6)-(lr=1.0e-5)-(86-params)",classic_NN_6-6,40
19.0,19,26476,CartPole-v1,"CP-ppo-ac-NN(6,6)-(lr=1.0e-5)-(86-params)",classic_NN_6-6,40
15.0,15,26480,CartPole-v1,"CP-ppo-ac-NN(6,6)-(lr=1.0e-5)-(86-params)",classic_NN_6-6,40
14.0,14,26480,CartPole-v1,"CP-ppo-ac-NN(6,6)-(lr=1.0e-5)-(86-params)",classic_NN_6-6,40
12.0,12,26528,CartPole-v1,"CP-ppo-ac-NN(6,6)-(lr=1.0e-5)-(86-params)",classic_NN_6-6,40
15.0,15,26536,CartPole-v1,"CP-ppo-ac-NN(6,6)-(lr=1.0e-5)-(86-params)",classic_NN_6-6,40
40.0,40,26588,CartPole-v1,"CP-ppo-ac-NN(6,6)-(lr=1.0e-5)-(86-params)",classic_NN_6-6,40
27.0,27,26588,CartPole-v1,"CP-ppo-ac-NN(6,6)-(lr=1.0e-5)-(86-params)",classic_NN_6-6,40
26.0,26,26632,CartPole-v1,"CP-ppo-ac-NN(6,6)-(lr=1.0e-5)-(86-params)",classic_NN_6-6,40
11.0,11,26632,CartPole-v1,"CP-ppo-ac-NN(6,6)-(lr=1.0e-5)-(86-params)",classic_NN_6-6,40
14.0,14,26688,CartPole-v1,"CP-ppo-ac-NN(6,6)-(lr=1.0e-5)-(86-params)",classic_NN_6-6,40
27.0,27,26696,CartPole-v1,"CP-ppo-ac-NN(6,6)-(lr=1.0e-5)-(86-params)",classic_NN_6-6,40
41.0,41,26700,CartPole-v1,"CP-ppo-ac-NN(6,6)-(lr=1.0e-5)-(86-params)",classic_NN_6-6,40
10.0,10,26728,CartPole-v1,"CP-ppo-ac-NN(6,6)-(lr=1.0e-5)-(86-params)",classic_NN_6-6,40
13.0,13,26752,CartPole-v1,"CP-ppo-ac-NN(6,6)-(lr=1.0e-5)-(86-params)",classic_NN_6-6,40
30.0,30,26752,CartPole-v1,"CP-ppo-ac-NN(6,6)-(lr=1.0e-5)-(86-params)",classic_NN_6-6,40
15.0,15,26788,CartPole-v1,"CP-ppo-ac-NN(6,6)-(lr=1.0e-5)-(86-params)",classic_NN_6-6,40
27.0,27,26804,CartPole-v1,"CP-ppo-ac-NN(6,6)-(lr=1.0e-5)-(86-params)",classic_NN_6-6,40
15.0,15,26812,CartPole-v1,"CP-ppo-ac-NN(6,6)-(lr=1.0e-5)-(86-params)",classic_NN_6-6,40
23.0,23,26844,CartPole-v1,"CP-ppo-ac-NN(6,6)-(lr=1.0e-5)-(86-params)",classic_NN_6-6,40
16.0,16,26852,CartPole-v1,"CP-ppo-ac-NN(6,6)-(lr=1.0e-5)-(86-params)",classic_NN_6-6,40
15.0,15,26864,CartPole-v1,"CP-ppo-ac-NN(6,6)-(lr=1.0e-5)-(86-params)",classic_NN_6-6,40
13.0,13,26864,CartPole-v1,"CP-ppo-ac-NN(6,6)-(lr=1.0e-5)-(86-params)",classic_NN_6-6,40
10.0,10,26884,CartPole-v1,"CP-ppo-ac-NN(6,6)-(lr=1.0e-5)-(86-params)",classic_NN_6-6,40
10.0,10,26904,CartPole-v1,"CP-ppo-ac-NN(6,6)-(lr=1.0e-5)-(86-params)",classic_NN_6-6,40
19.0,19,26940,CartPole-v1,"CP-ppo-ac-NN(6,6)-(lr=1.0e-5)-(86-params)",classic_NN_6-6,40
20.0,20,26964,CartPole-v1,"CP-ppo-ac-NN(6,6)-(lr=1.0e-5)-(86-params)",classic_NN_6-6,40
29.0,29,27020,CartPole-v1,"CP-ppo-ac-NN(6,6)-(lr=1.0e-5)-(86-params)",classic_NN_6-6,40
32.0,32,27068,CartPole-v1,"CP-ppo-ac-NN(6,6)-(lr=1.0e-5)-(86-params)",classic_NN_6-6,40
61.0,61,27096,CartPole-v1,"CP-ppo-ac-NN(6,6)-(lr=1.0e-5)-(86-params)",classic_NN_6-6,40
40.0,40,27124,CartPole-v1,"CP-ppo-ac-NN(6,6)-(lr=1.0e-5)-(86-params)",classic_NN_6-6,40
16.0,16,27132,CartPole-v1,"CP-ppo-ac-NN(6,6)-(lr=1.0e-5)-(86-params)",classic_NN_6-6,40
11.0,11,27140,CartPole-v1,"CP-ppo-ac-NN(6,6)-(lr=1.0e-5)-(86-params)",classic_NN_6-6,40
14.0,14,27188,CartPole-v1,"CP-ppo-ac-NN(6,6)-(lr=1.0e-5)-(86-params)",classic_NN_6-6,40
43.0,43,27192,CartPole-v1,"CP-ppo-ac-NN(6,6)-(lr=1.0e-5)-(86-params)",classic_NN_6-6,40
26.0,26,27228,CartPole-v1,"CP-ppo-ac-NN(6,6)-(lr=1.0e-5)-(86-params)",classic_NN_6-6,40
13.0,13,27240,CartPole-v1,"CP-ppo-ac-NN(6,6)-(lr=1.0e-5)-(86-params)",classic_NN_6-6,40
14.0,14,27248,CartPole-v1,"CP-ppo-ac-NN(6,6)-(lr=1.0e-5)-(86-params)",classic_NN_6-6,40
11.0,11,27292,CartPole-v1,"CP-ppo-ac-NN(6,6)-(lr=1.0e-5)-(86-params)",classic_NN_6-6,40
30.0,30,27360,CartPole-v1,"CP-ppo-ac-NN(6,6)-(lr=1.0e-5)-(86-params)",classic_NN_6-6,40
55.0,55,27360,CartPole-v1,"CP-ppo-ac-NN(6,6)-(lr=1.0e-5)-(86-params)",classic_NN_6-6,40
44.0,44,27404,CartPole-v1,"CP-ppo-ac-NN(6,6)-(lr=1.0e-5)-(86-params)",classic_NN_6-6,40
11.0,11,27448,CartPole-v1,"CP-ppo-ac-NN(6,6)-(lr=1.0e-5)-(86-params)",classic_NN_6-6,40
12.0,12,27496,CartPole-v1,"CP-ppo-ac-NN(6,6)-(lr=1.0e-5)-(86-params)",classic_NN_6-6,40
35.0,35,27500,CartPole-v1,"CP-ppo-ac-NN(6,6)-(lr=1.0e-5)-(86-params)",classic_NN_6-6,40
41.0,41,27524,CartPole-v1,"CP-ppo-ac-NN(6,6)-(lr=1.0e-5)-(86-params)",classic_NN_6-6,40
59.0,59,27528,CartPole-v1,"CP-ppo-ac-NN(6,6)-(lr=1.0e-5)-(86-params)",classic_NN_6-6,40
10.0,10,27564,CartPole-v1,"CP-ppo-ac-NN(6,6)-(lr=1.0e-5)-(86-params)",classic_NN_6-6,40
20.0,20,27580,CartPole-v1,"CP-ppo-ac-NN(6,6)-(lr=1.0e-5)-(86-params)",classic_NN_6-6,40
32.0,32,27624,CartPole-v1,"CP-ppo-ac-NN(6,6)-(lr=1.0e-5)-(86-params)",classic_NN_6-6,40
28.0,28,27640,CartPole-v1,"CP-ppo-ac-NN(6,6)-(lr=1.0e-5)-(86-params)",classic_NN_6-6,40
21.0,21,27648,CartPole-v1,"CP-ppo-ac-NN(6,6)-(lr=1.0e-5)-(86-params)",classic_NN_6-6,40
20.0,20,27704,CartPole-v1,"CP-ppo-ac-NN(6,6)-(lr=1.0e-5)-(86-params)",classic_NN_6-6,40
33.0,33,27712,CartPole-v1,"CP-ppo-ac-NN(6,6)-(lr=1.0e-5)-(86-params)",classic_NN_6-6,40
16.0,16,27712,CartPole-v1,"CP-ppo-ac-NN(6,6)-(lr=1.0e-5)-(86-params)",classic_NN_6-6,40
26.0,26,27744,CartPole-v1,"CP-ppo-ac-NN(6,6)-(lr=1.0e-5)-(86-params)",classic_NN_6-6,40
19.0,19,27780,CartPole-v1,"CP-ppo-ac-NN(6,6)-(lr=1.0e-5)-(86-params)",classic_NN_6-6,40
23.0,23,27804,CartPole-v1,"CP-ppo-ac-NN(6,6)-(lr=1.0e-5)-(86-params)",classic_NN_6-6,40
12.0,12,27828,CartPole-v1,"CP-ppo-ac-NN(6,6)-(lr=1.0e-5)-(86-params)",classic_NN_6-6,40
25.0,25,27844,CartPole-v1,"CP-ppo-ac-NN(6,6)-(lr=1.0e-5)-(86-params)",classic_NN_6-6,40
16.0,16,27868,CartPole-v1,"CP-ppo-ac-NN(6,6)-(lr=1.0e-5)-(86-params)",classic_NN_6-6,40
41.0,41,27876,CartPole-v1,"CP-ppo-ac-NN(6,6)-(lr=1.0e-5)-(86-params)",classic_NN_6-6,40
12.0,12,27876,CartPole-v1,"CP-ppo-ac-NN(6,6)-(lr=1.0e-5)-(86-params)",classic_NN_6-6,40
28.0,28,27956,CartPole-v1,"CP-ppo-ac-NN(6,6)-(lr=1.0e-5)-(86-params)",classic_NN_6-6,40
31.0,31,28000,CartPole-v1,"CP-ppo-ac-NN(6,6)-(lr=1.0e-5)-(86-params)",classic_NN_6-6,40
15.0,15,28016,CartPole-v1,"CP-ppo-ac-NN(6,6)-(lr=1.0e-5)-(86-params)",classic_NN_6-6,40
45.0,45,28048,CartPole-v1,"CP-ppo-ac-NN(6,6)-(lr=1.0e-5)-(86-params)",classic_NN_6-6,40
12.0,12,28048,CartPole-v1,"CP-ppo-ac-NN(6,6)-(lr=1.0e-5)-(86-params)",classic_NN_6-6,40
12.0,12,28096,CartPole-v1,"CP-ppo-ac-NN(6,6)-(lr=1.0e-5)-(86-params)",classic_NN_6-6,40
22.0,22,28104,CartPole-v1,"CP-ppo-ac-NN(6,6)-(lr=1.0e-5)-(86-params)",classic_NN_6-6,40
67.0,67,28144,CartPole-v1,"CP-ppo-ac-NN(6,6)-(lr=1.0e-5)-(86-params)",classic_NN_6-6,40
21.0,21,28188,CartPole-v1,"CP-ppo-ac-NN(6,6)-(lr=1.0e-5)-(86-params)",classic_NN_6-6,40
23.0,23,28188,CartPole-v1,"CP-ppo-ac-NN(6,6)-(lr=1.0e-5)-(86-params)",classic_NN_6-6,40
13.0,13,28196,CartPole-v1,"CP-ppo-ac-NN(6,6)-(lr=1.0e-5)-(86-params)",classic_NN_6-6,40
47.0,47,28236,CartPole-v1,"CP-ppo-ac-NN(6,6)-(lr=1.0e-5)-(86-params)",classic_NN_6-6,40
16.0,16,28252,CartPole-v1,"CP-ppo-ac-NN(6,6)-(lr=1.0e-5)-(86-params)",classic_NN_6-6,40
26.0,26,28300,CartPole-v1,"CP-ppo-ac-NN(6,6)-(lr=1.0e-5)-(86-params)",classic_NN_6-6,40
17.0,17,28304,CartPole-v1,"CP-ppo-ac-NN(6,6)-(lr=1.0e-5)-(86-params)",classic_NN_6-6,40
25.0,25,28352,CartPole-v1,"CP-ppo-ac-NN(6,6)-(lr=1.0e-5)-(86-params)",classic_NN_6-6,40
15.0,15,28360,CartPole-v1,"CP-ppo-ac-NN(6,6)-(lr=1.0e-5)-(86-params)",classic_NN_6-6,40
58.0,58,28420,CartPole-v1,"CP-ppo-ac-NN(6,6)-(lr=1.0e-5)-(86-params)",classic_NN_6-6,40
29.0,29,28420,CartPole-v1,"CP-ppo-ac-NN(6,6)-(lr=1.0e-5)-(86-params)",classic_NN_6-6,40
22.0,22,28440,CartPole-v1,"CP-ppo-ac-NN(6,6)-(lr=1.0e-5)-(86-params)",classic_NN_6-6,40
10.0,10,28460,CartPole-v1,"CP-ppo-ac-NN(6,6)-(lr=1.0e-5)-(86-params)",classic_NN_6-6,40
14.0,14,28516,CartPole-v1,"CP-ppo-ac-NN(6,6)-(lr=1.0e-5)-(86-params)",classic_NN_6-6,40
43.0,43,28532,CartPole-v1,"CP-ppo-ac-NN(6,6)-(lr=1.0e-5)-(86-params)",classic_NN_6-6,40
25.0,25,28540,CartPole-v1,"CP-ppo-ac-NN(6,6)-(lr=1.0e-5)-(86-params)",classic_NN_6-6,40
38.0,38,28572,CartPole-v1,"CP-ppo-ac-NN(6,6)-(lr=1.0e-5)-(86-params)",classic_NN_6-6,40
16.0,16,28580,CartPole-v1,"CP-ppo-ac-NN(6,6)-(lr=1.0e-5)-(86-params)",classic_NN_6-6,40
12.0,12,28580,CartPole-v1,"CP-ppo-ac-NN(6,6)-(lr=1.0e-5)-(86-params)",classic_NN_6-6,40
12.0,12,28588,CartPole-v1,"CP-ppo-ac-NN(6,6)-(lr=1.0e-5)-(86-params)",classic_NN_6-6,40
15.0,15,28640,CartPole-v1,"CP-ppo-ac-NN(6,6)-(lr=1.0e-5)-(86-params)",classic_NN_6-6,40
22.0,22,28660,CartPole-v1,"CP-ppo-ac-NN(6,6)-(lr=1.0e-5)-(86-params)",classic_NN_6-6,40
20.0,20,28668,CartPole-v1,"CP-ppo-ac-NN(6,6)-(lr=1.0e-5)-(86-params)",classic_NN_6-6,40
23.0,23,28672,CartPole-v1,"CP-ppo-ac-NN(6,6)-(lr=1.0e-5)-(86-params)",classic_NN_6-6,40
9.0,9,28676,CartPole-v1,"CP-ppo-ac-NN(6,6)-(lr=1.0e-5)-(86-params)",classic_NN_6-6,40
13.0,13,28712,CartPole-v1,"CP-ppo-ac-NN(6,6)-(lr=1.0e-5)-(86-params)",classic_NN_6-6,40
13.0,13,28728,CartPole-v1,"CP-ppo-ac-NN(6,6)-(lr=1.0e-5)-(86-params)",classic_NN_6-6,40
20.0,20,28748,CartPole-v1,"CP-ppo-ac-NN(6,6)-(lr=1.0e-5)-(86-params)",classic_NN_6-6,40
14.0,14,28768,CartPole-v1,"CP-ppo-ac-NN(6,6)-(lr=1.0e-5)-(86-params)",classic_NN_6-6,40
34.0,34,28808,CartPole-v1,"CP-ppo-ac-NN(6,6)-(lr=1.0e-5)-(86-params)",classic_NN_6-6,40
23.0,23,28840,CartPole-v1,"CP-ppo-ac-NN(6,6)-(lr=1.0e-5)-(86-params)",classic_NN_6-6,40
20.0,20,28848,CartPole-v1,"CP-ppo-ac-NN(6,6)-(lr=1.0e-5)-(86-params)",classic_NN_6-6,40
19.0,19,28884,CartPole-v1,"CP-ppo-ac-NN(6,6)-(lr=1.0e-5)-(86-params)",classic_NN_6-6,40
42.0,42,28896,CartPole-v1,"CP-ppo-ac-NN(6,6)-(lr=1.0e-5)-(86-params)",classic_NN_6-6,40
17.0,17,28908,CartPole-v1,"CP-ppo-ac-NN(6,6)-(lr=1.0e-5)-(86-params)",classic_NN_6-6,40
17.0,17,28916,CartPole-v1,"CP-ppo-ac-NN(6,6)-(lr=1.0e-5)-(86-params)",classic_NN_6-6,40
15.0,15,28968,CartPole-v1,"CP-ppo-ac-NN(6,6)-(lr=1.0e-5)-(86-params)",classic_NN_6-6,40
15.0,15,28976,CartPole-v1,"CP-ppo-ac-NN(6,6)-(lr=1.0e-5)-(86-params)",classic_NN_6-6,40
29.0,29,29000,CartPole-v1,"CP-ppo-ac-NN(6,6)-(lr=1.0e-5)-(86-params)",classic_NN_6-6,40
28.0,28,29008,CartPole-v1,"CP-ppo-ac-NN(6,6)-(lr=1.0e-5)-(86-params)",classic_NN_6-6,40
14.0,14,29032,CartPole-v1,"CP-ppo-ac-NN(6,6)-(lr=1.0e-5)-(86-params)",classic_NN_6-6,40
16.0,16,29064,CartPole-v1,"CP-ppo-ac-NN(6,6)-(lr=1.0e-5)-(86-params)",classic_NN_6-6,40
26.0,26,29072,CartPole-v1,"CP-ppo-ac-NN(6,6)-(lr=1.0e-5)-(86-params)",classic_NN_6-6,40
21.0,21,29092,CartPole-v1,"CP-ppo-ac-NN(6,6)-(lr=1.0e-5)-(86-params)",classic_NN_6-6,40
26.0,26,29136,CartPole-v1,"CP-ppo-ac-NN(6,6)-(lr=1.0e-5)-(86-params)",classic_NN_6-6,40
19.0,19,29148,CartPole-v1,"CP-ppo-ac-NN(6,6)-(lr=1.0e-5)-(86-params)",classic_NN_6-6,40
21.0,21,29148,CartPole-v1,"CP-ppo-ac-NN(6,6)-(lr=1.0e-5)-(86-params)",classic_NN_6-6,40
16.0,16,29156,CartPole-v1,"CP-ppo-ac-NN(6,6)-(lr=1.0e-5)-(86-params)",classic_NN_6-6,40
14.0,14,29204,CartPole-v1,"CP-ppo-ac-NN(6,6)-(lr=1.0e-5)-(86-params)",classic_NN_6-6,40
19.0,19,29212,CartPole-v1,"CP-ppo-ac-NN(6,6)-(lr=1.0e-5)-(86-params)",classic_NN_6-6,40
15.0,15,29216,CartPole-v1,"CP-ppo-ac-NN(6,6)-(lr=1.0e-5)-(86-params)",classic_NN_6-6,40
26.0,26,29252,CartPole-v1,"CP-ppo-ac-NN(6,6)-(lr=1.0e-5)-(86-params)",classic_NN_6-6,40
15.0,15,29264,CartPole-v1,"CP-ppo-ac-NN(6,6)-(lr=1.0e-5)-(86-params)",classic_NN_6-6,40
12.0,12,29300,CartPole-v1,"CP-ppo-ac-NN(6,6)-(lr=1.0e-5)-(86-params)",classic_NN_6-6,40
23.0,23,29308,CartPole-v1,"CP-ppo-ac-NN(6,6)-(lr=1.0e-5)-(86-params)",classic_NN_6-6,40
17.0,17,29376,CartPole-v1,"CP-ppo-ac-NN(6,6)-(lr=1.0e-5)-(86-params)",classic_NN_6-6,40
31.0,31,29388,CartPole-v1,"CP-ppo-ac-NN(6,6)-(lr=1.0e-5)-(86-params)",classic_NN_6-6,40
25.0,25,29400,CartPole-v1,"CP-ppo-ac-NN(6,6)-(lr=1.0e-5)-(86-params)",classic_NN_6-6,40
48.0,48,29404,CartPole-v1,"CP-ppo-ac-NN(6,6)-(lr=1.0e-5)-(86-params)",classic_NN_6-6,40
19.0,19,29452,CartPole-v1,"CP-ppo-ac-NN(6,6)-(lr=1.0e-5)-(86-params)",classic_NN_6-6,40
21.0,21,29488,CartPole-v1,"CP-ppo-ac-NN(6,6)-(lr=1.0e-5)-(86-params)",classic_NN_6-6,40
30.0,30,29508,CartPole-v1,"CP-ppo-ac-NN(6,6)-(lr=1.0e-5)-(86-params)",classic_NN_6-6,40
27.0,27,29508,CartPole-v1,"CP-ppo-ac-NN(6,6)-(lr=1.0e-5)-(86-params)",classic_NN_6-6,40
9.0,9,29544,CartPole-v1,"CP-ppo-ac-NN(6,6)-(lr=1.0e-5)-(86-params)",classic_NN_6-6,40
28.0,28,29564,CartPole-v1,"CP-ppo-ac-NN(6,6)-(lr=1.0e-5)-(86-params)",classic_NN_6-6,40
20.0,20,29588,CartPole-v1,"CP-ppo-ac-NN(6,6)-(lr=1.0e-5)-(86-params)",classic_NN_6-6,40
26.0,26,29592,CartPole-v1,"CP-ppo-ac-NN(6,6)-(lr=1.0e-5)-(86-params)",classic_NN_6-6,40
19.0,19,29620,CartPole-v1,"CP-ppo-ac-NN(6,6)-(lr=1.0e-5)-(86-params)",classic_NN_6-6,40
24.0,24,29684,CartPole-v1,"CP-ppo-ac-NN(6,6)-(lr=1.0e-5)-(86-params)",classic_NN_6-6,40
23.0,23,29712,CartPole-v1,"CP-ppo-ac-NN(6,6)-(lr=1.0e-5)-(86-params)",classic_NN_6-6,40
45.0,45,29744,CartPole-v1,"CP-ppo-ac-NN(6,6)-(lr=1.0e-5)-(86-params)",classic_NN_6-6,40
18.0,18,29756,CartPole-v1,"CP-ppo-ac-NN(6,6)-(lr=1.0e-5)-(86-params)",classic_NN_6-6,40
47.0,47,29780,CartPole-v1,"CP-ppo-ac-NN(6,6)-(lr=1.0e-5)-(86-params)",classic_NN_6-6,40
9.0,9,29792,CartPole-v1,"CP-ppo-ac-NN(6,6)-(lr=1.0e-5)-(86-params)",classic_NN_6-6,40
23.0,23,29804,CartPole-v1,"CP-ppo-ac-NN(6,6)-(lr=1.0e-5)-(86-params)",classic_NN_6-6,40
19.0,19,29820,CartPole-v1,"CP-ppo-ac-NN(6,6)-(lr=1.0e-5)-(86-params)",classic_NN_6-6,40
19.0,19,29856,CartPole-v1,"CP-ppo-ac-NN(6,6)-(lr=1.0e-5)-(86-params)",classic_NN_6-6,40
17.0,17,29860,CartPole-v1,"CP-ppo-ac-NN(6,6)-(lr=1.0e-5)-(86-params)",classic_NN_6-6,40
15.0,15,29864,CartPole-v1,"CP-ppo-ac-NN(6,6)-(lr=1.0e-5)-(86-params)",classic_NN_6-6,40
15.0,15,29920,CartPole-v1,"CP-ppo-ac-NN(6,6)-(lr=1.0e-5)-(86-params)",classic_NN_6-6,40
29.0,29,29936,CartPole-v1,"CP-ppo-ac-NN(6,6)-(lr=1.0e-5)-(86-params)",classic_NN_6-6,40
18.0,18,29936,CartPole-v1,"CP-ppo-ac-NN(6,6)-(lr=1.0e-5)-(86-params)",classic_NN_6-6,40
27.0,27,29964,CartPole-v1,"CP-ppo-ac-NN(6,6)-(lr=1.0e-5)-(86-params)",classic_NN_6-6,40
13.0,13,29972,CartPole-v1,"CP-ppo-ac-NN(6,6)-(lr=1.0e-5)-(86-params)",classic_NN_6-6,40
19.0,19,30012,CartPole-v1,"CP-ppo-ac-NN(6,6)-(lr=1.0e-5)-(86-params)",classic_NN_6-6,40
26.0,26,30068,CartPole-v1,"CP-ppo-ac-NN(6,6)-(lr=1.0e-5)-(86-params)",classic_NN_6-6,40
28.0,28,30084,CartPole-v1,"CP-ppo-ac-NN(6,6)-(lr=1.0e-5)-(86-params)",classic_NN_6-6,40
19.0,19,30088,CartPole-v1,"CP-ppo-ac-NN(6,6)-(lr=1.0e-5)-(86-params)",classic_NN_6-6,40
10.0,10,30124,CartPole-v1,"CP-ppo-ac-NN(6,6)-(lr=1.0e-5)-(86-params)",classic_NN_6-6,40
17.0,17,30156,CartPole-v1,"CP-ppo-ac-NN(6,6)-(lr=1.0e-5)-(86-params)",classic_NN_6-6,40
23.0,23,30160,CartPole-v1,"CP-ppo-ac-NN(6,6)-(lr=1.0e-5)-(86-params)",classic_NN_6-6,40
59.0,59,30172,CartPole-v1,"CP-ppo-ac-NN(6,6)-(lr=1.0e-5)-(86-params)",classic_NN_6-6,40
14.0,14,30228,CartPole-v1,"CP-ppo-ac-NN(6,6)-(lr=1.0e-5)-(86-params)",classic_NN_6-6,40
29.0,29,30240,CartPole-v1,"CP-ppo-ac-NN(6,6)-(lr=1.0e-5)-(86-params)",classic_NN_6-6,40
17.0,17,30296,CartPole-v1,"CP-ppo-ac-NN(6,6)-(lr=1.0e-5)-(86-params)",classic_NN_6-6,40
39.0,39,30312,CartPole-v1,"CP-ppo-ac-NN(6,6)-(lr=1.0e-5)-(86-params)",classic_NN_6-6,40
24.0,24,30336,CartPole-v1,"CP-ppo-ac-NN(6,6)-(lr=1.0e-5)-(86-params)",classic_NN_6-6,40
60.0,60,30400,CartPole-v1,"CP-ppo-ac-NN(6,6)-(lr=1.0e-5)-(86-params)",classic_NN_6-6,40
20.0,20,30416,CartPole-v1,"CP-ppo-ac-NN(6,6)-(lr=1.0e-5)-(86-params)",classic_NN_6-6,40
34.0,34,30432,CartPole-v1,"CP-ppo-ac-NN(6,6)-(lr=1.0e-5)-(86-params)",classic_NN_6-6,40
13.0,13,30468,CartPole-v1,"CP-ppo-ac-NN(6,6)-(lr=1.0e-5)-(86-params)",classic_NN_6-6,40
28.0,28,30512,CartPole-v1,"CP-ppo-ac-NN(6,6)-(lr=1.0e-5)-(86-params)",classic_NN_6-6,40
23.0,23,30524,CartPole-v1,"CP-ppo-ac-NN(6,6)-(lr=1.0e-5)-(86-params)",classic_NN_6-6,40
18.0,18,30540,CartPole-v1,"CP-ppo-ac-NN(6,6)-(lr=1.0e-5)-(86-params)",classic_NN_6-6,40
13.0,13,30576,CartPole-v1,"CP-ppo-ac-NN(6,6)-(lr=1.0e-5)-(86-params)",classic_NN_6-6,40
20.0,20,30592,CartPole-v1,"CP-ppo-ac-NN(6,6)-(lr=1.0e-5)-(86-params)",classic_NN_6-6,40
18.0,18,30648,CartPole-v1,"CP-ppo-ac-NN(6,6)-(lr=1.0e-5)-(86-params)",classic_NN_6-6,40
22.0,22,30680,CartPole-v1,"CP-ppo-ac-NN(6,6)-(lr=1.0e-5)-(86-params)",classic_NN_6-6,40
13.0,13,30700,CartPole-v1,"CP-ppo-ac-NN(6,6)-(lr=1.0e-5)-(86-params)",classic_NN_6-6,40
16.0,16,30744,CartPole-v1,"CP-ppo-ac-NN(6,6)-(lr=1.0e-5)-(86-params)",classic_NN_6-6,40
108.0,108,30744,CartPole-v1,"CP-ppo-ac-NN(6,6)-(lr=1.0e-5)-(86-params)",classic_NN_6-6,40
15.0,15,30760,CartPole-v1,"CP-ppo-ac-NN(6,6)-(lr=1.0e-5)-(86-params)",classic_NN_6-6,40
20.0,20,30824,CartPole-v1,"CP-ppo-ac-NN(6,6)-(lr=1.0e-5)-(86-params)",classic_NN_6-6,40
23.0,23,30852,CartPole-v1,"CP-ppo-ac-NN(6,6)-(lr=1.0e-5)-(86-params)",classic_NN_6-6,40
16.0,16,30888,CartPole-v1,"CP-ppo-ac-NN(6,6)-(lr=1.0e-5)-(86-params)",classic_NN_6-6,40
38.0,38,30896,CartPole-v1,"CP-ppo-ac-NN(6,6)-(lr=1.0e-5)-(86-params)",classic_NN_6-6,40
16.0,16,30916,CartPole-v1,"CP-ppo-ac-NN(6,6)-(lr=1.0e-5)-(86-params)",classic_NN_6-6,40
112.0,112,30988,CartPole-v1,"CP-ppo-ac-NN(6,6)-(lr=1.0e-5)-(86-params)",classic_NN_6-6,40
25.0,25,30996,CartPole-v1,"CP-ppo-ac-NN(6,6)-(lr=1.0e-5)-(86-params)",classic_NN_6-6,40
27.0,27,30996,CartPole-v1,"CP-ppo-ac-NN(6,6)-(lr=1.0e-5)-(86-params)",classic_NN_6-6,40
24.0,24,31012,CartPole-v1,"CP-ppo-ac-NN(6,6)-(lr=1.0e-5)-(86-params)",classic_NN_6-6,40
11.0,11,31032,CartPole-v1,"CP-ppo-ac-NN(6,6)-(lr=1.0e-5)-(86-params)",classic_NN_6-6,40
17.0,17,31080,CartPole-v1,"CP-ppo-ac-NN(6,6)-(lr=1.0e-5)-(86-params)",classic_NN_6-6,40
24.0,24,31092,CartPole-v1,"CP-ppo-ac-NN(6,6)-(lr=1.0e-5)-(86-params)",classic_NN_6-6,40
26.0,26,31100,CartPole-v1,"CP-ppo-ac-NN(6,6)-(lr=1.0e-5)-(86-params)",classic_NN_6-6,40
20.0,20,31112,CartPole-v1,"CP-ppo-ac-NN(6,6)-(lr=1.0e-5)-(86-params)",classic_NN_6-6,40
11.0,11,31124,CartPole-v1,"CP-ppo-ac-NN(6,6)-(lr=1.0e-5)-(86-params)",classic_NN_6-6,40
9.0,9,31136,CartPole-v1,"CP-ppo-ac-NN(6,6)-(lr=1.0e-5)-(86-params)",classic_NN_6-6,40
18.0,18,31164,CartPole-v1,"CP-ppo-ac-NN(6,6)-(lr=1.0e-5)-(86-params)",classic_NN_6-6,40
17.0,17,31192,CartPole-v1,"CP-ppo-ac-NN(6,6)-(lr=1.0e-5)-(86-params)",classic_NN_6-6,40
24.0,24,31232,CartPole-v1,"CP-ppo-ac-NN(6,6)-(lr=1.0e-5)-(86-params)",classic_NN_6-6,40
21.0,21,31276,CartPole-v1,"CP-ppo-ac-NN(6,6)-(lr=1.0e-5)-(86-params)",classic_NN_6-6,40
31.0,31,31288,CartPole-v1,"CP-ppo-ac-NN(6,6)-(lr=1.0e-5)-(86-params)",classic_NN_6-6,40
16.0,16,31296,CartPole-v1,"CP-ppo-ac-NN(6,6)-(lr=1.0e-5)-(86-params)",classic_NN_6-6,40
9.0,9,31332,CartPole-v1,"CP-ppo-ac-NN(6,6)-(lr=1.0e-5)-(86-params)",classic_NN_6-6,40
59.0,59,31348,CartPole-v1,"CP-ppo-ac-NN(6,6)-(lr=1.0e-5)-(86-params)",classic_NN_6-6,40
17.0,17,31400,CartPole-v1,"CP-ppo-ac-NN(6,6)-(lr=1.0e-5)-(86-params)",classic_NN_6-6,40
16.0,16,31412,CartPole-v1,"CP-ppo-ac-NN(6,6)-(lr=1.0e-5)-(86-params)",classic_NN_6-6,40
42.0,42,31456,CartPole-v1,"CP-ppo-ac-NN(6,6)-(lr=1.0e-5)-(86-params)",classic_NN_6-6,40
13.0,13,31508,CartPole-v1,"CP-ppo-ac-NN(6,6)-(lr=1.0e-5)-(86-params)",classic_NN_6-6,40
25.0,25,31512,CartPole-v1,"CP-ppo-ac-NN(6,6)-(lr=1.0e-5)-(86-params)",classic_NN_6-6,40
62.0,62,31524,CartPole-v1,"CP-ppo-ac-NN(6,6)-(lr=1.0e-5)-(86-params)",classic_NN_6-6,40
8.0,8,31556,CartPole-v1,"CP-ppo-ac-NN(6,6)-(lr=1.0e-5)-(86-params)",classic_NN_6-6,40
14.0,14,31564,CartPole-v1,"CP-ppo-ac-NN(6,6)-(lr=1.0e-5)-(86-params)",classic_NN_6-6,40
17.0,17,31580,CartPole-v1,"CP-ppo-ac-NN(6,6)-(lr=1.0e-5)-(86-params)",classic_NN_6-6,40
17.0,17,31632,CartPole-v1,"CP-ppo-ac-NN(6,6)-(lr=1.0e-5)-(86-params)",classic_NN_6-6,40
26.0,26,31660,CartPole-v1,"CP-ppo-ac-NN(6,6)-(lr=1.0e-5)-(86-params)",classic_NN_6-6,40
13.0,13,31684,CartPole-v1,"CP-ppo-ac-NN(6,6)-(lr=1.0e-5)-(86-params)",classic_NN_6-6,40
29.0,29,31696,CartPole-v1,"CP-ppo-ac-NN(6,6)-(lr=1.0e-5)-(86-params)",classic_NN_6-6,40
18.0,18,31732,CartPole-v1,"CP-ppo-ac-NN(6,6)-(lr=1.0e-5)-(86-params)",classic_NN_6-6,40
19.0,19,31760,CartPole-v1,"CP-ppo-ac-NN(6,6)-(lr=1.0e-5)-(86-params)",classic_NN_6-6,40
95.0,95,31780,CartPole-v1,"CP-ppo-ac-NN(6,6)-(lr=1.0e-5)-(86-params)",classic_NN_6-6,40
21.0,21,31780,CartPole-v1,"CP-ppo-ac-NN(6,6)-(lr=1.0e-5)-(86-params)",classic_NN_6-6,40
14.0,14,31788,CartPole-v1,"CP-ppo-ac-NN(6,6)-(lr=1.0e-5)-(86-params)",classic_NN_6-6,40
12.0,12,31808,CartPole-v1,"CP-ppo-ac-NN(6,6)-(lr=1.0e-5)-(86-params)",classic_NN_6-6,40
12.0,12,31828,CartPole-v1,"CP-ppo-ac-NN(6,6)-(lr=1.0e-5)-(86-params)",classic_NN_6-6,40
18.0,18,31880,CartPole-v1,"CP-ppo-ac-NN(6,6)-(lr=1.0e-5)-(86-params)",classic_NN_6-6,40
13.0,13,31880,CartPole-v1,"CP-ppo-ac-NN(6,6)-(lr=1.0e-5)-(86-params)",classic_NN_6-6,40
18.0,18,31952,CartPole-v1,"CP-ppo-ac-NN(6,6)-(lr=1.0e-5)-(86-params)",classic_NN_6-6,40
50.0,50,31988,CartPole-v1,"CP-ppo-ac-NN(6,6)-(lr=1.0e-5)-(86-params)",classic_NN_6-6,40
60.0,60,32020,CartPole-v1,"CP-ppo-ac-NN(6,6)-(lr=1.0e-5)-(86-params)",classic_NN_6-6,40
19.0,19,32028,CartPole-v1,"CP-ppo-ac-NN(6,6)-(lr=1.0e-5)-(86-params)",classic_NN_6-6,40
45.0,45,32060,CartPole-v1,"CP-ppo-ac-NN(6,6)-(lr=1.0e-5)-(86-params)",classic_NN_6-6,40
19.0,19,32096,CartPole-v1,"CP-ppo-ac-NN(6,6)-(lr=1.0e-5)-(86-params)",classic_NN_6-6,40
23.0,23,32120,CartPole-v1,"CP-ppo-ac-NN(6,6)-(lr=1.0e-5)-(86-params)",classic_NN_6-6,40
20.0,20,32140,CartPole-v1,"CP-ppo-ac-NN(6,6)-(lr=1.0e-5)-(86-params)",classic_NN_6-6,40
13.0,13,32172,CartPole-v1,"CP-ppo-ac-NN(6,6)-(lr=1.0e-5)-(86-params)",classic_NN_6-6,40
27.0,27,32204,CartPole-v1,"CP-ppo-ac-NN(6,6)-(lr=1.0e-5)-(86-params)",classic_NN_6-6,40
20.0,20,32284,CartPole-v1,"CP-ppo-ac-NN(6,6)-(lr=1.0e-5)-(86-params)",classic_NN_6-6,40
75.0,75,32288,CartPole-v1,"CP-ppo-ac-NN(6,6)-(lr=1.0e-5)-(86-params)",classic_NN_6-6,40
31.0,31,32296,CartPole-v1,"CP-ppo-ac-NN(6,6)-(lr=1.0e-5)-(86-params)",classic_NN_6-6,40
11.0,11,32332,CartPole-v1,"CP-ppo-ac-NN(6,6)-(lr=1.0e-5)-(86-params)",classic_NN_6-6,40
13.0,13,32348,CartPole-v1,"CP-ppo-ac-NN(6,6)-(lr=1.0e-5)-(86-params)",classic_NN_6-6,40
22.0,22,32372,CartPole-v1,"CP-ppo-ac-NN(6,6)-(lr=1.0e-5)-(86-params)",classic_NN_6-6,40
14.0,14,32404,CartPole-v1,"CP-ppo-ac-NN(6,6)-(lr=1.0e-5)-(86-params)",classic_NN_6-6,40
19.0,19,32408,CartPole-v1,"CP-ppo-ac-NN(6,6)-(lr=1.0e-5)-(86-params)",classic_NN_6-6,40
68.0,68,32412,CartPole-v1,"CP-ppo-ac-NN(6,6)-(lr=1.0e-5)-(86-params)",classic_NN_6-6,40
12.0,12,32460,CartPole-v1,"CP-ppo-ac-NN(6,6)-(lr=1.0e-5)-(86-params)",classic_NN_6-6,40
16.0,16,32468,CartPole-v1,"CP-ppo-ac-NN(6,6)-(lr=1.0e-5)-(86-params)",classic_NN_6-6,40
24.0,24,32504,CartPole-v1,"CP-ppo-ac-NN(6,6)-(lr=1.0e-5)-(86-params)",classic_NN_6-6,40
15.0,15,32528,CartPole-v1,"CP-ppo-ac-NN(6,6)-(lr=1.0e-5)-(86-params)",classic_NN_6-6,40
44.0,44,32548,CartPole-v1,"CP-ppo-ac-NN(6,6)-(lr=1.0e-5)-(86-params)",classic_NN_6-6,40
22.0,22,32548,CartPole-v1,"CP-ppo-ac-NN(6,6)-(lr=1.0e-5)-(86-params)",classic_NN_6-6,40
12.0,12,32596,CartPole-v1,"CP-ppo-ac-NN(6,6)-(lr=1.0e-5)-(86-params)",classic_NN_6-6,40
18.0,18,32600,CartPole-v1,"CP-ppo-ac-NN(6,6)-(lr=1.0e-5)-(86-params)",classic_NN_6-6,40
13.0,13,32600,CartPole-v1,"CP-ppo-ac-NN(6,6)-(lr=1.0e-5)-(86-params)",classic_NN_6-6,40
26.0,26,32608,CartPole-v1,"CP-ppo-ac-NN(6,6)-(lr=1.0e-5)-(86-params)",classic_NN_6-6,40
13.0,13,32660,CartPole-v1,"CP-ppo-ac-NN(6,6)-(lr=1.0e-5)-(86-params)",classic_NN_6-6,40
16.0,16,32664,CartPole-v1,"CP-ppo-ac-NN(6,6)-(lr=1.0e-5)-(86-params)",classic_NN_6-6,40
26.0,26,32704,CartPole-v1,"CP-ppo-ac-NN(6,6)-(lr=1.0e-5)-(86-params)",classic_NN_6-6,40
19.0,19,32780,CartPole-v1,"CP-ppo-ac-NN(6,6)-(lr=1.0e-5)-(86-params)",classic_NN_6-6,40
47.0,47,32784,CartPole-v1,"CP-ppo-ac-NN(6,6)-(lr=1.0e-5)-(86-params)",classic_NN_6-6,40
31.0,31,32784,CartPole-v1,"CP-ppo-ac-NN(6,6)-(lr=1.0e-5)-(86-params)",classic_NN_6-6,40
9.0,9,32816,CartPole-v1,"CP-ppo-ac-NN(6,6)-(lr=1.0e-5)-(86-params)",classic_NN_6-6,40
12.0,12,32832,CartPole-v1,"CP-ppo-ac-NN(6,6)-(lr=1.0e-5)-(86-params)",classic_NN_6-6,40
43.0,43,32836,CartPole-v1,"CP-ppo-ac-NN(6,6)-(lr=1.0e-5)-(86-params)",classic_NN_6-6,40
14.0,14,32872,CartPole-v1,"CP-ppo-ac-NN(6,6)-(lr=1.0e-5)-(86-params)",classic_NN_6-6,40
13.0,13,32884,CartPole-v1,"CP-ppo-ac-NN(6,6)-(lr=1.0e-5)-(86-params)",classic_NN_6-6,40
22.0,22,32924,CartPole-v1,"CP-ppo-ac-NN(6,6)-(lr=1.0e-5)-(86-params)",classic_NN_6-6,40
12.0,12,32932,CartPole-v1,"CP-ppo-ac-NN(6,6)-(lr=1.0e-5)-(86-params)",classic_NN_6-6,40
38.0,38,32936,CartPole-v1,"CP-ppo-ac-NN(6,6)-(lr=1.0e-5)-(86-params)",classic_NN_6-6,40
19.0,19,32948,CartPole-v1,"CP-ppo-ac-NN(6,6)-(lr=1.0e-5)-(86-params)",classic_NN_6-6,40
16.0,16,32996,CartPole-v1,"CP-ppo-ac-NN(6,6)-(lr=1.0e-5)-(86-params)",classic_NN_6-6,40
23.0,23,33016,CartPole-v1,"CP-ppo-ac-NN(6,6)-(lr=1.0e-5)-(86-params)",classic_NN_6-6,40
22.0,22,33024,CartPole-v1,"CP-ppo-ac-NN(6,6)-(lr=1.0e-5)-(86-params)",classic_NN_6-6,40
20.0,20,33028,CartPole-v1,"CP-ppo-ac-NN(6,6)-(lr=1.0e-5)-(86-params)",classic_NN_6-6,40
13.0,13,33048,CartPole-v1,"CP-ppo-ac-NN(6,6)-(lr=1.0e-5)-(86-params)",classic_NN_6-6,40
16.0,16,33092,CartPole-v1,"CP-ppo-ac-NN(6,6)-(lr=1.0e-5)-(86-params)",classic_NN_6-6,40
23.0,23,33108,CartPole-v1,"CP-ppo-ac-NN(6,6)-(lr=1.0e-5)-(86-params)",classic_NN_6-6,40
15.0,15,33108,CartPole-v1,"CP-ppo-ac-NN(6,6)-(lr=1.0e-5)-(86-params)",classic_NN_6-6,40
27.0,27,33132,CartPole-v1,"CP-ppo-ac-NN(6,6)-(lr=1.0e-5)-(86-params)",classic_NN_6-6,40
15.0,15,33152,CartPole-v1,"CP-ppo-ac-NN(6,6)-(lr=1.0e-5)-(86-params)",classic_NN_6-6,40
24.0,24,33204,CartPole-v1,"CP-ppo-ac-NN(6,6)-(lr=1.0e-5)-(86-params)",classic_NN_6-6,40
19.0,19,33208,CartPole-v1,"CP-ppo-ac-NN(6,6)-(lr=1.0e-5)-(86-params)",classic_NN_6-6,40
27.0,27,33216,CartPole-v1,"CP-ppo-ac-NN(6,6)-(lr=1.0e-5)-(86-params)",classic_NN_6-6,40
8.0,8,33240,CartPole-v1,"CP-ppo-ac-NN(6,6)-(lr=1.0e-5)-(86-params)",classic_NN_6-6,40
18.0,18,33276,CartPole-v1,"CP-ppo-ac-NN(6,6)-(lr=1.0e-5)-(86-params)",classic_NN_6-6,40
11.0,11,33284,CartPole-v1,"CP-ppo-ac-NN(6,6)-(lr=1.0e-5)-(86-params)",classic_NN_6-6,40
25.0,25,33316,CartPole-v1,"CP-ppo-ac-NN(6,6)-(lr=1.0e-5)-(86-params)",classic_NN_6-6,40
12.0,12,33324,CartPole-v1,"CP-ppo-ac-NN(6,6)-(lr=1.0e-5)-(86-params)",classic_NN_6-6,40
11.0,11,33360,CartPole-v1,"CP-ppo-ac-NN(6,6)-(lr=1.0e-5)-(86-params)",classic_NN_6-6,40
20.0,20,33404,CartPole-v1,"CP-ppo-ac-NN(6,6)-(lr=1.0e-5)-(86-params)",classic_NN_6-6,40
30.0,30,33404,CartPole-v1,"CP-ppo-ac-NN(6,6)-(lr=1.0e-5)-(86-params)",classic_NN_6-6,40
17.0,17,33428,CartPole-v1,"CP-ppo-ac-NN(6,6)-(lr=1.0e-5)-(86-params)",classic_NN_6-6,40
75.0,75,33452,CartPole-v1,"CP-ppo-ac-NN(6,6)-(lr=1.0e-5)-(86-params)",classic_NN_6-6,40
17.0,17,33472,CartPole-v1,"CP-ppo-ac-NN(6,6)-(lr=1.0e-5)-(86-params)",classic_NN_6-6,40
27.0,27,33512,CartPole-v1,"CP-ppo-ac-NN(6,6)-(lr=1.0e-5)-(86-params)",classic_NN_6-6,40
14.0,14,33528,CartPole-v1,"CP-ppo-ac-NN(6,6)-(lr=1.0e-5)-(86-params)",classic_NN_6-6,40
27.0,27,33536,CartPole-v1,"CP-ppo-ac-NN(6,6)-(lr=1.0e-5)-(86-params)",classic_NN_6-6,40
22.0,22,33540,CartPole-v1,"CP-ppo-ac-NN(6,6)-(lr=1.0e-5)-(86-params)",classic_NN_6-6,40
11.0,11,33572,CartPole-v1,"CP-ppo-ac-NN(6,6)-(lr=1.0e-5)-(86-params)",classic_NN_6-6,40
17.0,17,33580,CartPole-v1,"CP-ppo-ac-NN(6,6)-(lr=1.0e-5)-(86-params)",classic_NN_6-6,40
12.0,12,33584,CartPole-v1,"CP-ppo-ac-NN(6,6)-(lr=1.0e-5)-(86-params)",classic_NN_6-6,40
13.0,13,33592,CartPole-v1,"CP-ppo-ac-NN(6,6)-(lr=1.0e-5)-(86-params)",classic_NN_6-6,40
13.0,13,33624,CartPole-v1,"CP-ppo-ac-NN(6,6)-(lr=1.0e-5)-(86-params)",classic_NN_6-6,40
15.0,15,33640,CartPole-v1,"CP-ppo-ac-NN(6,6)-(lr=1.0e-5)-(86-params)",classic_NN_6-6,40
16.0,16,33656,CartPole-v1,"CP-ppo-ac-NN(6,6)-(lr=1.0e-5)-(86-params)",classic_NN_6-6,40
14.0,14,33696,CartPole-v1,"CP-ppo-ac-NN(6,6)-(lr=1.0e-5)-(86-params)",classic_NN_6-6,40
19.0,19,33700,CartPole-v1,"CP-ppo-ac-NN(6,6)-(lr=1.0e-5)-(86-params)",classic_NN_6-6,40
30.0,30,33704,CartPole-v1,"CP-ppo-ac-NN(6,6)-(lr=1.0e-5)-(86-params)",classic_NN_6-6,40
20.0,20,33736,CartPole-v1,"CP-ppo-ac-NN(6,6)-(lr=1.0e-5)-(86-params)",classic_NN_6-6,40
11.0,11,33740,CartPole-v1,"CP-ppo-ac-NN(6,6)-(lr=1.0e-5)-(86-params)",classic_NN_6-6,40
17.0,17,33772,CartPole-v1,"CP-ppo-ac-NN(6,6)-(lr=1.0e-5)-(86-params)",classic_NN_6-6,40
23.0,23,33792,CartPole-v1,"CP-ppo-ac-NN(6,6)-(lr=1.0e-5)-(86-params)",classic_NN_6-6,40
16.0,16,33804,CartPole-v1,"CP-ppo-ac-NN(6,6)-(lr=1.0e-5)-(86-params)",classic_NN_6-6,40
18.0,18,33808,CartPole-v1,"CP-ppo-ac-NN(6,6)-(lr=1.0e-5)-(86-params)",classic_NN_6-6,40
17.0,17,33840,CartPole-v1,"CP-ppo-ac-NN(6,6)-(lr=1.0e-5)-(86-params)",classic_NN_6-6,40
17.0,17,33876,CartPole-v1,"CP-ppo-ac-NN(6,6)-(lr=1.0e-5)-(86-params)",classic_NN_6-6,40
23.0,23,33896,CartPole-v1,"CP-ppo-ac-NN(6,6)-(lr=1.0e-5)-(86-params)",classic_NN_6-6,40
27.0,27,33900,CartPole-v1,"CP-ppo-ac-NN(6,6)-(lr=1.0e-5)-(86-params)",classic_NN_6-6,40
25.0,25,33940,CartPole-v1,"CP-ppo-ac-NN(6,6)-(lr=1.0e-5)-(86-params)",classic_NN_6-6,40
13.0,13,33948,CartPole-v1,"CP-ppo-ac-NN(6,6)-(lr=1.0e-5)-(86-params)",classic_NN_6-6,40
11.0,11,33992,CartPole-v1,"CP-ppo-ac-NN(6,6)-(lr=1.0e-5)-(86-params)",classic_NN_6-6,40
23.0,23,33992,CartPole-v1,"CP-ppo-ac-NN(6,6)-(lr=1.0e-5)-(86-params)",classic_NN_6-6,40
16.0,16,34004,CartPole-v1,"CP-ppo-ac-NN(6,6)-(lr=1.0e-5)-(86-params)",classic_NN_6-6,40
34.0,34,34012,CartPole-v1,"CP-ppo-ac-NN(6,6)-(lr=1.0e-5)-(86-params)",classic_NN_6-6,40
16.0,16,34068,CartPole-v1,"CP-ppo-ac-NN(6,6)-(lr=1.0e-5)-(86-params)",classic_NN_6-6,40
17.0,17,34080,CartPole-v1,"CP-ppo-ac-NN(6,6)-(lr=1.0e-5)-(86-params)",classic_NN_6-6,40
31.0,31,34116,CartPole-v1,"CP-ppo-ac-NN(6,6)-(lr=1.0e-5)-(86-params)",classic_NN_6-6,40
21.0,21,34152,CartPole-v1,"CP-ppo-ac-NN(6,6)-(lr=1.0e-5)-(86-params)",classic_NN_6-6,40
19.0,19,34156,CartPole-v1,"CP-ppo-ac-NN(6,6)-(lr=1.0e-5)-(86-params)",classic_NN_6-6,40
15.0,15,34212,CartPole-v1,"CP-ppo-ac-NN(6,6)-(lr=1.0e-5)-(86-params)",classic_NN_6-6,40
60.0,60,34232,CartPole-v1,"CP-ppo-ac-NN(6,6)-(lr=1.0e-5)-(86-params)",classic_NN_6-6,40
33.0,33,34248,CartPole-v1,"CP-ppo-ac-NN(6,6)-(lr=1.0e-5)-(86-params)",classic_NN_6-6,40
29.0,29,34272,CartPole-v1,"CP-ppo-ac-NN(6,6)-(lr=1.0e-5)-(86-params)",classic_NN_6-6,40
14.0,14,34288,CartPole-v1,"CP-ppo-ac-NN(6,6)-(lr=1.0e-5)-(86-params)",classic_NN_6-6,40
23.0,23,34304,CartPole-v1,"CP-ppo-ac-NN(6,6)-(lr=1.0e-5)-(86-params)",classic_NN_6-6,40
17.0,17,34340,CartPole-v1,"CP-ppo-ac-NN(6,6)-(lr=1.0e-5)-(86-params)",classic_NN_6-6,40
15.0,15,34348,CartPole-v1,"CP-ppo-ac-NN(6,6)-(lr=1.0e-5)-(86-params)",classic_NN_6-6,40
11.0,11,34348,CartPole-v1,"CP-ppo-ac-NN(6,6)-(lr=1.0e-5)-(86-params)",classic_NN_6-6,40
31.0,31,34372,CartPole-v1,"CP-ppo-ac-NN(6,6)-(lr=1.0e-5)-(86-params)",classic_NN_6-6,40
22.0,22,34428,CartPole-v1,"CP-ppo-ac-NN(6,6)-(lr=1.0e-5)-(86-params)",classic_NN_6-6,40
20.0,20,34428,CartPole-v1,"CP-ppo-ac-NN(6,6)-(lr=1.0e-5)-(86-params)",classic_NN_6-6,40
24.0,24,34468,CartPole-v1,"CP-ppo-ac-NN(6,6)-(lr=1.0e-5)-(86-params)",classic_NN_6-6,40
39.0,39,34504,CartPole-v1,"CP-ppo-ac-NN(6,6)-(lr=1.0e-5)-(86-params)",classic_NN_6-6,40
11.0,11,34512,CartPole-v1,"CP-ppo-ac-NN(6,6)-(lr=1.0e-5)-(86-params)",classic_NN_6-6,40
22.0,22,34516,CartPole-v1,"CP-ppo-ac-NN(6,6)-(lr=1.0e-5)-(86-params)",classic_NN_6-6,40
19.0,19,34580,CartPole-v1,"CP-ppo-ac-NN(6,6)-(lr=1.0e-5)-(86-params)",classic_NN_6-6,40
41.0,41,34592,CartPole-v1,"CP-ppo-ac-NN(6,6)-(lr=1.0e-5)-(86-params)",classic_NN_6-6,40
19.0,19,34592,CartPole-v1,"CP-ppo-ac-NN(6,6)-(lr=1.0e-5)-(86-params)",classic_NN_6-6,40
26.0,26,34616,CartPole-v1,"CP-ppo-ac-NN(6,6)-(lr=1.0e-5)-(86-params)",classic_NN_6-6,40
16.0,16,34644,CartPole-v1,"CP-ppo-ac-NN(6,6)-(lr=1.0e-5)-(86-params)",classic_NN_6-6,40
13.0,13,34668,CartPole-v1,"CP-ppo-ac-NN(6,6)-(lr=1.0e-5)-(86-params)",classic_NN_6-6,40
20.0,20,34672,CartPole-v1,"CP-ppo-ac-NN(6,6)-(lr=1.0e-5)-(86-params)",classic_NN_6-6,40
23.0,23,34684,CartPole-v1,"CP-ppo-ac-NN(6,6)-(lr=1.0e-5)-(86-params)",classic_NN_6-6,40
12.0,12,34692,CartPole-v1,"CP-ppo-ac-NN(6,6)-(lr=1.0e-5)-(86-params)",classic_NN_6-6,40
13.0,13,34720,CartPole-v1,"CP-ppo-ac-NN(6,6)-(lr=1.0e-5)-(86-params)",classic_NN_6-6,40
22.0,22,34772,CartPole-v1,"CP-ppo-ac-NN(6,6)-(lr=1.0e-5)-(86-params)",classic_NN_6-6,40
22.0,22,34780,CartPole-v1,"CP-ppo-ac-NN(6,6)-(lr=1.0e-5)-(86-params)",classic_NN_6-6,40
31.0,31,34796,CartPole-v1,"CP-ppo-ac-NN(6,6)-(lr=1.0e-5)-(86-params)",classic_NN_6-6,40
19.0,19,34796,CartPole-v1,"CP-ppo-ac-NN(6,6)-(lr=1.0e-5)-(86-params)",classic_NN_6-6,40
14.0,14,34828,CartPole-v1,"CP-ppo-ac-NN(6,6)-(lr=1.0e-5)-(86-params)",classic_NN_6-6,40
12.0,12,34828,CartPole-v1,"CP-ppo-ac-NN(6,6)-(lr=1.0e-5)-(86-params)",classic_NN_6-6,40
14.0,14,34852,CartPole-v1,"CP-ppo-ac-NN(6,6)-(lr=1.0e-5)-(86-params)",classic_NN_6-6,40
14.0,14,34852,CartPole-v1,"CP-ppo-ac-NN(6,6)-(lr=1.0e-5)-(86-params)",classic_NN_6-6,40
14.0,14,34884,CartPole-v1,"CP-ppo-ac-NN(6,6)-(lr=1.0e-5)-(86-params)",classic_NN_6-6,40
20.0,20,34908,CartPole-v1,"CP-ppo-ac-NN(6,6)-(lr=1.0e-5)-(86-params)",classic_NN_6-6,40
22.0,22,34940,CartPole-v1,"CP-ppo-ac-NN(6,6)-(lr=1.0e-5)-(86-params)",classic_NN_6-6,40
15.0,15,34968,CartPole-v1,"CP-ppo-ac-NN(6,6)-(lr=1.0e-5)-(86-params)",classic_NN_6-6,40
30.0,30,34972,CartPole-v1,"CP-ppo-ac-NN(6,6)-(lr=1.0e-5)-(86-params)",classic_NN_6-6,40
26.0,26,34988,CartPole-v1,"CP-ppo-ac-NN(6,6)-(lr=1.0e-5)-(86-params)",classic_NN_6-6,40
16.0,16,35004,CartPole-v1,"CP-ppo-ac-NN(6,6)-(lr=1.0e-5)-(86-params)",classic_NN_6-6,40
12.0,12,35036,CartPole-v1,"CP-ppo-ac-NN(6,6)-(lr=1.0e-5)-(86-params)",classic_NN_6-6,40
17.0,17,35040,CartPole-v1,"CP-ppo-ac-NN(6,6)-(lr=1.0e-5)-(86-params)",classic_NN_6-6,40
15.0,15,35064,CartPole-v1,"CP-ppo-ac-NN(6,6)-(lr=1.0e-5)-(86-params)",classic_NN_6-6,40
25.0,25,35068,CartPole-v1,"CP-ppo-ac-NN(6,6)-(lr=1.0e-5)-(86-params)",classic_NN_6-6,40
9.0,9,35076,CartPole-v1,"CP-ppo-ac-NN(6,6)-(lr=1.0e-5)-(86-params)",classic_NN_6-6,40
15.0,15,35096,CartPole-v1,"CP-ppo-ac-NN(6,6)-(lr=1.0e-5)-(86-params)",classic_NN_6-6,40
16.0,16,35128,CartPole-v1,"CP-ppo-ac-NN(6,6)-(lr=1.0e-5)-(86-params)",classic_NN_6-6,40
15.0,15,35136,CartPole-v1,"CP-ppo-ac-NN(6,6)-(lr=1.0e-5)-(86-params)",classic_NN_6-6,40
19.0,19,35144,CartPole-v1,"CP-ppo-ac-NN(6,6)-(lr=1.0e-5)-(86-params)",classic_NN_6-6,40
13.0,13,35148,CartPole-v1,"CP-ppo-ac-NN(6,6)-(lr=1.0e-5)-(86-params)",classic_NN_6-6,40
18.0,18,35208,CartPole-v1,"CP-ppo-ac-NN(6,6)-(lr=1.0e-5)-(86-params)",classic_NN_6-6,40
17.0,17,35212,CartPole-v1,"CP-ppo-ac-NN(6,6)-(lr=1.0e-5)-(86-params)",classic_NN_6-6,40
14.0,14,35264,CartPole-v1,"CP-ppo-ac-NN(6,6)-(lr=1.0e-5)-(86-params)",classic_NN_6-6,40
39.0,39,35284,CartPole-v1,"CP-ppo-ac-NN(6,6)-(lr=1.0e-5)-(86-params)",classic_NN_6-6,40
23.0,23,35304,CartPole-v1,"CP-ppo-ac-NN(6,6)-(lr=1.0e-5)-(86-params)",classic_NN_6-6,40
41.0,41,35312,CartPole-v1,"CP-ppo-ac-NN(6,6)-(lr=1.0e-5)-(86-params)",classic_NN_6-6,40
21.0,21,35348,CartPole-v1,"CP-ppo-ac-NN(6,6)-(lr=1.0e-5)-(86-params)",classic_NN_6-6,40
13.0,13,35364,CartPole-v1,"CP-ppo-ac-NN(6,6)-(lr=1.0e-5)-(86-params)",classic_NN_6-6,40
21.0,21,35368,CartPole-v1,"CP-ppo-ac-NN(6,6)-(lr=1.0e-5)-(86-params)",classic_NN_6-6,40
9.0,9,35384,CartPole-v1,"CP-ppo-ac-NN(6,6)-(lr=1.0e-5)-(86-params)",classic_NN_6-6,40
20.0,20,35384,CartPole-v1,"CP-ppo-ac-NN(6,6)-(lr=1.0e-5)-(86-params)",classic_NN_6-6,40
14.0,14,35424,CartPole-v1,"CP-ppo-ac-NN(6,6)-(lr=1.0e-5)-(86-params)",classic_NN_6-6,40
13.0,13,35436,CartPole-v1,"CP-ppo-ac-NN(6,6)-(lr=1.0e-5)-(86-params)",classic_NN_6-6,40
29.0,29,35500,CartPole-v1,"CP-ppo-ac-NN(6,6)-(lr=1.0e-5)-(86-params)",classic_NN_6-6,40
37.0,37,35512,CartPole-v1,"CP-ppo-ac-NN(6,6)-(lr=1.0e-5)-(86-params)",classic_NN_6-6,40
26.0,26,35540,CartPole-v1,"CP-ppo-ac-NN(6,6)-(lr=1.0e-5)-(86-params)",classic_NN_6-6,40
12.0,12,35548,CartPole-v1,"CP-ppo-ac-NN(6,6)-(lr=1.0e-5)-(86-params)",classic_NN_6-6,40
17.0,17,35580,CartPole-v1,"CP-ppo-ac-NN(6,6)-(lr=1.0e-5)-(86-params)",classic_NN_6-6,40
13.0,13,35600,CartPole-v1,"CP-ppo-ac-NN(6,6)-(lr=1.0e-5)-(86-params)",classic_NN_6-6,40
45.0,45,35604,CartPole-v1,"CP-ppo-ac-NN(6,6)-(lr=1.0e-5)-(86-params)",classic_NN_6-6,40
23.0,23,35632,CartPole-v1,"CP-ppo-ac-NN(6,6)-(lr=1.0e-5)-(86-params)",classic_NN_6-6,40
23.0,23,35672,CartPole-v1,"CP-ppo-ac-NN(6,6)-(lr=1.0e-5)-(86-params)",classic_NN_6-6,40
15.0,15,35692,CartPole-v1,"CP-ppo-ac-NN(6,6)-(lr=1.0e-5)-(86-params)",classic_NN_6-6,40
14.0,14,35748,CartPole-v1,"CP-ppo-ac-NN(6,6)-(lr=1.0e-5)-(86-params)",classic_NN_6-6,40
39.0,39,35756,CartPole-v1,"CP-ppo-ac-NN(6,6)-(lr=1.0e-5)-(86-params)",classic_NN_6-6,40
22.0,22,35760,CartPole-v1,"CP-ppo-ac-NN(6,6)-(lr=1.0e-5)-(86-params)",classic_NN_6-6,40
39.0,39,35760,CartPole-v1,"CP-ppo-ac-NN(6,6)-(lr=1.0e-5)-(86-params)",classic_NN_6-6,40
12.0,12,35804,CartPole-v1,"CP-ppo-ac-NN(6,6)-(lr=1.0e-5)-(86-params)",classic_NN_6-6,40
11.0,11,35804,CartPole-v1,"CP-ppo-ac-NN(6,6)-(lr=1.0e-5)-(86-params)",classic_NN_6-6,40
16.0,16,35824,CartPole-v1,"CP-ppo-ac-NN(6,6)-(lr=1.0e-5)-(86-params)",classic_NN_6-6,40
27.0,27,35856,CartPole-v1,"CP-ppo-ac-NN(6,6)-(lr=1.0e-5)-(86-params)",classic_NN_6-6,40
12.0,12,35872,CartPole-v1,"CP-ppo-ac-NN(6,6)-(lr=1.0e-5)-(86-params)",classic_NN_6-6,40
17.0,17,35872,CartPole-v1,"CP-ppo-ac-NN(6,6)-(lr=1.0e-5)-(86-params)",classic_NN_6-6,40
30.0,30,35924,CartPole-v1,"CP-ppo-ac-NN(6,6)-(lr=1.0e-5)-(86-params)",classic_NN_6-6,40
10.0,10,35964,CartPole-v1,"CP-ppo-ac-NN(6,6)-(lr=1.0e-5)-(86-params)",classic_NN_6-6,40
34.0,34,36008,CartPole-v1,"CP-ppo-ac-NN(6,6)-(lr=1.0e-5)-(86-params)",classic_NN_6-6,40
45.0,45,36036,CartPole-v1,"CP-ppo-ac-NN(6,6)-(lr=1.0e-5)-(86-params)",classic_NN_6-6,40
24.0,24,36060,CartPole-v1,"CP-ppo-ac-NN(6,6)-(lr=1.0e-5)-(86-params)",classic_NN_6-6,40
50.0,50,36072,CartPole-v1,"CP-ppo-ac-NN(6,6)-(lr=1.0e-5)-(86-params)",classic_NN_6-6,40
11.0,11,36080,CartPole-v1,"CP-ppo-ac-NN(6,6)-(lr=1.0e-5)-(86-params)",classic_NN_6-6,40
14.0,14,36116,CartPole-v1,"CP-ppo-ac-NN(6,6)-(lr=1.0e-5)-(86-params)",classic_NN_6-6,40
10.0,10,36120,CartPole-v1,"CP-ppo-ac-NN(6,6)-(lr=1.0e-5)-(86-params)",classic_NN_6-6,40
15.0,15,36132,CartPole-v1,"CP-ppo-ac-NN(6,6)-(lr=1.0e-5)-(86-params)",classic_NN_6-6,40
13.0,13,36168,CartPole-v1,"CP-ppo-ac-NN(6,6)-(lr=1.0e-5)-(86-params)",classic_NN_6-6,40
14.0,14,36176,CartPole-v1,"CP-ppo-ac-NN(6,6)-(lr=1.0e-5)-(86-params)",classic_NN_6-6,40
44.0,44,36184,CartPole-v1,"CP-ppo-ac-NN(6,6)-(lr=1.0e-5)-(86-params)",classic_NN_6-6,40
27.0,27,36240,CartPole-v1,"CP-ppo-ac-NN(6,6)-(lr=1.0e-5)-(86-params)",classic_NN_6-6,40
17.0,17,36252,CartPole-v1,"CP-ppo-ac-NN(6,6)-(lr=1.0e-5)-(86-params)",classic_NN_6-6,40
24.0,24,36264,CartPole-v1,"CP-ppo-ac-NN(6,6)-(lr=1.0e-5)-(86-params)",classic_NN_6-6,40
38.0,38,36328,CartPole-v1,"CP-ppo-ac-NN(6,6)-(lr=1.0e-5)-(86-params)",classic_NN_6-6,40
21.0,21,36336,CartPole-v1,"CP-ppo-ac-NN(6,6)-(lr=1.0e-5)-(86-params)",classic_NN_6-6,40
25.0,25,36340,CartPole-v1,"CP-ppo-ac-NN(6,6)-(lr=1.0e-5)-(86-params)",classic_NN_6-6,40
28.0,28,36376,CartPole-v1,"CP-ppo-ac-NN(6,6)-(lr=1.0e-5)-(86-params)",classic_NN_6-6,40
19.0,19,36404,CartPole-v1,"CP-ppo-ac-NN(6,6)-(lr=1.0e-5)-(86-params)",classic_NN_6-6,40
19.0,19,36416,CartPole-v1,"CP-ppo-ac-NN(6,6)-(lr=1.0e-5)-(86-params)",classic_NN_6-6,40
17.0,17,36484,CartPole-v1,"CP-ppo-ac-NN(6,6)-(lr=1.0e-5)-(86-params)",classic_NN_6-6,40
24.0,24,36500,CartPole-v1,"CP-ppo-ac-NN(6,6)-(lr=1.0e-5)-(86-params)",classic_NN_6-6,40
31.0,31,36500,CartPole-v1,"CP-ppo-ac-NN(6,6)-(lr=1.0e-5)-(86-params)",classic_NN_6-6,40
48.0,48,36528,CartPole-v1,"CP-ppo-ac-NN(6,6)-(lr=1.0e-5)-(86-params)",classic_NN_6-6,40
21.0,21,36568,CartPole-v1,"CP-ppo-ac-NN(6,6)-(lr=1.0e-5)-(86-params)",classic_NN_6-6,40
23.0,23,36592,CartPole-v1,"CP-ppo-ac-NN(6,6)-(lr=1.0e-5)-(86-params)",classic_NN_6-6,40
16.0,16,36592,CartPole-v1,"CP-ppo-ac-NN(6,6)-(lr=1.0e-5)-(86-params)",classic_NN_6-6,40
24.0,24,36596,CartPole-v1,"CP-ppo-ac-NN(6,6)-(lr=1.0e-5)-(86-params)",classic_NN_6-6,40
12.0,12,36616,CartPole-v1,"CP-ppo-ac-NN(6,6)-(lr=1.0e-5)-(86-params)",classic_NN_6-6,40
12.0,12,36640,CartPole-v1,"CP-ppo-ac-NN(6,6)-(lr=1.0e-5)-(86-params)",classic_NN_6-6,40
16.0,16,36656,CartPole-v1,"CP-ppo-ac-NN(6,6)-(lr=1.0e-5)-(86-params)",classic_NN_6-6,40
24.0,24,36692,CartPole-v1,"CP-ppo-ac-NN(6,6)-(lr=1.0e-5)-(86-params)",classic_NN_6-6,40
20.0,20,36720,CartPole-v1,"CP-ppo-ac-NN(6,6)-(lr=1.0e-5)-(86-params)",classic_NN_6-6,40
33.0,33,36788,CartPole-v1,"CP-ppo-ac-NN(6,6)-(lr=1.0e-5)-(86-params)",classic_NN_6-6,40
46.0,46,36800,CartPole-v1,"CP-ppo-ac-NN(6,6)-(lr=1.0e-5)-(86-params)",classic_NN_6-6,40
22.0,22,36808,CartPole-v1,"CP-ppo-ac-NN(6,6)-(lr=1.0e-5)-(86-params)",classic_NN_6-6,40
43.0,43,36864,CartPole-v1,"CP-ppo-ac-NN(6,6)-(lr=1.0e-5)-(86-params)",classic_NN_6-6,40
22.0,22,36876,CartPole-v1,"CP-ppo-ac-NN(6,6)-(lr=1.0e-5)-(86-params)",classic_NN_6-6,40
20.0,20,36880,CartPole-v1,"CP-ppo-ac-NN(6,6)-(lr=1.0e-5)-(86-params)",classic_NN_6-6,40
10.0,10,36904,CartPole-v1,"CP-ppo-ac-NN(6,6)-(lr=1.0e-5)-(86-params)",classic_NN_6-6,40
16.0,16,36940,CartPole-v1,"CP-ppo-ac-NN(6,6)-(lr=1.0e-5)-(86-params)",classic_NN_6-6,40
33.0,33,36940,CartPole-v1,"CP-ppo-ac-NN(6,6)-(lr=1.0e-5)-(86-params)",classic_NN_6-6,40
21.0,21,36988,CartPole-v1,"CP-ppo-ac-NN(6,6)-(lr=1.0e-5)-(86-params)",classic_NN_6-6,40
13.0,13,36992,CartPole-v1,"CP-ppo-ac-NN(6,6)-(lr=1.0e-5)-(86-params)",classic_NN_6-6,40
31.0,31,37004,CartPole-v1,"CP-ppo-ac-NN(6,6)-(lr=1.0e-5)-(86-params)",classic_NN_6-6,40
17.0,17,37008,CartPole-v1,"CP-ppo-ac-NN(6,6)-(lr=1.0e-5)-(86-params)",classic_NN_6-6,40
11.0,11,37052,CartPole-v1,"CP-ppo-ac-NN(6,6)-(lr=1.0e-5)-(86-params)",classic_NN_6-6,40
19.0,19,37068,CartPole-v1,"CP-ppo-ac-NN(6,6)-(lr=1.0e-5)-(86-params)",classic_NN_6-6,40
11.0,11,37112,CartPole-v1,"CP-ppo-ac-NN(6,6)-(lr=1.0e-5)-(86-params)",classic_NN_6-6,40
34.0,34,37124,CartPole-v1,"CP-ppo-ac-NN(6,6)-(lr=1.0e-5)-(86-params)",classic_NN_6-6,40
20.0,20,37132,CartPole-v1,"CP-ppo-ac-NN(6,6)-(lr=1.0e-5)-(86-params)",classic_NN_6-6,40
36.0,36,37148,CartPole-v1,"CP-ppo-ac-NN(6,6)-(lr=1.0e-5)-(86-params)",classic_NN_6-6,40
21.0,21,37208,CartPole-v1,"CP-ppo-ac-NN(6,6)-(lr=1.0e-5)-(86-params)",classic_NN_6-6,40
27.0,27,37240,CartPole-v1,"CP-ppo-ac-NN(6,6)-(lr=1.0e-5)-(86-params)",classic_NN_6-6,40
36.0,36,37256,CartPole-v1,"CP-ppo-ac-NN(6,6)-(lr=1.0e-5)-(86-params)",classic_NN_6-6,40
28.0,28,37260,CartPole-v1,"CP-ppo-ac-NN(6,6)-(lr=1.0e-5)-(86-params)",classic_NN_6-6,40
25.0,25,37340,CartPole-v1,"CP-ppo-ac-NN(6,6)-(lr=1.0e-5)-(86-params)",classic_NN_6-6,40
35.0,35,37348,CartPole-v1,"CP-ppo-ac-NN(6,6)-(lr=1.0e-5)-(86-params)",classic_NN_6-6,40
29.0,29,37376,CartPole-v1,"CP-ppo-ac-NN(6,6)-(lr=1.0e-5)-(86-params)",classic_NN_6-6,40
40.0,40,37416,CartPole-v1,"CP-ppo-ac-NN(6,6)-(lr=1.0e-5)-(86-params)",classic_NN_6-6,40
20.0,20,37428,CartPole-v1,"CP-ppo-ac-NN(6,6)-(lr=1.0e-5)-(86-params)",classic_NN_6-6,40
16.0,16,37440,CartPole-v1,"CP-ppo-ac-NN(6,6)-(lr=1.0e-5)-(86-params)",classic_NN_6-6,40
29.0,29,37456,CartPole-v1,"CP-ppo-ac-NN(6,6)-(lr=1.0e-5)-(86-params)",classic_NN_6-6,40
16.0,16,37480,CartPole-v1,"CP-ppo-ac-NN(6,6)-(lr=1.0e-5)-(86-params)",classic_NN_6-6,40
12.0,12,37504,CartPole-v1,"CP-ppo-ac-NN(6,6)-(lr=1.0e-5)-(86-params)",classic_NN_6-6,40
10.0,10,37520,CartPole-v1,"CP-ppo-ac-NN(6,6)-(lr=1.0e-5)-(86-params)",classic_NN_6-6,40
23.0,23,37532,CartPole-v1,"CP-ppo-ac-NN(6,6)-(lr=1.0e-5)-(86-params)",classic_NN_6-6,40
27.0,27,37536,CartPole-v1,"CP-ppo-ac-NN(6,6)-(lr=1.0e-5)-(86-params)",classic_NN_6-6,40
14.0,14,37576,CartPole-v1,"CP-ppo-ac-NN(6,6)-(lr=1.0e-5)-(86-params)",classic_NN_6-6,40
14.0,14,37588,CartPole-v1,"CP-ppo-ac-NN(6,6)-(lr=1.0e-5)-(86-params)",classic_NN_6-6,40
25.0,25,37604,CartPole-v1,"CP-ppo-ac-NN(6,6)-(lr=1.0e-5)-(86-params)",classic_NN_6-6,40
12.0,12,37636,CartPole-v1,"CP-ppo-ac-NN(6,6)-(lr=1.0e-5)-(86-params)",classic_NN_6-6,40
24.0,24,37672,CartPole-v1,"CP-ppo-ac-NN(6,6)-(lr=1.0e-5)-(86-params)",classic_NN_6-6,40
21.0,21,37688,CartPole-v1,"CP-ppo-ac-NN(6,6)-(lr=1.0e-5)-(86-params)",classic_NN_6-6,40
17.0,17,37704,CartPole-v1,"CP-ppo-ac-NN(6,6)-(lr=1.0e-5)-(86-params)",classic_NN_6-6,40
51.0,51,37740,CartPole-v1,"CP-ppo-ac-NN(6,6)-(lr=1.0e-5)-(86-params)",classic_NN_6-6,40
15.0,15,37764,CartPole-v1,"CP-ppo-ac-NN(6,6)-(lr=1.0e-5)-(86-params)",classic_NN_6-6,40
20.0,20,37768,CartPole-v1,"CP-ppo-ac-NN(6,6)-(lr=1.0e-5)-(86-params)",classic_NN_6-6,40
26.0,26,37776,CartPole-v1,"CP-ppo-ac-NN(6,6)-(lr=1.0e-5)-(86-params)",classic_NN_6-6,40
13.0,13,37792,CartPole-v1,"CP-ppo-ac-NN(6,6)-(lr=1.0e-5)-(86-params)",classic_NN_6-6,40
11.0,11,37820,CartPole-v1,"CP-ppo-ac-NN(6,6)-(lr=1.0e-5)-(86-params)",classic_NN_6-6,40
16.0,16,37856,CartPole-v1,"CP-ppo-ac-NN(6,6)-(lr=1.0e-5)-(86-params)",classic_NN_6-6,40
33.0,33,37896,CartPole-v1,"CP-ppo-ac-NN(6,6)-(lr=1.0e-5)-(86-params)",classic_NN_6-6,40
12.0,12,37904,CartPole-v1,"CP-ppo-ac-NN(6,6)-(lr=1.0e-5)-(86-params)",classic_NN_6-6,40
38.0,38,37920,CartPole-v1,"CP-ppo-ac-NN(6,6)-(lr=1.0e-5)-(86-params)",classic_NN_6-6,40
28.0,28,37932,CartPole-v1,"CP-ppo-ac-NN(6,6)-(lr=1.0e-5)-(86-params)",classic_NN_6-6,40
15.0,15,37956,CartPole-v1,"CP-ppo-ac-NN(6,6)-(lr=1.0e-5)-(86-params)",classic_NN_6-6,40
25.0,25,38004,CartPole-v1,"CP-ppo-ac-NN(6,6)-(lr=1.0e-5)-(86-params)",classic_NN_6-6,40
22.0,22,38020,CartPole-v1,"CP-ppo-ac-NN(6,6)-(lr=1.0e-5)-(86-params)",classic_NN_6-6,40
17.0,17,38024,CartPole-v1,"CP-ppo-ac-NN(6,6)-(lr=1.0e-5)-(86-params)",classic_NN_6-6,40
25.0,25,38104,CartPole-v1,"CP-ppo-ac-NN(6,6)-(lr=1.0e-5)-(86-params)",classic_NN_6-6,40
51.0,51,38124,CartPole-v1,"CP-ppo-ac-NN(6,6)-(lr=1.0e-5)-(86-params)",classic_NN_6-6,40
35.0,35,38160,CartPole-v1,"CP-ppo-ac-NN(6,6)-(lr=1.0e-5)-(86-params)",classic_NN_6-6,40
12.0,12,38172,CartPole-v1,"CP-ppo-ac-NN(6,6)-(lr=1.0e-5)-(86-params)",classic_NN_6-6,40
18.0,18,38176,CartPole-v1,"CP-ppo-ac-NN(6,6)-(lr=1.0e-5)-(86-params)",classic_NN_6-6,40
45.0,45,38204,CartPole-v1,"CP-ppo-ac-NN(6,6)-(lr=1.0e-5)-(86-params)",classic_NN_6-6,40
12.0,12,38220,CartPole-v1,"CP-ppo-ac-NN(6,6)-(lr=1.0e-5)-(86-params)",classic_NN_6-6,40
24.0,24,38256,CartPole-v1,"CP-ppo-ac-NN(6,6)-(lr=1.0e-5)-(86-params)",classic_NN_6-6,40
16.0,16,38268,CartPole-v1,"CP-ppo-ac-NN(6,6)-(lr=1.0e-5)-(86-params)",classic_NN_6-6,40
22.0,22,38308,CartPole-v1,"CP-ppo-ac-NN(6,6)-(lr=1.0e-5)-(86-params)",classic_NN_6-6,40
14.0,14,38324,CartPole-v1,"CP-ppo-ac-NN(6,6)-(lr=1.0e-5)-(86-params)",classic_NN_6-6,40
22.0,22,38344,CartPole-v1,"CP-ppo-ac-NN(6,6)-(lr=1.0e-5)-(86-params)",classic_NN_6-6,40
10.0,10,38364,CartPole-v1,"CP-ppo-ac-NN(6,6)-(lr=1.0e-5)-(86-params)",classic_NN_6-6,40
49.0,49,38372,CartPole-v1,"CP-ppo-ac-NN(6,6)-(lr=1.0e-5)-(86-params)",classic_NN_6-6,40
17.0,17,38376,CartPole-v1,"CP-ppo-ac-NN(6,6)-(lr=1.0e-5)-(86-params)",classic_NN_6-6,40
11.0,11,38420,CartPole-v1,"CP-ppo-ac-NN(6,6)-(lr=1.0e-5)-(86-params)",classic_NN_6-6,40
18.0,18,38436,CartPole-v1,"CP-ppo-ac-NN(6,6)-(lr=1.0e-5)-(86-params)",classic_NN_6-6,40
26.0,26,38448,CartPole-v1,"CP-ppo-ac-NN(6,6)-(lr=1.0e-5)-(86-params)",classic_NN_6-6,40
14.0,14,38476,CartPole-v1,"CP-ppo-ac-NN(6,6)-(lr=1.0e-5)-(86-params)",classic_NN_6-6,40
29.0,29,38488,CartPole-v1,"CP-ppo-ac-NN(6,6)-(lr=1.0e-5)-(86-params)",classic_NN_6-6,40
16.0,16,38500,CartPole-v1,"CP-ppo-ac-NN(6,6)-(lr=1.0e-5)-(86-params)",classic_NN_6-6,40
18.0,18,38548,CartPole-v1,"CP-ppo-ac-NN(6,6)-(lr=1.0e-5)-(86-params)",classic_NN_6-6,40
25.0,25,38548,CartPole-v1,"CP-ppo-ac-NN(6,6)-(lr=1.0e-5)-(86-params)",classic_NN_6-6,40
15.0,15,38560,CartPole-v1,"CP-ppo-ac-NN(6,6)-(lr=1.0e-5)-(86-params)",classic_NN_6-6,40
13.0,13,38600,CartPole-v1,"CP-ppo-ac-NN(6,6)-(lr=1.0e-5)-(86-params)",classic_NN_6-6,40
23.0,23,38652,CartPole-v1,"CP-ppo-ac-NN(6,6)-(lr=1.0e-5)-(86-params)",classic_NN_6-6,40
44.0,44,38664,CartPole-v1,"CP-ppo-ac-NN(6,6)-(lr=1.0e-5)-(86-params)",classic_NN_6-6,40
17.0,17,38668,CartPole-v1,"CP-ppo-ac-NN(6,6)-(lr=1.0e-5)-(86-params)",classic_NN_6-6,40
32.0,32,38676,CartPole-v1,"CP-ppo-ac-NN(6,6)-(lr=1.0e-5)-(86-params)",classic_NN_6-6,40
9.0,9,38688,CartPole-v1,"CP-ppo-ac-NN(6,6)-(lr=1.0e-5)-(86-params)",classic_NN_6-6,40
10.0,10,38708,CartPole-v1,"CP-ppo-ac-NN(6,6)-(lr=1.0e-5)-(86-params)",classic_NN_6-6,40
12.0,12,38724,CartPole-v1,"CP-ppo-ac-NN(6,6)-(lr=1.0e-5)-(86-params)",classic_NN_6-6,40
17.0,17,38732,CartPole-v1,"CP-ppo-ac-NN(6,6)-(lr=1.0e-5)-(86-params)",classic_NN_6-6,40
17.0,17,38756,CartPole-v1,"CP-ppo-ac-NN(6,6)-(lr=1.0e-5)-(86-params)",classic_NN_6-6,40
22.0,22,38820,CartPole-v1,"CP-ppo-ac-NN(6,6)-(lr=1.0e-5)-(86-params)",classic_NN_6-6,40
24.0,24,38820,CartPole-v1,"CP-ppo-ac-NN(6,6)-(lr=1.0e-5)-(86-params)",classic_NN_6-6,40
23.0,23,38848,CartPole-v1,"CP-ppo-ac-NN(6,6)-(lr=1.0e-5)-(86-params)",classic_NN_6-6,40
16.0,16,38884,CartPole-v1,"CP-ppo-ac-NN(6,6)-(lr=1.0e-5)-(86-params)",classic_NN_6-6,40
11.0,11,38892,CartPole-v1,"CP-ppo-ac-NN(6,6)-(lr=1.0e-5)-(86-params)",classic_NN_6-6,40
25.0,25,38920,CartPole-v1,"CP-ppo-ac-NN(6,6)-(lr=1.0e-5)-(86-params)",classic_NN_6-6,40
55.0,55,38928,CartPole-v1,"CP-ppo-ac-NN(6,6)-(lr=1.0e-5)-(86-params)",classic_NN_6-6,40
16.0,16,38948,CartPole-v1,"CP-ppo-ac-NN(6,6)-(lr=1.0e-5)-(86-params)",classic_NN_6-6,40
23.0,23,38984,CartPole-v1,"CP-ppo-ac-NN(6,6)-(lr=1.0e-5)-(86-params)",classic_NN_6-6,40
16.0,16,38992,CartPole-v1,"CP-ppo-ac-NN(6,6)-(lr=1.0e-5)-(86-params)",classic_NN_6-6,40
19.0,19,38996,CartPole-v1,"CP-ppo-ac-NN(6,6)-(lr=1.0e-5)-(86-params)",classic_NN_6-6,40
12.0,12,39044,CartPole-v1,"CP-ppo-ac-NN(6,6)-(lr=1.0e-5)-(86-params)",classic_NN_6-6,40
15.0,15,39052,CartPole-v1,"CP-ppo-ac-NN(6,6)-(lr=1.0e-5)-(86-params)",classic_NN_6-6,40
21.0,21,39068,CartPole-v1,"CP-ppo-ac-NN(6,6)-(lr=1.0e-5)-(86-params)",classic_NN_6-6,40
33.0,33,39080,CartPole-v1,"CP-ppo-ac-NN(6,6)-(lr=1.0e-5)-(86-params)",classic_NN_6-6,40
13.0,13,39096,CartPole-v1,"CP-ppo-ac-NN(6,6)-(lr=1.0e-5)-(86-params)",classic_NN_6-6,40
17.0,17,39120,CartPole-v1,"CP-ppo-ac-NN(6,6)-(lr=1.0e-5)-(86-params)",classic_NN_6-6,40
13.0,13,39148,CartPole-v1,"CP-ppo-ac-NN(6,6)-(lr=1.0e-5)-(86-params)",classic_NN_6-6,40
17.0,17,39148,CartPole-v1,"CP-ppo-ac-NN(6,6)-(lr=1.0e-5)-(86-params)",classic_NN_6-6,40
15.0,15,39180,CartPole-v1,"CP-ppo-ac-NN(6,6)-(lr=1.0e-5)-(86-params)",classic_NN_6-6,40
16.0,16,39212,CartPole-v1,"CP-ppo-ac-NN(6,6)-(lr=1.0e-5)-(86-params)",classic_NN_6-6,40
17.0,17,39216,CartPole-v1,"CP-ppo-ac-NN(6,6)-(lr=1.0e-5)-(86-params)",classic_NN_6-6,40
38.0,38,39220,CartPole-v1,"CP-ppo-ac-NN(6,6)-(lr=1.0e-5)-(86-params)",classic_NN_6-6,40
18.0,18,39252,CartPole-v1,"CP-ppo-ac-NN(6,6)-(lr=1.0e-5)-(86-params)",classic_NN_6-6,40
16.0,16,39280,CartPole-v1,"CP-ppo-ac-NN(6,6)-(lr=1.0e-5)-(86-params)",classic_NN_6-6,40
18.0,18,39284,CartPole-v1,"CP-ppo-ac-NN(6,6)-(lr=1.0e-5)-(86-params)",classic_NN_6-6,40
19.0,19,39296,CartPole-v1,"CP-ppo-ac-NN(6,6)-(lr=1.0e-5)-(86-params)",classic_NN_6-6,40
14.0,14,39340,CartPole-v1,"CP-ppo-ac-NN(6,6)-(lr=1.0e-5)-(86-params)",classic_NN_6-6,40
18.0,18,39352,CartPole-v1,"CP-ppo-ac-NN(6,6)-(lr=1.0e-5)-(86-params)",classic_NN_6-6,40
28.0,28,39408,CartPole-v1,"CP-ppo-ac-NN(6,6)-(lr=1.0e-5)-(86-params)",classic_NN_6-6,40
55.0,55,39472,CartPole-v1,"CP-ppo-ac-NN(6,6)-(lr=1.0e-5)-(86-params)",classic_NN_6-6,40
39.0,39,39496,CartPole-v1,"CP-ppo-ac-NN(6,6)-(lr=1.0e-5)-(86-params)",classic_NN_6-6,40
37.0,37,39500,CartPole-v1,"CP-ppo-ac-NN(6,6)-(lr=1.0e-5)-(86-params)",classic_NN_6-6,40
30.0,30,39528,CartPole-v1,"CP-ppo-ac-NN(6,6)-(lr=1.0e-5)-(86-params)",classic_NN_6-6,40
20.0,20,39552,CartPole-v1,"CP-ppo-ac-NN(6,6)-(lr=1.0e-5)-(86-params)",classic_NN_6-6,40
14.0,14,39556,CartPole-v1,"CP-ppo-ac-NN(6,6)-(lr=1.0e-5)-(86-params)",classic_NN_6-6,40
16.0,16,39592,CartPole-v1,"CP-ppo-ac-NN(6,6)-(lr=1.0e-5)-(86-params)",classic_NN_6-6,40
26.0,26,39600,CartPole-v1,"CP-ppo-ac-NN(6,6)-(lr=1.0e-5)-(86-params)",classic_NN_6-6,40
18.0,18,39628,CartPole-v1,"CP-ppo-ac-NN(6,6)-(lr=1.0e-5)-(86-params)",classic_NN_6-6,40
18.0,18,39672,CartPole-v1,"CP-ppo-ac-NN(6,6)-(lr=1.0e-5)-(86-params)",classic_NN_6-6,40
31.0,31,39676,CartPole-v1,"CP-ppo-ac-NN(6,6)-(lr=1.0e-5)-(86-params)",classic_NN_6-6,40
14.0,14,39684,CartPole-v1,"CP-ppo-ac-NN(6,6)-(lr=1.0e-5)-(86-params)",classic_NN_6-6,40
15.0,15,39744,CartPole-v1,"CP-ppo-ac-NN(6,6)-(lr=1.0e-5)-(86-params)",classic_NN_6-6,40
23.0,23,39768,CartPole-v1,"CP-ppo-ac-NN(6,6)-(lr=1.0e-5)-(86-params)",classic_NN_6-6,40
53.0,53,39804,CartPole-v1,"CP-ppo-ac-NN(6,6)-(lr=1.0e-5)-(86-params)",classic_NN_6-6,40
34.0,34,39808,CartPole-v1,"CP-ppo-ac-NN(6,6)-(lr=1.0e-5)-(86-params)",classic_NN_6-6,40
22.0,22,39832,CartPole-v1,"CP-ppo-ac-NN(6,6)-(lr=1.0e-5)-(86-params)",classic_NN_6-6,40
15.0,15,39868,CartPole-v1,"CP-ppo-ac-NN(6,6)-(lr=1.0e-5)-(86-params)",classic_NN_6-6,40
29.0,29,39884,CartPole-v1,"CP-ppo-ac-NN(6,6)-(lr=1.0e-5)-(86-params)",classic_NN_6-6,40
16.0,16,39932,CartPole-v1,"CP-ppo-ac-NN(6,6)-(lr=1.0e-5)-(86-params)",classic_NN_6-6,40
28.0,28,39944,CartPole-v1,"CP-ppo-ac-NN(6,6)-(lr=1.0e-5)-(86-params)",classic_NN_6-6,40
24.0,24,39980,CartPole-v1,"CP-ppo-ac-NN(6,6)-(lr=1.0e-5)-(86-params)",classic_NN_6-6,40
50.0,50,40004,CartPole-v1,"CP-ppo-ac-NN(6,6)-(lr=1.0e-5)-(86-params)",classic_NN_6-6,40
20.0,20,40024,CartPole-v1,"CP-ppo-ac-NN(6,6)-(lr=1.0e-5)-(86-params)",classic_NN_6-6,40
17.0,17,40048,CartPole-v1,"CP-ppo-ac-NN(6,6)-(lr=1.0e-5)-(86-params)",classic_NN_6-6,40
12.0,12,40052,CartPole-v1,"CP-ppo-ac-NN(6,6)-(lr=1.0e-5)-(86-params)",classic_NN_6-6,40
34.0,34,40068,CartPole-v1,"CP-ppo-ac-NN(6,6)-(lr=1.0e-5)-(86-params)",classic_NN_6-6,40
18.0,18,40120,CartPole-v1,"CP-ppo-ac-NN(6,6)-(lr=1.0e-5)-(86-params)",classic_NN_6-6,40
35.0,35,40164,CartPole-v1,"CP-ppo-ac-NN(6,6)-(lr=1.0e-5)-(86-params)",classic_NN_6-6,40
30.0,30,40188,CartPole-v1,"CP-ppo-ac-NN(6,6)-(lr=1.0e-5)-(86-params)",classic_NN_6-6,40
35.0,35,40192,CartPole-v1,"CP-ppo-ac-NN(6,6)-(lr=1.0e-5)-(86-params)",classic_NN_6-6,40
23.0,23,40212,CartPole-v1,"CP-ppo-ac-NN(6,6)-(lr=1.0e-5)-(86-params)",classic_NN_6-6,40
17.0,17,40232,CartPole-v1,"CP-ppo-ac-NN(6,6)-(lr=1.0e-5)-(86-params)",classic_NN_6-6,40
12.0,12,40240,CartPole-v1,"CP-ppo-ac-NN(6,6)-(lr=1.0e-5)-(86-params)",classic_NN_6-6,40
13.0,13,40240,CartPole-v1,"CP-ppo-ac-NN(6,6)-(lr=1.0e-5)-(86-params)",classic_NN_6-6,40
26.0,26,40316,CartPole-v1,"CP-ppo-ac-NN(6,6)-(lr=1.0e-5)-(86-params)",classic_NN_6-6,40
25.0,25,40332,CartPole-v1,"CP-ppo-ac-NN(6,6)-(lr=1.0e-5)-(86-params)",classic_NN_6-6,40
26.0,26,40344,CartPole-v1,"CP-ppo-ac-NN(6,6)-(lr=1.0e-5)-(86-params)",classic_NN_6-6,40
15.0,15,40404,CartPole-v1,"CP-ppo-ac-NN(6,6)-(lr=1.0e-5)-(86-params)",classic_NN_6-6,40
50.0,50,40440,CartPole-v1,"CP-ppo-ac-NN(6,6)-(lr=1.0e-5)-(86-params)",classic_NN_6-6,40
30.0,30,40452,CartPole-v1,"CP-ppo-ac-NN(6,6)-(lr=1.0e-5)-(86-params)",classic_NN_6-6,40
36.0,36,40460,CartPole-v1,"CP-ppo-ac-NN(6,6)-(lr=1.0e-5)-(86-params)",classic_NN_6-6,40
23.0,23,40496,CartPole-v1,"CP-ppo-ac-NN(6,6)-(lr=1.0e-5)-(86-params)",classic_NN_6-6,40
17.0,17,40508,CartPole-v1,"CP-ppo-ac-NN(6,6)-(lr=1.0e-5)-(86-params)",classic_NN_6-6,40
15.0,15,40520,CartPole-v1,"CP-ppo-ac-NN(6,6)-(lr=1.0e-5)-(86-params)",classic_NN_6-6,40
13.0,13,40548,CartPole-v1,"CP-ppo-ac-NN(6,6)-(lr=1.0e-5)-(86-params)",classic_NN_6-6,40
42.0,42,40620,CartPole-v1,"CP-ppo-ac-NN(6,6)-(lr=1.0e-5)-(86-params)",classic_NN_6-6,40
30.0,30,40628,CartPole-v1,"CP-ppo-ac-NN(6,6)-(lr=1.0e-5)-(86-params)",classic_NN_6-6,40
21.0,21,40632,CartPole-v1,"CP-ppo-ac-NN(6,6)-(lr=1.0e-5)-(86-params)",classic_NN_6-6,40
11.0,11,40664,CartPole-v1,"CP-ppo-ac-NN(6,6)-(lr=1.0e-5)-(86-params)",classic_NN_6-6,40
16.0,16,40692,CartPole-v1,"CP-ppo-ac-NN(6,6)-(lr=1.0e-5)-(86-params)",classic_NN_6-6,40
17.0,17,40700,CartPole-v1,"CP-ppo-ac-NN(6,6)-(lr=1.0e-5)-(86-params)",classic_NN_6-6,40
45.0,45,40700,CartPole-v1,"CP-ppo-ac-NN(6,6)-(lr=1.0e-5)-(86-params)",classic_NN_6-6,40
10.0,10,40704,CartPole-v1,"CP-ppo-ac-NN(6,6)-(lr=1.0e-5)-(86-params)",classic_NN_6-6,40
17.0,17,40760,CartPole-v1,"CP-ppo-ac-NN(6,6)-(lr=1.0e-5)-(86-params)",classic_NN_6-6,40
21.0,21,40784,CartPole-v1,"CP-ppo-ac-NN(6,6)-(lr=1.0e-5)-(86-params)",classic_NN_6-6,40
25.0,25,40804,CartPole-v1,"CP-ppo-ac-NN(6,6)-(lr=1.0e-5)-(86-params)",classic_NN_6-6,40
32.0,32,40828,CartPole-v1,"CP-ppo-ac-NN(6,6)-(lr=1.0e-5)-(86-params)",classic_NN_6-6,40
18.0,18,40856,CartPole-v1,"CP-ppo-ac-NN(6,6)-(lr=1.0e-5)-(86-params)",classic_NN_6-6,40
14.0,14,40860,CartPole-v1,"CP-ppo-ac-NN(6,6)-(lr=1.0e-5)-(86-params)",classic_NN_6-6,40
23.0,23,40920,CartPole-v1,"CP-ppo-ac-NN(6,6)-(lr=1.0e-5)-(86-params)",classic_NN_6-6,40
20.0,20,40940,CartPole-v1,"CP-ppo-ac-NN(6,6)-(lr=1.0e-5)-(86-params)",classic_NN_6-6,40
13.0,13,40972,CartPole-v1,"CP-ppo-ac-NN(6,6)-(lr=1.0e-5)-(86-params)",classic_NN_6-6,40
30.0,30,40976,CartPole-v1,"CP-ppo-ac-NN(6,6)-(lr=1.0e-5)-(86-params)",classic_NN_6-6,40
12.0,12,40988,CartPole-v1,"CP-ppo-ac-NN(6,6)-(lr=1.0e-5)-(86-params)",classic_NN_6-6,40
58.0,58,40992,CartPole-v1,"CP-ppo-ac-NN(6,6)-(lr=1.0e-5)-(86-params)",classic_NN_6-6,40
15.0,15,41048,CartPole-v1,"CP-ppo-ac-NN(6,6)-(lr=1.0e-5)-(86-params)",classic_NN_6-6,40
24.0,24,41072,CartPole-v1,"CP-ppo-ac-NN(6,6)-(lr=1.0e-5)-(86-params)",classic_NN_6-6,40
22.0,22,41080,CartPole-v1,"CP-ppo-ac-NN(6,6)-(lr=1.0e-5)-(86-params)",classic_NN_6-6,40
17.0,17,41116,CartPole-v1,"CP-ppo-ac-NN(6,6)-(lr=1.0e-5)-(86-params)",classic_NN_6-6,40
17.0,17,41140,CartPole-v1,"CP-ppo-ac-NN(6,6)-(lr=1.0e-5)-(86-params)",classic_NN_6-6,40
21.0,21,41164,CartPole-v1,"CP-ppo-ac-NN(6,6)-(lr=1.0e-5)-(86-params)",classic_NN_6-6,40
58.0,58,41204,CartPole-v1,"CP-ppo-ac-NN(6,6)-(lr=1.0e-5)-(86-params)",classic_NN_6-6,40
12.0,12,41212,CartPole-v1,"CP-ppo-ac-NN(6,6)-(lr=1.0e-5)-(86-params)",classic_NN_6-6,40
23.0,23,41232,CartPole-v1,"CP-ppo-ac-NN(6,6)-(lr=1.0e-5)-(86-params)",classic_NN_6-6,40
18.0,18,41276,CartPole-v1,"CP-ppo-ac-NN(6,6)-(lr=1.0e-5)-(86-params)",classic_NN_6-6,40
41.0,41,41280,CartPole-v1,"CP-ppo-ac-NN(6,6)-(lr=1.0e-5)-(86-params)",classic_NN_6-6,40
25.0,25,41332,CartPole-v1,"CP-ppo-ac-NN(6,6)-(lr=1.0e-5)-(86-params)",classic_NN_6-6,40
20.0,20,41360,CartPole-v1,"CP-ppo-ac-NN(6,6)-(lr=1.0e-5)-(86-params)",classic_NN_6-6,40
23.0,23,41368,CartPole-v1,"CP-ppo-ac-NN(6,6)-(lr=1.0e-5)-(86-params)",classic_NN_6-6,40
15.0,15,41420,CartPole-v1,"CP-ppo-ac-NN(6,6)-(lr=1.0e-5)-(86-params)",classic_NN_6-6,40
22.0,22,41420,CartPole-v1,"CP-ppo-ac-NN(6,6)-(lr=1.0e-5)-(86-params)",classic_NN_6-6,40
18.0,18,41440,CartPole-v1,"CP-ppo-ac-NN(6,6)-(lr=1.0e-5)-(86-params)",classic_NN_6-6,40
64.0,64,41468,CartPole-v1,"CP-ppo-ac-NN(6,6)-(lr=1.0e-5)-(86-params)",classic_NN_6-6,40
16.0,16,41484,CartPole-v1,"CP-ppo-ac-NN(6,6)-(lr=1.0e-5)-(86-params)",classic_NN_6-6,40
16.0,16,41484,CartPole-v1,"CP-ppo-ac-NN(6,6)-(lr=1.0e-5)-(86-params)",classic_NN_6-6,40
18.0,18,41540,CartPole-v1,"CP-ppo-ac-NN(6,6)-(lr=1.0e-5)-(86-params)",classic_NN_6-6,40
33.0,33,41572,CartPole-v1,"CP-ppo-ac-NN(6,6)-(lr=1.0e-5)-(86-params)",classic_NN_6-6,40
26.0,26,41588,CartPole-v1,"CP-ppo-ac-NN(6,6)-(lr=1.0e-5)-(86-params)",classic_NN_6-6,40
27.0,27,41592,CartPole-v1,"CP-ppo-ac-NN(6,6)-(lr=1.0e-5)-(86-params)",classic_NN_6-6,40
14.0,14,41596,CartPole-v1,"CP-ppo-ac-NN(6,6)-(lr=1.0e-5)-(86-params)",classic_NN_6-6,40
14.0,14,41652,CartPole-v1,"CP-ppo-ac-NN(6,6)-(lr=1.0e-5)-(86-params)",classic_NN_6-6,40
17.0,17,41660,CartPole-v1,"CP-ppo-ac-NN(6,6)-(lr=1.0e-5)-(86-params)",classic_NN_6-6,40
24.0,24,41684,CartPole-v1,"CP-ppo-ac-NN(6,6)-(lr=1.0e-5)-(86-params)",classic_NN_6-6,40
30.0,30,41692,CartPole-v1,"CP-ppo-ac-NN(6,6)-(lr=1.0e-5)-(86-params)",classic_NN_6-6,40
10.0,10,41700,CartPole-v1,"CP-ppo-ac-NN(6,6)-(lr=1.0e-5)-(86-params)",classic_NN_6-6,40
11.0,11,41736,CartPole-v1,"CP-ppo-ac-NN(6,6)-(lr=1.0e-5)-(86-params)",classic_NN_6-6,40
14.0,14,41756,CartPole-v1,"CP-ppo-ac-NN(6,6)-(lr=1.0e-5)-(86-params)",classic_NN_6-6,40
18.0,18,41756,CartPole-v1,"CP-ppo-ac-NN(6,6)-(lr=1.0e-5)-(86-params)",classic_NN_6-6,40
33.0,33,41784,CartPole-v1,"CP-ppo-ac-NN(6,6)-(lr=1.0e-5)-(86-params)",classic_NN_6-6,40
24.0,24,41832,CartPole-v1,"CP-ppo-ac-NN(6,6)-(lr=1.0e-5)-(86-params)",classic_NN_6-6,40
24.0,24,41852,CartPole-v1,"CP-ppo-ac-NN(6,6)-(lr=1.0e-5)-(86-params)",classic_NN_6-6,40
13.0,13,41884,CartPole-v1,"CP-ppo-ac-NN(6,6)-(lr=1.0e-5)-(86-params)",classic_NN_6-6,40
9.0,9,41920,CartPole-v1,"CP-ppo-ac-NN(6,6)-(lr=1.0e-5)-(86-params)",classic_NN_6-6,40
18.0,18,41924,CartPole-v1,"CP-ppo-ac-NN(6,6)-(lr=1.0e-5)-(86-params)",classic_NN_6-6,40
38.0,38,41936,CartPole-v1,"CP-ppo-ac-NN(6,6)-(lr=1.0e-5)-(86-params)",classic_NN_6-6,40
9.0,9,41960,CartPole-v1,"CP-ppo-ac-NN(6,6)-(lr=1.0e-5)-(86-params)",classic_NN_6-6,40
14.0,14,41976,CartPole-v1,"CP-ppo-ac-NN(6,6)-(lr=1.0e-5)-(86-params)",classic_NN_6-6,40
60.0,60,41996,CartPole-v1,"CP-ppo-ac-NN(6,6)-(lr=1.0e-5)-(86-params)",classic_NN_6-6,40
11.0,11,42040,CartPole-v1,"CP-ppo-ac-NN(6,6)-(lr=1.0e-5)-(86-params)",classic_NN_6-6,40
21.0,21,42044,CartPole-v1,"CP-ppo-ac-NN(6,6)-(lr=1.0e-5)-(86-params)",classic_NN_6-6,40
37.0,37,42084,CartPole-v1,"CP-ppo-ac-NN(6,6)-(lr=1.0e-5)-(86-params)",classic_NN_6-6,40
21.0,21,42124,CartPole-v1,"CP-ppo-ac-NN(6,6)-(lr=1.0e-5)-(86-params)",classic_NN_6-6,40
12.0,12,42132,CartPole-v1,"CP-ppo-ac-NN(6,6)-(lr=1.0e-5)-(86-params)",classic_NN_6-6,40
47.0,47,42164,CartPole-v1,"CP-ppo-ac-NN(6,6)-(lr=1.0e-5)-(86-params)",classic_NN_6-6,40
19.0,19,42208,CartPole-v1,"CP-ppo-ac-NN(6,6)-(lr=1.0e-5)-(86-params)",classic_NN_6-6,40
23.0,23,42216,CartPole-v1,"CP-ppo-ac-NN(6,6)-(lr=1.0e-5)-(86-params)",classic_NN_6-6,40
49.0,49,42240,CartPole-v1,"CP-ppo-ac-NN(6,6)-(lr=1.0e-5)-(86-params)",classic_NN_6-6,40
26.0,26,42268,CartPole-v1,"CP-ppo-ac-NN(6,6)-(lr=1.0e-5)-(86-params)",classic_NN_6-6,40
17.0,17,42276,CartPole-v1,"CP-ppo-ac-NN(6,6)-(lr=1.0e-5)-(86-params)",classic_NN_6-6,40
18.0,18,42312,CartPole-v1,"CP-ppo-ac-NN(6,6)-(lr=1.0e-5)-(86-params)",classic_NN_6-6,40
15.0,15,42328,CartPole-v1,"CP-ppo-ac-NN(6,6)-(lr=1.0e-5)-(86-params)",classic_NN_6-6,40
31.0,31,42340,CartPole-v1,"CP-ppo-ac-NN(6,6)-(lr=1.0e-5)-(86-params)",classic_NN_6-6,40
21.0,21,42360,CartPole-v1,"CP-ppo-ac-NN(6,6)-(lr=1.0e-5)-(86-params)",classic_NN_6-6,40
14.0,14,42384,CartPole-v1,"CP-ppo-ac-NN(6,6)-(lr=1.0e-5)-(86-params)",classic_NN_6-6,40
15.0,15,42400,CartPole-v1,"CP-ppo-ac-NN(6,6)-(lr=1.0e-5)-(86-params)",classic_NN_6-6,40
28.0,28,42424,CartPole-v1,"CP-ppo-ac-NN(6,6)-(lr=1.0e-5)-(86-params)",classic_NN_6-6,40
20.0,20,42480,CartPole-v1,"CP-ppo-ac-NN(6,6)-(lr=1.0e-5)-(86-params)",classic_NN_6-6,40
31.0,31,42484,CartPole-v1,"CP-ppo-ac-NN(6,6)-(lr=1.0e-5)-(86-params)",classic_NN_6-6,40
26.0,26,42488,CartPole-v1,"CP-ppo-ac-NN(6,6)-(lr=1.0e-5)-(86-params)",classic_NN_6-6,40
25.0,25,42524,CartPole-v1,"CP-ppo-ac-NN(6,6)-(lr=1.0e-5)-(86-params)",classic_NN_6-6,40
14.0,14,42544,CartPole-v1,"CP-ppo-ac-NN(6,6)-(lr=1.0e-5)-(86-params)",classic_NN_6-6,40
19.0,19,42556,CartPole-v1,"CP-ppo-ac-NN(6,6)-(lr=1.0e-5)-(86-params)",classic_NN_6-6,40
21.0,21,42568,CartPole-v1,"CP-ppo-ac-NN(6,6)-(lr=1.0e-5)-(86-params)",classic_NN_6-6,40
10.0,10,42584,CartPole-v1,"CP-ppo-ac-NN(6,6)-(lr=1.0e-5)-(86-params)",classic_NN_6-6,40
21.0,21,42608,CartPole-v1,"CP-ppo-ac-NN(6,6)-(lr=1.0e-5)-(86-params)",classic_NN_6-6,40
13.0,13,42608,CartPole-v1,"CP-ppo-ac-NN(6,6)-(lr=1.0e-5)-(86-params)",classic_NN_6-6,40
18.0,18,42640,CartPole-v1,"CP-ppo-ac-NN(6,6)-(lr=1.0e-5)-(86-params)",classic_NN_6-6,40
20.0,20,42688,CartPole-v1,"CP-ppo-ac-NN(6,6)-(lr=1.0e-5)-(86-params)",classic_NN_6-6,40
14.0,14,42696,CartPole-v1,"CP-ppo-ac-NN(6,6)-(lr=1.0e-5)-(86-params)",classic_NN_6-6,40
12.0,12,42744,CartPole-v1,"CP-ppo-ac-NN(6,6)-(lr=1.0e-5)-(86-params)",classic_NN_6-6,40
18.0,18,42760,CartPole-v1,"CP-ppo-ac-NN(6,6)-(lr=1.0e-5)-(86-params)",classic_NN_6-6,40
44.0,44,42784,CartPole-v1,"CP-ppo-ac-NN(6,6)-(lr=1.0e-5)-(86-params)",classic_NN_6-6,40
19.0,19,42820,CartPole-v1,"CP-ppo-ac-NN(6,6)-(lr=1.0e-5)-(86-params)",classic_NN_6-6,40
16.0,16,42848,CartPole-v1,"CP-ppo-ac-NN(6,6)-(lr=1.0e-5)-(86-params)",classic_NN_6-6,40
69.0,69,42860,CartPole-v1,"CP-ppo-ac-NN(6,6)-(lr=1.0e-5)-(86-params)",classic_NN_6-6,40
20.0,20,42928,CartPole-v1,"CP-ppo-ac-NN(6,6)-(lr=1.0e-5)-(86-params)",classic_NN_6-6,40
27.0,27,42968,CartPole-v1,"CP-ppo-ac-NN(6,6)-(lr=1.0e-5)-(86-params)",classic_NN_6-6,40
17.0,17,42996,CartPole-v1,"CP-ppo-ac-NN(6,6)-(lr=1.0e-5)-(86-params)",classic_NN_6-6,40
51.0,51,43024,CartPole-v1,"CP-ppo-ac-NN(6,6)-(lr=1.0e-5)-(86-params)",classic_NN_6-6,40
15.0,15,43028,CartPole-v1,"CP-ppo-ac-NN(6,6)-(lr=1.0e-5)-(86-params)",classic_NN_6-6,40
17.0,17,43064,CartPole-v1,"CP-ppo-ac-NN(6,6)-(lr=1.0e-5)-(86-params)",classic_NN_6-6,40
79.0,79,43076,CartPole-v1,"CP-ppo-ac-NN(6,6)-(lr=1.0e-5)-(86-params)",classic_NN_6-6,40
15.0,15,43084,CartPole-v1,"CP-ppo-ac-NN(6,6)-(lr=1.0e-5)-(86-params)",classic_NN_6-6,40
14.0,14,43084,CartPole-v1,"CP-ppo-ac-NN(6,6)-(lr=1.0e-5)-(86-params)",classic_NN_6-6,40
16.0,16,43128,CartPole-v1,"CP-ppo-ac-NN(6,6)-(lr=1.0e-5)-(86-params)",classic_NN_6-6,40
13.0,13,43136,CartPole-v1,"CP-ppo-ac-NN(6,6)-(lr=1.0e-5)-(86-params)",classic_NN_6-6,40
20.0,20,43156,CartPole-v1,"CP-ppo-ac-NN(6,6)-(lr=1.0e-5)-(86-params)",classic_NN_6-6,40
23.0,23,43176,CartPole-v1,"CP-ppo-ac-NN(6,6)-(lr=1.0e-5)-(86-params)",classic_NN_6-6,40
13.0,13,43180,CartPole-v1,"CP-ppo-ac-NN(6,6)-(lr=1.0e-5)-(86-params)",classic_NN_6-6,40
13.0,13,43232,CartPole-v1,"CP-ppo-ac-NN(6,6)-(lr=1.0e-5)-(86-params)",classic_NN_6-6,40
30.0,30,43256,CartPole-v1,"CP-ppo-ac-NN(6,6)-(lr=1.0e-5)-(86-params)",classic_NN_6-6,40
36.0,36,43320,CartPole-v1,"CP-ppo-ac-NN(6,6)-(lr=1.0e-5)-(86-params)",classic_NN_6-6,40
16.0,16,43320,CartPole-v1,"CP-ppo-ac-NN(6,6)-(lr=1.0e-5)-(86-params)",classic_NN_6-6,40
43.0,43,43328,CartPole-v1,"CP-ppo-ac-NN(6,6)-(lr=1.0e-5)-(86-params)",classic_NN_6-6,40
34.0,34,43368,CartPole-v1,"CP-ppo-ac-NN(6,6)-(lr=1.0e-5)-(86-params)",classic_NN_6-6,40
13.0,13,43372,CartPole-v1,"CP-ppo-ac-NN(6,6)-(lr=1.0e-5)-(86-params)",classic_NN_6-6,40
19.0,19,43396,CartPole-v1,"CP-ppo-ac-NN(6,6)-(lr=1.0e-5)-(86-params)",classic_NN_6-6,40
19.0,19,43404,CartPole-v1,"CP-ppo-ac-NN(6,6)-(lr=1.0e-5)-(86-params)",classic_NN_6-6,40
19.0,19,43444,CartPole-v1,"CP-ppo-ac-NN(6,6)-(lr=1.0e-5)-(86-params)",classic_NN_6-6,40
15.0,15,43456,CartPole-v1,"CP-ppo-ac-NN(6,6)-(lr=1.0e-5)-(86-params)",classic_NN_6-6,40
10.0,10,43484,CartPole-v1,"CP-ppo-ac-NN(6,6)-(lr=1.0e-5)-(86-params)",classic_NN_6-6,40
22.0,22,43492,CartPole-v1,"CP-ppo-ac-NN(6,6)-(lr=1.0e-5)-(86-params)",classic_NN_6-6,40
13.0,13,43508,CartPole-v1,"CP-ppo-ac-NN(6,6)-(lr=1.0e-5)-(86-params)",classic_NN_6-6,40
36.0,36,43516,CartPole-v1,"CP-ppo-ac-NN(6,6)-(lr=1.0e-5)-(86-params)",classic_NN_6-6,40
13.0,13,43536,CartPole-v1,"CP-ppo-ac-NN(6,6)-(lr=1.0e-5)-(86-params)",classic_NN_6-6,40
16.0,16,43580,CartPole-v1,"CP-ppo-ac-NN(6,6)-(lr=1.0e-5)-(86-params)",classic_NN_6-6,40
37.0,37,43640,CartPole-v1,"CP-ppo-ac-NN(6,6)-(lr=1.0e-5)-(86-params)",classic_NN_6-6,40
27.0,27,43644,CartPole-v1,"CP-ppo-ac-NN(6,6)-(lr=1.0e-5)-(86-params)",classic_NN_6-6,40
39.0,39,43664,CartPole-v1,"CP-ppo-ac-NN(6,6)-(lr=1.0e-5)-(86-params)",classic_NN_6-6,40
26.0,26,43684,CartPole-v1,"CP-ppo-ac-NN(6,6)-(lr=1.0e-5)-(86-params)",classic_NN_6-6,40
11.0,11,43728,CartPole-v1,"CP-ppo-ac-NN(6,6)-(lr=1.0e-5)-(86-params)",classic_NN_6-6,40
32.0,32,43772,CartPole-v1,"CP-ppo-ac-NN(6,6)-(lr=1.0e-5)-(86-params)",classic_NN_6-6,40
27.0,27,43772,CartPole-v1,"CP-ppo-ac-NN(6,6)-(lr=1.0e-5)-(86-params)",classic_NN_6-6,40
36.0,36,43784,CartPole-v1,"CP-ppo-ac-NN(6,6)-(lr=1.0e-5)-(86-params)",classic_NN_6-6,40
21.0,21,43812,CartPole-v1,"CP-ppo-ac-NN(6,6)-(lr=1.0e-5)-(86-params)",classic_NN_6-6,40
15.0,15,43844,CartPole-v1,"CP-ppo-ac-NN(6,6)-(lr=1.0e-5)-(86-params)",classic_NN_6-6,40
20.0,20,43852,CartPole-v1,"CP-ppo-ac-NN(6,6)-(lr=1.0e-5)-(86-params)",classic_NN_6-6,40
11.0,11,43856,CartPole-v1,"CP-ppo-ac-NN(6,6)-(lr=1.0e-5)-(86-params)",classic_NN_6-6,40
23.0,23,43864,CartPole-v1,"CP-ppo-ac-NN(6,6)-(lr=1.0e-5)-(86-params)",classic_NN_6-6,40
17.0,17,43920,CartPole-v1,"CP-ppo-ac-NN(6,6)-(lr=1.0e-5)-(86-params)",classic_NN_6-6,40
16.0,16,43928,CartPole-v1,"CP-ppo-ac-NN(6,6)-(lr=1.0e-5)-(86-params)",classic_NN_6-6,40
22.0,22,43944,CartPole-v1,"CP-ppo-ac-NN(6,6)-(lr=1.0e-5)-(86-params)",classic_NN_6-6,40
29.0,29,43960,CartPole-v1,"CP-ppo-ac-NN(6,6)-(lr=1.0e-5)-(86-params)",classic_NN_6-6,40
21.0,21,44012,CartPole-v1,"CP-ppo-ac-NN(6,6)-(lr=1.0e-5)-(86-params)",classic_NN_6-6,40
20.0,20,44024,CartPole-v1,"CP-ppo-ac-NN(6,6)-(lr=1.0e-5)-(86-params)",classic_NN_6-6,40
32.0,32,44048,CartPole-v1,"CP-ppo-ac-NN(6,6)-(lr=1.0e-5)-(86-params)",classic_NN_6-6,40
24.0,24,44056,CartPole-v1,"CP-ppo-ac-NN(6,6)-(lr=1.0e-5)-(86-params)",classic_NN_6-6,40
27.0,27,44120,CartPole-v1,"CP-ppo-ac-NN(6,6)-(lr=1.0e-5)-(86-params)",classic_NN_6-6,40
17.0,17,44124,CartPole-v1,"CP-ppo-ac-NN(6,6)-(lr=1.0e-5)-(86-params)",classic_NN_6-6,40
26.0,26,44128,CartPole-v1,"CP-ppo-ac-NN(6,6)-(lr=1.0e-5)-(86-params)",classic_NN_6-6,40
20.0,20,44128,CartPole-v1,"CP-ppo-ac-NN(6,6)-(lr=1.0e-5)-(86-params)",classic_NN_6-6,40
14.0,14,44176,CartPole-v1,"CP-ppo-ac-NN(6,6)-(lr=1.0e-5)-(86-params)",classic_NN_6-6,40
17.0,17,44196,CartPole-v1,"CP-ppo-ac-NN(6,6)-(lr=1.0e-5)-(86-params)",classic_NN_6-6,40
18.0,18,44196,CartPole-v1,"CP-ppo-ac-NN(6,6)-(lr=1.0e-5)-(86-params)",classic_NN_6-6,40
16.0,16,44240,CartPole-v1,"CP-ppo-ac-NN(6,6)-(lr=1.0e-5)-(86-params)",classic_NN_6-6,40
17.0,17,44264,CartPole-v1,"CP-ppo-ac-NN(6,6)-(lr=1.0e-5)-(86-params)",classic_NN_6-6,40
22.0,22,44328,CartPole-v1,"CP-ppo-ac-NN(6,6)-(lr=1.0e-5)-(86-params)",classic_NN_6-6,40
21.0,21,44348,CartPole-v1,"CP-ppo-ac-NN(6,6)-(lr=1.0e-5)-(86-params)",classic_NN_6-6,40
42.0,42,44364,CartPole-v1,"CP-ppo-ac-NN(6,6)-(lr=1.0e-5)-(86-params)",classic_NN_6-6,40
66.0,66,44392,CartPole-v1,"CP-ppo-ac-NN(6,6)-(lr=1.0e-5)-(86-params)",classic_NN_6-6,40
27.0,27,44436,CartPole-v1,"CP-ppo-ac-NN(6,6)-(lr=1.0e-5)-(86-params)",classic_NN_6-6,40
20.0,20,44444,CartPole-v1,"CP-ppo-ac-NN(6,6)-(lr=1.0e-5)-(86-params)",classic_NN_6-6,40
25.0,25,44448,CartPole-v1,"CP-ppo-ac-NN(6,6)-(lr=1.0e-5)-(86-params)",classic_NN_6-6,40
26.0,26,44496,CartPole-v1,"CP-ppo-ac-NN(6,6)-(lr=1.0e-5)-(86-params)",classic_NN_6-6,40
23.0,23,44528,CartPole-v1,"CP-ppo-ac-NN(6,6)-(lr=1.0e-5)-(86-params)",classic_NN_6-6,40
21.0,21,44528,CartPole-v1,"CP-ppo-ac-NN(6,6)-(lr=1.0e-5)-(86-params)",classic_NN_6-6,40
21.0,21,44532,CartPole-v1,"CP-ppo-ac-NN(6,6)-(lr=1.0e-5)-(86-params)",classic_NN_6-6,40
11.0,11,44540,CartPole-v1,"CP-ppo-ac-NN(6,6)-(lr=1.0e-5)-(86-params)",classic_NN_6-6,40
9.0,9,44564,CartPole-v1,"CP-ppo-ac-NN(6,6)-(lr=1.0e-5)-(86-params)",classic_NN_6-6,40
15.0,15,44588,CartPole-v1,"CP-ppo-ac-NN(6,6)-(lr=1.0e-5)-(86-params)",classic_NN_6-6,40
15.0,15,44600,CartPole-v1,"CP-ppo-ac-NN(6,6)-(lr=1.0e-5)-(86-params)",classic_NN_6-6,40
12.0,12,44636,CartPole-v1,"CP-ppo-ac-NN(6,6)-(lr=1.0e-5)-(86-params)",classic_NN_6-6,40
18.0,18,44672,CartPole-v1,"CP-ppo-ac-NN(6,6)-(lr=1.0e-5)-(86-params)",classic_NN_6-6,40
29.0,29,44680,CartPole-v1,"CP-ppo-ac-NN(6,6)-(lr=1.0e-5)-(86-params)",classic_NN_6-6,40
43.0,43,44704,CartPole-v1,"CP-ppo-ac-NN(6,6)-(lr=1.0e-5)-(86-params)",classic_NN_6-6,40
18.0,18,44752,CartPole-v1,"CP-ppo-ac-NN(6,6)-(lr=1.0e-5)-(86-params)",classic_NN_6-6,40
28.0,28,44864,CartPole-v1,"CP-ppo-ac-NN(6,6)-(lr=1.0e-5)-(86-params)",classic_NN_6-6,40
60.0,60,44876,CartPole-v1,"CP-ppo-ac-NN(6,6)-(lr=1.0e-5)-(86-params)",classic_NN_6-6,40
56.0,56,44896,CartPole-v1,"CP-ppo-ac-NN(6,6)-(lr=1.0e-5)-(86-params)",classic_NN_6-6,40
49.0,49,44900,CartPole-v1,"CP-ppo-ac-NN(6,6)-(lr=1.0e-5)-(86-params)",classic_NN_6-6,40
17.0,17,44932,CartPole-v1,"CP-ppo-ac-NN(6,6)-(lr=1.0e-5)-(86-params)",classic_NN_6-6,40
14.0,14,44952,CartPole-v1,"CP-ppo-ac-NN(6,6)-(lr=1.0e-5)-(86-params)",classic_NN_6-6,40
17.0,17,44968,CartPole-v1,"CP-ppo-ac-NN(6,6)-(lr=1.0e-5)-(86-params)",classic_NN_6-6,40
28.0,28,44988,CartPole-v1,"CP-ppo-ac-NN(6,6)-(lr=1.0e-5)-(86-params)",classic_NN_6-6,40
21.0,21,45016,CartPole-v1,"CP-ppo-ac-NN(6,6)-(lr=1.0e-5)-(86-params)",classic_NN_6-6,40
11.0,11,45032,CartPole-v1,"CP-ppo-ac-NN(6,6)-(lr=1.0e-5)-(86-params)",classic_NN_6-6,40
21.0,21,45052,CartPole-v1,"CP-ppo-ac-NN(6,6)-(lr=1.0e-5)-(86-params)",classic_NN_6-6,40
10.0,10,45056,CartPole-v1,"CP-ppo-ac-NN(6,6)-(lr=1.0e-5)-(86-params)",classic_NN_6-6,40
27.0,27,45060,CartPole-v1,"CP-ppo-ac-NN(6,6)-(lr=1.0e-5)-(86-params)",classic_NN_6-6,40
9.0,9,45068,CartPole-v1,"CP-ppo-ac-NN(6,6)-(lr=1.0e-5)-(86-params)",classic_NN_6-6,40
11.0,11,45100,CartPole-v1,"CP-ppo-ac-NN(6,6)-(lr=1.0e-5)-(86-params)",classic_NN_6-6,40
24.0,24,45156,CartPole-v1,"CP-ppo-ac-NN(6,6)-(lr=1.0e-5)-(86-params)",classic_NN_6-6,40
30.0,30,45172,CartPole-v1,"CP-ppo-ac-NN(6,6)-(lr=1.0e-5)-(86-params)",classic_NN_6-6,40
21.0,21,45184,CartPole-v1,"CP-ppo-ac-NN(6,6)-(lr=1.0e-5)-(86-params)",classic_NN_6-6,40
32.0,32,45196,CartPole-v1,"CP-ppo-ac-NN(6,6)-(lr=1.0e-5)-(86-params)",classic_NN_6-6,40
10.0,10,45212,CartPole-v1,"CP-ppo-ac-NN(6,6)-(lr=1.0e-5)-(86-params)",classic_NN_6-6,40
11.0,11,45228,CartPole-v1,"CP-ppo-ac-NN(6,6)-(lr=1.0e-5)-(86-params)",classic_NN_6-6,40
18.0,18,45228,CartPole-v1,"CP-ppo-ac-NN(6,6)-(lr=1.0e-5)-(86-params)",classic_NN_6-6,40
15.0,15,45288,CartPole-v1,"CP-ppo-ac-NN(6,6)-(lr=1.0e-5)-(86-params)",classic_NN_6-6,40
20.0,20,45308,CartPole-v1,"CP-ppo-ac-NN(6,6)-(lr=1.0e-5)-(86-params)",classic_NN_6-6,40
26.0,26,45316,CartPole-v1,"CP-ppo-ac-NN(6,6)-(lr=1.0e-5)-(86-params)",classic_NN_6-6,40
40.0,40,45356,CartPole-v1,"CP-ppo-ac-NN(6,6)-(lr=1.0e-5)-(86-params)",classic_NN_6-6,40
26.0,26,45392,CartPole-v1,"CP-ppo-ac-NN(6,6)-(lr=1.0e-5)-(86-params)",classic_NN_6-6,40
14.0,14,45412,CartPole-v1,"CP-ppo-ac-NN(6,6)-(lr=1.0e-5)-(86-params)",classic_NN_6-6,40
27.0,27,45416,CartPole-v1,"CP-ppo-ac-NN(6,6)-(lr=1.0e-5)-(86-params)",classic_NN_6-6,40
10.0,10,45456,CartPole-v1,"CP-ppo-ac-NN(6,6)-(lr=1.0e-5)-(86-params)",classic_NN_6-6,40
35.0,35,45456,CartPole-v1,"CP-ppo-ac-NN(6,6)-(lr=1.0e-5)-(86-params)",classic_NN_6-6,40
13.0,13,45508,CartPole-v1,"CP-ppo-ac-NN(6,6)-(lr=1.0e-5)-(86-params)",classic_NN_6-6,40
30.0,30,45532,CartPole-v1,"CP-ppo-ac-NN(6,6)-(lr=1.0e-5)-(86-params)",classic_NN_6-6,40
27.0,27,45564,CartPole-v1,"CP-ppo-ac-NN(6,6)-(lr=1.0e-5)-(86-params)",classic_NN_6-6,40
24.0,24,45604,CartPole-v1,"CP-ppo-ac-NN(6,6)-(lr=1.0e-5)-(86-params)",classic_NN_6-6,40
16.0,16,45628,CartPole-v1,"CP-ppo-ac-NN(6,6)-(lr=1.0e-5)-(86-params)",classic_NN_6-6,40
29.0,29,45648,CartPole-v1,"CP-ppo-ac-NN(6,6)-(lr=1.0e-5)-(86-params)",classic_NN_6-6,40
16.0,16,45668,CartPole-v1,"CP-ppo-ac-NN(6,6)-(lr=1.0e-5)-(86-params)",classic_NN_6-6,40
71.0,71,45676,CartPole-v1,"CP-ppo-ac-NN(6,6)-(lr=1.0e-5)-(86-params)",classic_NN_6-6,40
20.0,20,45708,CartPole-v1,"CP-ppo-ac-NN(6,6)-(lr=1.0e-5)-(86-params)",classic_NN_6-6,40
16.0,16,45712,CartPole-v1,"CP-ppo-ac-NN(6,6)-(lr=1.0e-5)-(86-params)",classic_NN_6-6,40
22.0,22,45764,CartPole-v1,"CP-ppo-ac-NN(6,6)-(lr=1.0e-5)-(86-params)",classic_NN_6-6,40
22.0,22,45796,CartPole-v1,"CP-ppo-ac-NN(6,6)-(lr=1.0e-5)-(86-params)",classic_NN_6-6,40
34.0,34,45804,CartPole-v1,"CP-ppo-ac-NN(6,6)-(lr=1.0e-5)-(86-params)",classic_NN_6-6,40
28.0,28,45824,CartPole-v1,"CP-ppo-ac-NN(6,6)-(lr=1.0e-5)-(86-params)",classic_NN_6-6,40
27.0,27,45872,CartPole-v1,"CP-ppo-ac-NN(6,6)-(lr=1.0e-5)-(86-params)",classic_NN_6-6,40
14.0,14,45880,CartPole-v1,"CP-ppo-ac-NN(6,6)-(lr=1.0e-5)-(86-params)",classic_NN_6-6,40
20.0,20,45884,CartPole-v1,"CP-ppo-ac-NN(6,6)-(lr=1.0e-5)-(86-params)",classic_NN_6-6,40
14.0,14,45936,CartPole-v1,"CP-ppo-ac-NN(6,6)-(lr=1.0e-5)-(86-params)",classic_NN_6-6,40
36.0,36,45940,CartPole-v1,"CP-ppo-ac-NN(6,6)-(lr=1.0e-5)-(86-params)",classic_NN_6-6,40
17.0,17,45952,CartPole-v1,"CP-ppo-ac-NN(6,6)-(lr=1.0e-5)-(86-params)",classic_NN_6-6,40
17.0,17,46004,CartPole-v1,"CP-ppo-ac-NN(6,6)-(lr=1.0e-5)-(86-params)",classic_NN_6-6,40
19.0,19,46016,CartPole-v1,"CP-ppo-ac-NN(6,6)-(lr=1.0e-5)-(86-params)",classic_NN_6-6,40
9.0,9,46040,CartPole-v1,"CP-ppo-ac-NN(6,6)-(lr=1.0e-5)-(86-params)",classic_NN_6-6,40
22.0,22,46040,CartPole-v1,"CP-ppo-ac-NN(6,6)-(lr=1.0e-5)-(86-params)",classic_NN_6-6,40
9.0,9,46076,CartPole-v1,"CP-ppo-ac-NN(6,6)-(lr=1.0e-5)-(86-params)",classic_NN_6-6,40
53.0,53,46084,CartPole-v1,"CP-ppo-ac-NN(6,6)-(lr=1.0e-5)-(86-params)",classic_NN_6-6,40
13.0,13,46092,CartPole-v1,"CP-ppo-ac-NN(6,6)-(lr=1.0e-5)-(86-params)",classic_NN_6-6,40
20.0,20,46156,CartPole-v1,"CP-ppo-ac-NN(6,6)-(lr=1.0e-5)-(86-params)",classic_NN_6-6,40
38.0,38,46168,CartPole-v1,"CP-ppo-ac-NN(6,6)-(lr=1.0e-5)-(86-params)",classic_NN_6-6,40
24.0,24,46180,CartPole-v1,"CP-ppo-ac-NN(6,6)-(lr=1.0e-5)-(86-params)",classic_NN_6-6,40
13.0,13,46220,CartPole-v1,"CP-ppo-ac-NN(6,6)-(lr=1.0e-5)-(86-params)",classic_NN_6-6,40
34.0,34,46228,CartPole-v1,"CP-ppo-ac-NN(6,6)-(lr=1.0e-5)-(86-params)",classic_NN_6-6,40
19.0,19,46256,CartPole-v1,"CP-ppo-ac-NN(6,6)-(lr=1.0e-5)-(86-params)",classic_NN_6-6,40
10.0,10,46268,CartPole-v1,"CP-ppo-ac-NN(6,6)-(lr=1.0e-5)-(86-params)",classic_NN_6-6,40
18.0,18,46328,CartPole-v1,"CP-ppo-ac-NN(6,6)-(lr=1.0e-5)-(86-params)",classic_NN_6-6,40
46.0,46,46340,CartPole-v1,"CP-ppo-ac-NN(6,6)-(lr=1.0e-5)-(86-params)",classic_NN_6-6,40
19.0,19,46344,CartPole-v1,"CP-ppo-ac-NN(6,6)-(lr=1.0e-5)-(86-params)",classic_NN_6-6,40
32.0,32,46348,CartPole-v1,"CP-ppo-ac-NN(6,6)-(lr=1.0e-5)-(86-params)",classic_NN_6-6,40
14.0,14,46396,CartPole-v1,"CP-ppo-ac-NN(6,6)-(lr=1.0e-5)-(86-params)",classic_NN_6-6,40
19.0,19,46404,CartPole-v1,"CP-ppo-ac-NN(6,6)-(lr=1.0e-5)-(86-params)",classic_NN_6-6,40
15.0,15,46404,CartPole-v1,"CP-ppo-ac-NN(6,6)-(lr=1.0e-5)-(86-params)",classic_NN_6-6,40
10.0,10,46444,CartPole-v1,"CP-ppo-ac-NN(6,6)-(lr=1.0e-5)-(86-params)",classic_NN_6-6,40
33.0,33,46480,CartPole-v1,"CP-ppo-ac-NN(6,6)-(lr=1.0e-5)-(86-params)",classic_NN_6-6,40
12.0,12,46492,CartPole-v1,"CP-ppo-ac-NN(6,6)-(lr=1.0e-5)-(86-params)",classic_NN_6-6,40
29.0,29,46520,CartPole-v1,"CP-ppo-ac-NN(6,6)-(lr=1.0e-5)-(86-params)",classic_NN_6-6,40
11.0,11,46524,CartPole-v1,"CP-ppo-ac-NN(6,6)-(lr=1.0e-5)-(86-params)",classic_NN_6-6,40
36.0,36,46540,CartPole-v1,"CP-ppo-ac-NN(6,6)-(lr=1.0e-5)-(86-params)",classic_NN_6-6,40
22.0,22,46580,CartPole-v1,"CP-ppo-ac-NN(6,6)-(lr=1.0e-5)-(86-params)",classic_NN_6-6,40
22.0,22,46612,CartPole-v1,"CP-ppo-ac-NN(6,6)-(lr=1.0e-5)-(86-params)",classic_NN_6-6,40
25.0,25,46620,CartPole-v1,"CP-ppo-ac-NN(6,6)-(lr=1.0e-5)-(86-params)",classic_NN_6-6,40
11.0,11,46624,CartPole-v1,"CP-ppo-ac-NN(6,6)-(lr=1.0e-5)-(86-params)",classic_NN_6-6,40
24.0,24,46636,CartPole-v1,"CP-ppo-ac-NN(6,6)-(lr=1.0e-5)-(86-params)",classic_NN_6-6,40
16.0,16,46684,CartPole-v1,"CP-ppo-ac-NN(6,6)-(lr=1.0e-5)-(86-params)",classic_NN_6-6,40
23.0,23,46716,CartPole-v1,"CP-ppo-ac-NN(6,6)-(lr=1.0e-5)-(86-params)",classic_NN_6-6,40
9.0,9,46720,CartPole-v1,"CP-ppo-ac-NN(6,6)-(lr=1.0e-5)-(86-params)",classic_NN_6-6,40
31.0,31,46736,CartPole-v1,"CP-ppo-ac-NN(6,6)-(lr=1.0e-5)-(86-params)",classic_NN_6-6,40
16.0,16,46780,CartPole-v1,"CP-ppo-ac-NN(6,6)-(lr=1.0e-5)-(86-params)",classic_NN_6-6,40
38.0,38,46788,CartPole-v1,"CP-ppo-ac-NN(6,6)-(lr=1.0e-5)-(86-params)",classic_NN_6-6,40
20.0,20,46816,CartPole-v1,"CP-ppo-ac-NN(6,6)-(lr=1.0e-5)-(86-params)",classic_NN_6-6,40
25.0,25,46820,CartPole-v1,"CP-ppo-ac-NN(6,6)-(lr=1.0e-5)-(86-params)",classic_NN_6-6,40
25.0,25,46880,CartPole-v1,"CP-ppo-ac-NN(6,6)-(lr=1.0e-5)-(86-params)",classic_NN_6-6,40
20.0,20,46896,CartPole-v1,"CP-ppo-ac-NN(6,6)-(lr=1.0e-5)-(86-params)",classic_NN_6-6,40
34.0,34,46924,CartPole-v1,"CP-ppo-ac-NN(6,6)-(lr=1.0e-5)-(86-params)",classic_NN_6-6,40
12.0,12,46944,CartPole-v1,"CP-ppo-ac-NN(6,6)-(lr=1.0e-5)-(86-params)",classic_NN_6-6,40
35.0,35,46960,CartPole-v1,"CP-ppo-ac-NN(6,6)-(lr=1.0e-5)-(86-params)",classic_NN_6-6,40
12.0,12,47008,CartPole-v1,"CP-ppo-ac-NN(6,6)-(lr=1.0e-5)-(86-params)",classic_NN_6-6,40
24.0,24,47020,CartPole-v1,"CP-ppo-ac-NN(6,6)-(lr=1.0e-5)-(86-params)",classic_NN_6-6,40
39.0,39,47036,CartPole-v1,"CP-ppo-ac-NN(6,6)-(lr=1.0e-5)-(86-params)",classic_NN_6-6,40
25.0,25,47044,CartPole-v1,"CP-ppo-ac-NN(6,6)-(lr=1.0e-5)-(86-params)",classic_NN_6-6,40
19.0,19,47084,CartPole-v1,"CP-ppo-ac-NN(6,6)-(lr=1.0e-5)-(86-params)",classic_NN_6-6,40
12.0,12,47084,CartPole-v1,"CP-ppo-ac-NN(6,6)-(lr=1.0e-5)-(86-params)",classic_NN_6-6,40
13.0,13,47096,CartPole-v1,"CP-ppo-ac-NN(6,6)-(lr=1.0e-5)-(86-params)",classic_NN_6-6,40
13.0,13,47148,CartPole-v1,"CP-ppo-ac-NN(6,6)-(lr=1.0e-5)-(86-params)",classic_NN_6-6,40
18.0,18,47156,CartPole-v1,"CP-ppo-ac-NN(6,6)-(lr=1.0e-5)-(86-params)",classic_NN_6-6,40
19.0,19,47160,CartPole-v1,"CP-ppo-ac-NN(6,6)-(lr=1.0e-5)-(86-params)",classic_NN_6-6,40
41.0,41,47184,CartPole-v1,"CP-ppo-ac-NN(6,6)-(lr=1.0e-5)-(86-params)",classic_NN_6-6,40
10.0,10,47200,CartPole-v1,"CP-ppo-ac-NN(6,6)-(lr=1.0e-5)-(86-params)",classic_NN_6-6,40
15.0,15,47260,CartPole-v1,"CP-ppo-ac-NN(6,6)-(lr=1.0e-5)-(86-params)",classic_NN_6-6,40
28.0,28,47268,CartPole-v1,"CP-ppo-ac-NN(6,6)-(lr=1.0e-5)-(86-params)",classic_NN_6-6,40
22.0,22,47272,CartPole-v1,"CP-ppo-ac-NN(6,6)-(lr=1.0e-5)-(86-params)",classic_NN_6-6,40
41.0,41,47312,CartPole-v1,"CP-ppo-ac-NN(6,6)-(lr=1.0e-5)-(86-params)",classic_NN_6-6,40
15.0,15,47332,CartPole-v1,"CP-ppo-ac-NN(6,6)-(lr=1.0e-5)-(86-params)",classic_NN_6-6,40
17.0,17,47336,CartPole-v1,"CP-ppo-ac-NN(6,6)-(lr=1.0e-5)-(86-params)",classic_NN_6-6,40
13.0,13,47384,CartPole-v1,"CP-ppo-ac-NN(6,6)-(lr=1.0e-5)-(86-params)",classic_NN_6-6,40
19.0,19,47388,CartPole-v1,"CP-ppo-ac-NN(6,6)-(lr=1.0e-5)-(86-params)",classic_NN_6-6,40
39.0,39,47416,CartPole-v1,"CP-ppo-ac-NN(6,6)-(lr=1.0e-5)-(86-params)",classic_NN_6-6,40
21.0,21,47420,CartPole-v1,"CP-ppo-ac-NN(6,6)-(lr=1.0e-5)-(86-params)",classic_NN_6-6,40
10.0,10,47428,CartPole-v1,"CP-ppo-ac-NN(6,6)-(lr=1.0e-5)-(86-params)",classic_NN_6-6,40
19.0,19,47460,CartPole-v1,"CP-ppo-ac-NN(6,6)-(lr=1.0e-5)-(86-params)",classic_NN_6-6,40
15.0,15,47476,CartPole-v1,"CP-ppo-ac-NN(6,6)-(lr=1.0e-5)-(86-params)",classic_NN_6-6,40
16.0,16,47484,CartPole-v1,"CP-ppo-ac-NN(6,6)-(lr=1.0e-5)-(86-params)",classic_NN_6-6,40
24.0,24,47524,CartPole-v1,"CP-ppo-ac-NN(6,6)-(lr=1.0e-5)-(86-params)",classic_NN_6-6,40
19.0,19,47536,CartPole-v1,"CP-ppo-ac-NN(6,6)-(lr=1.0e-5)-(86-params)",classic_NN_6-6,40
18.0,18,47548,CartPole-v1,"CP-ppo-ac-NN(6,6)-(lr=1.0e-5)-(86-params)",classic_NN_6-6,40
19.0,19,47612,CartPole-v1,"CP-ppo-ac-NN(6,6)-(lr=1.0e-5)-(86-params)",classic_NN_6-6,40
31.0,31,47648,CartPole-v1,"CP-ppo-ac-NN(6,6)-(lr=1.0e-5)-(86-params)",classic_NN_6-6,40
26.0,26,47652,CartPole-v1,"CP-ppo-ac-NN(6,6)-(lr=1.0e-5)-(86-params)",classic_NN_6-6,40
51.0,51,47688,CartPole-v1,"CP-ppo-ac-NN(6,6)-(lr=1.0e-5)-(86-params)",classic_NN_6-6,40
15.0,15,47712,CartPole-v1,"CP-ppo-ac-NN(6,6)-(lr=1.0e-5)-(86-params)",classic_NN_6-6,40
27.0,27,47720,CartPole-v1,"CP-ppo-ac-NN(6,6)-(lr=1.0e-5)-(86-params)",classic_NN_6-6,40
15.0,15,47772,CartPole-v1,"CP-ppo-ac-NN(6,6)-(lr=1.0e-5)-(86-params)",classic_NN_6-6,40
17.0,17,47840,CartPole-v1,"CP-ppo-ac-NN(6,6)-(lr=1.0e-5)-(86-params)",classic_NN_6-6,40
40.0,40,47848,CartPole-v1,"CP-ppo-ac-NN(6,6)-(lr=1.0e-5)-(86-params)",classic_NN_6-6,40
54.0,54,47864,CartPole-v1,"CP-ppo-ac-NN(6,6)-(lr=1.0e-5)-(86-params)",classic_NN_6-6,40
37.0,37,47868,CartPole-v1,"CP-ppo-ac-NN(6,6)-(lr=1.0e-5)-(86-params)",classic_NN_6-6,40
14.0,14,47924,CartPole-v1,"CP-ppo-ac-NN(6,6)-(lr=1.0e-5)-(86-params)",classic_NN_6-6,40
22.0,22,47928,CartPole-v1,"CP-ppo-ac-NN(6,6)-(lr=1.0e-5)-(86-params)",classic_NN_6-6,40
12.0,12,47972,CartPole-v1,"CP-ppo-ac-NN(6,6)-(lr=1.0e-5)-(86-params)",classic_NN_6-6,40
29.0,29,47980,CartPole-v1,"CP-ppo-ac-NN(6,6)-(lr=1.0e-5)-(86-params)",classic_NN_6-6,40
15.0,15,47988,CartPole-v1,"CP-ppo-ac-NN(6,6)-(lr=1.0e-5)-(86-params)",classic_NN_6-6,40
40.0,40,48008,CartPole-v1,"CP-ppo-ac-NN(6,6)-(lr=1.0e-5)-(86-params)",classic_NN_6-6,40
21.0,21,48056,CartPole-v1,"CP-ppo-ac-NN(6,6)-(lr=1.0e-5)-(86-params)",classic_NN_6-6,40
15.0,15,48068,CartPole-v1,"CP-ppo-ac-NN(6,6)-(lr=1.0e-5)-(86-params)",classic_NN_6-6,40
13.0,13,48108,CartPole-v1,"CP-ppo-ac-NN(6,6)-(lr=1.0e-5)-(86-params)",classic_NN_6-6,40
33.0,33,48112,CartPole-v1,"CP-ppo-ac-NN(6,6)-(lr=1.0e-5)-(86-params)",classic_NN_6-6,40
14.0,14,48168,CartPole-v1,"CP-ppo-ac-NN(6,6)-(lr=1.0e-5)-(86-params)",classic_NN_6-6,40
26.0,26,48172,CartPole-v1,"CP-ppo-ac-NN(6,6)-(lr=1.0e-5)-(86-params)",classic_NN_6-6,40
10.0,10,48208,CartPole-v1,"CP-ppo-ac-NN(6,6)-(lr=1.0e-5)-(86-params)",classic_NN_6-6,40
16.0,16,48236,CartPole-v1,"CP-ppo-ac-NN(6,6)-(lr=1.0e-5)-(86-params)",classic_NN_6-6,40
16.0,16,48272,CartPole-v1,"CP-ppo-ac-NN(6,6)-(lr=1.0e-5)-(86-params)",classic_NN_6-6,40
79.0,79,48304,CartPole-v1,"CP-ppo-ac-NN(6,6)-(lr=1.0e-5)-(86-params)",classic_NN_6-6,40
11.0,11,48316,CartPole-v1,"CP-ppo-ac-NN(6,6)-(lr=1.0e-5)-(86-params)",classic_NN_6-6,40
25.0,25,48336,CartPole-v1,"CP-ppo-ac-NN(6,6)-(lr=1.0e-5)-(86-params)",classic_NN_6-6,40
61.0,61,48352,CartPole-v1,"CP-ppo-ac-NN(6,6)-(lr=1.0e-5)-(86-params)",classic_NN_6-6,40
15.0,15,48364,CartPole-v1,"CP-ppo-ac-NN(6,6)-(lr=1.0e-5)-(86-params)",classic_NN_6-6,40
14.0,14,48372,CartPole-v1,"CP-ppo-ac-NN(6,6)-(lr=1.0e-5)-(86-params)",classic_NN_6-6,40
21.0,21,48420,CartPole-v1,"CP-ppo-ac-NN(6,6)-(lr=1.0e-5)-(86-params)",classic_NN_6-6,40
13.0,13,48424,CartPole-v1,"CP-ppo-ac-NN(6,6)-(lr=1.0e-5)-(86-params)",classic_NN_6-6,40
23.0,23,48444,CartPole-v1,"CP-ppo-ac-NN(6,6)-(lr=1.0e-5)-(86-params)",classic_NN_6-6,40
32.0,32,48492,CartPole-v1,"CP-ppo-ac-NN(6,6)-(lr=1.0e-5)-(86-params)",classic_NN_6-6,40
13.0,13,48496,CartPole-v1,"CP-ppo-ac-NN(6,6)-(lr=1.0e-5)-(86-params)",classic_NN_6-6,40
28.0,28,48536,CartPole-v1,"CP-ppo-ac-NN(6,6)-(lr=1.0e-5)-(86-params)",classic_NN_6-6,40
36.0,36,48564,CartPole-v1,"CP-ppo-ac-NN(6,6)-(lr=1.0e-5)-(86-params)",classic_NN_6-6,40
22.0,22,48584,CartPole-v1,"CP-ppo-ac-NN(6,6)-(lr=1.0e-5)-(86-params)",classic_NN_6-6,40
25.0,25,48592,CartPole-v1,"CP-ppo-ac-NN(6,6)-(lr=1.0e-5)-(86-params)",classic_NN_6-6,40
11.0,11,48608,CartPole-v1,"CP-ppo-ac-NN(6,6)-(lr=1.0e-5)-(86-params)",classic_NN_6-6,40
25.0,25,48636,CartPole-v1,"CP-ppo-ac-NN(6,6)-(lr=1.0e-5)-(86-params)",classic_NN_6-6,40
15.0,15,48652,CartPole-v1,"CP-ppo-ac-NN(6,6)-(lr=1.0e-5)-(86-params)",classic_NN_6-6,40
25.0,25,48684,CartPole-v1,"CP-ppo-ac-NN(6,6)-(lr=1.0e-5)-(86-params)",classic_NN_6-6,40
13.0,13,48688,CartPole-v1,"CP-ppo-ac-NN(6,6)-(lr=1.0e-5)-(86-params)",classic_NN_6-6,40
20.0,20,48732,CartPole-v1,"CP-ppo-ac-NN(6,6)-(lr=1.0e-5)-(86-params)",classic_NN_6-6,40
35.0,35,48748,CartPole-v1,"CP-ppo-ac-NN(6,6)-(lr=1.0e-5)-(86-params)",classic_NN_6-6,40
13.0,13,48784,CartPole-v1,"CP-ppo-ac-NN(6,6)-(lr=1.0e-5)-(86-params)",classic_NN_6-6,40
26.0,26,48788,CartPole-v1,"CP-ppo-ac-NN(6,6)-(lr=1.0e-5)-(86-params)",classic_NN_6-6,40
27.0,27,48796,CartPole-v1,"CP-ppo-ac-NN(6,6)-(lr=1.0e-5)-(86-params)",classic_NN_6-6,40
18.0,18,48820,CartPole-v1,"CP-ppo-ac-NN(6,6)-(lr=1.0e-5)-(86-params)",classic_NN_6-6,40
22.0,22,48872,CartPole-v1,"CP-ppo-ac-NN(6,6)-(lr=1.0e-5)-(86-params)",classic_NN_6-6,40
27.0,27,48904,CartPole-v1,"CP-ppo-ac-NN(6,6)-(lr=1.0e-5)-(86-params)",classic_NN_6-6,40
38.0,38,48940,CartPole-v1,"CP-ppo-ac-NN(6,6)-(lr=1.0e-5)-(86-params)",classic_NN_6-6,40
34.0,34,48956,CartPole-v1,"CP-ppo-ac-NN(6,6)-(lr=1.0e-5)-(86-params)",classic_NN_6-6,40
27.0,27,48980,CartPole-v1,"CP-ppo-ac-NN(6,6)-(lr=1.0e-5)-(86-params)",classic_NN_6-6,40
14.0,14,49012,CartPole-v1,"CP-ppo-ac-NN(6,6)-(lr=1.0e-5)-(86-params)",classic_NN_6-6,40
21.0,21,49024,CartPole-v1,"CP-ppo-ac-NN(6,6)-(lr=1.0e-5)-(86-params)",classic_NN_6-6,40
34.0,34,49040,CartPole-v1,"CP-ppo-ac-NN(6,6)-(lr=1.0e-5)-(86-params)",classic_NN_6-6,40
23.0,23,49072,CartPole-v1,"CP-ppo-ac-NN(6,6)-(lr=1.0e-5)-(86-params)",classic_NN_6-6,40
18.0,18,49096,CartPole-v1,"CP-ppo-ac-NN(6,6)-(lr=1.0e-5)-(86-params)",classic_NN_6-6,40
25.0,25,49112,CartPole-v1,"CP-ppo-ac-NN(6,6)-(lr=1.0e-5)-(86-params)",classic_NN_6-6,40
26.0,26,49144,CartPole-v1,"CP-ppo-ac-NN(6,6)-(lr=1.0e-5)-(86-params)",classic_NN_6-6,40
13.0,13,49148,CartPole-v1,"CP-ppo-ac-NN(6,6)-(lr=1.0e-5)-(86-params)",classic_NN_6-6,40
16.0,16,49176,CartPole-v1,"CP-ppo-ac-NN(6,6)-(lr=1.0e-5)-(86-params)",classic_NN_6-6,40
29.0,29,49188,CartPole-v1,"CP-ppo-ac-NN(6,6)-(lr=1.0e-5)-(86-params)",classic_NN_6-6,40
15.0,15,49204,CartPole-v1,"CP-ppo-ac-NN(6,6)-(lr=1.0e-5)-(86-params)",classic_NN_6-6,40
24.0,24,49244,CartPole-v1,"CP-ppo-ac-NN(6,6)-(lr=1.0e-5)-(86-params)",classic_NN_6-6,40
16.0,16,49252,CartPole-v1,"CP-ppo-ac-NN(6,6)-(lr=1.0e-5)-(86-params)",classic_NN_6-6,40
32.0,32,49304,CartPole-v1,"CP-ppo-ac-NN(6,6)-(lr=1.0e-5)-(86-params)",classic_NN_6-6,40
35.0,35,49344,CartPole-v1,"CP-ppo-ac-NN(6,6)-(lr=1.0e-5)-(86-params)",classic_NN_6-6,40
14.0,14,49360,CartPole-v1,"CP-ppo-ac-NN(6,6)-(lr=1.0e-5)-(86-params)",classic_NN_6-6,40
31.0,31,49368,CartPole-v1,"CP-ppo-ac-NN(6,6)-(lr=1.0e-5)-(86-params)",classic_NN_6-6,40
25.0,25,49468,CartPole-v1,"CP-ppo-ac-NN(6,6)-(lr=1.0e-5)-(86-params)",classic_NN_6-6,40
36.0,36,49488,CartPole-v1,"CP-ppo-ac-NN(6,6)-(lr=1.0e-5)-(86-params)",classic_NN_6-6,40
63.0,63,49504,CartPole-v1,"CP-ppo-ac-NN(6,6)-(lr=1.0e-5)-(86-params)",classic_NN_6-6,40
45.0,45,49540,CartPole-v1,"CP-ppo-ac-NN(6,6)-(lr=1.0e-5)-(86-params)",classic_NN_6-6,40
16.0,16,49568,CartPole-v1,"CP-ppo-ac-NN(6,6)-(lr=1.0e-5)-(86-params)",classic_NN_6-6,40
26.0,26,49572,CartPole-v1,"CP-ppo-ac-NN(6,6)-(lr=1.0e-5)-(86-params)",classic_NN_6-6,40
29.0,29,49604,CartPole-v1,"CP-ppo-ac-NN(6,6)-(lr=1.0e-5)-(86-params)",classic_NN_6-6,40
11.0,11,49648,CartPole-v1,"CP-ppo-ac-NN(6,6)-(lr=1.0e-5)-(86-params)",classic_NN_6-6,40
28.0,28,49652,CartPole-v1,"CP-ppo-ac-NN(6,6)-(lr=1.0e-5)-(86-params)",classic_NN_6-6,40
43.0,43,49740,CartPole-v1,"CP-ppo-ac-NN(6,6)-(lr=1.0e-5)-(86-params)",classic_NN_6-6,40
44.0,44,49748,CartPole-v1,"CP-ppo-ac-NN(6,6)-(lr=1.0e-5)-(86-params)",classic_NN_6-6,40
35.0,35,49788,CartPole-v1,"CP-ppo-ac-NN(6,6)-(lr=1.0e-5)-(86-params)",classic_NN_6-6,40
14.0,14,49804,CartPole-v1,"CP-ppo-ac-NN(6,6)-(lr=1.0e-5)-(86-params)",classic_NN_6-6,40
21.0,21,49824,CartPole-v1,"CP-ppo-ac-NN(6,6)-(lr=1.0e-5)-(86-params)",classic_NN_6-6,40
47.0,47,49840,CartPole-v1,"CP-ppo-ac-NN(6,6)-(lr=1.0e-5)-(86-params)",classic_NN_6-6,40
10.0,10,49880,CartPole-v1,"CP-ppo-ac-NN(6,6)-(lr=1.0e-5)-(86-params)",classic_NN_6-6,40
22.0,22,49892,CartPole-v1,"CP-ppo-ac-NN(6,6)-(lr=1.0e-5)-(86-params)",classic_NN_6-6,40
18.0,18,49896,CartPole-v1,"CP-ppo-ac-NN(6,6)-(lr=1.0e-5)-(86-params)",classic_NN_6-6,40
28.0,28,49900,CartPole-v1,"CP-ppo-ac-NN(6,6)-(lr=1.0e-5)-(86-params)",classic_NN_6-6,40
14.0,14,49936,CartPole-v1,"CP-ppo-ac-NN(6,6)-(lr=1.0e-5)-(86-params)",classic_NN_6-6,40
12.0,12,49948,CartPole-v1,"CP-ppo-ac-NN(6,6)-(lr=1.0e-5)-(86-params)",classic_NN_6-6,40
17.0,17,49960,CartPole-v1,"CP-ppo-ac-NN(6,6)-(lr=1.0e-5)-(86-params)",classic_NN_6-6,40
10.0,10,49976,CartPole-v1,"CP-ppo-ac-NN(6,6)-(lr=1.0e-5)-(86-params)",classic_NN_6-6,40
26.0,26,50000,CartPole-v1,"CP-ppo-ac-NN(6,6)-(lr=1.0e-5)-(86-params)",classic_NN_6-6,40
21.0,21,50032,CartPole-v1,"CP-ppo-ac-NN(6,6)-(lr=1.0e-5)-(86-params)",classic_NN_6-6,40
18.0,18,50032,CartPole-v1,"CP-ppo-ac-NN(6,6)-(lr=1.0e-5)-(86-params)",classic_NN_6-6,40
15.0,15,50036,CartPole-v1,"CP-ppo-ac-NN(6,6)-(lr=1.0e-5)-(86-params)",classic_NN_6-6,40
18.0,18,50072,CartPole-v1,"CP-ppo-ac-NN(6,6)-(lr=1.0e-5)-(86-params)",classic_NN_6-6,40
11.0,11,50076,CartPole-v1,"CP-ppo-ac-NN(6,6)-(lr=1.0e-5)-(86-params)",classic_NN_6-6,40
15.0,15,50092,CartPole-v1,"CP-ppo-ac-NN(6,6)-(lr=1.0e-5)-(86-params)",classic_NN_6-6,40
10.0,10,50116,CartPole-v1,"CP-ppo-ac-NN(6,6)-(lr=1.0e-5)-(86-params)",classic_NN_6-6,40
11.0,11,50116,CartPole-v1,"CP-ppo-ac-NN(6,6)-(lr=1.0e-5)-(86-params)",classic_NN_6-6,40
22.0,22,50124,CartPole-v1,"CP-ppo-ac-NN(6,6)-(lr=1.0e-5)-(86-params)",classic_NN_6-6,40
23.0,23,50216,CartPole-v1,"CP-ppo-ac-NN(6,6)-(lr=1.0e-5)-(86-params)",classic_NN_6-6,40
36.0,36,50236,CartPole-v1,"CP-ppo-ac-NN(6,6)-(lr=1.0e-5)-(86-params)",classic_NN_6-6,40
11.0,11,50280,CartPole-v1,"CP-ppo-ac-NN(6,6)-(lr=1.0e-5)-(86-params)",classic_NN_6-6,40
19.0,19,50292,CartPole-v1,"CP-ppo-ac-NN(6,6)-(lr=1.0e-5)-(86-params)",classic_NN_6-6,40
9.0,9,50316,CartPole-v1,"CP-ppo-ac-NN(6,6)-(lr=1.0e-5)-(86-params)",classic_NN_6-6,40
57.0,57,50344,CartPole-v1,"CP-ppo-ac-NN(6,6)-(lr=1.0e-5)-(86-params)",classic_NN_6-6,40
62.0,62,50364,CartPole-v1,"CP-ppo-ac-NN(6,6)-(lr=1.0e-5)-(86-params)",classic_NN_6-6,40
19.0,19,50392,CartPole-v1,"CP-ppo-ac-NN(6,6)-(lr=1.0e-5)-(86-params)",classic_NN_6-6,40
12.0,12,50392,CartPole-v1,"CP-ppo-ac-NN(6,6)-(lr=1.0e-5)-(86-params)",classic_NN_6-6,40
26.0,26,50396,CartPole-v1,"CP-ppo-ac-NN(6,6)-(lr=1.0e-5)-(86-params)",classic_NN_6-6,40
15.0,15,50452,CartPole-v1,"CP-ppo-ac-NN(6,6)-(lr=1.0e-5)-(86-params)",classic_NN_6-6,40
18.0,18,50464,CartPole-v1,"CP-ppo-ac-NN(6,6)-(lr=1.0e-5)-(86-params)",classic_NN_6-6,40
34.0,34,50500,CartPole-v1,"CP-ppo-ac-NN(6,6)-(lr=1.0e-5)-(86-params)",classic_NN_6-6,40
13.0,13,50504,CartPole-v1,"CP-ppo-ac-NN(6,6)-(lr=1.0e-5)-(86-params)",classic_NN_6-6,40
18.0,18,50536,CartPole-v1,"CP-ppo-ac-NN(6,6)-(lr=1.0e-5)-(86-params)",classic_NN_6-6,40
41.0,41,50560,CartPole-v1,"CP-ppo-ac-NN(6,6)-(lr=1.0e-5)-(86-params)",classic_NN_6-6,40
11.0,11,50580,CartPole-v1,"CP-ppo-ac-NN(6,6)-(lr=1.0e-5)-(86-params)",classic_NN_6-6,40
20.0,20,50584,CartPole-v1,"CP-ppo-ac-NN(6,6)-(lr=1.0e-5)-(86-params)",classic_NN_6-6,40
12.0,12,50608,CartPole-v1,"CP-ppo-ac-NN(6,6)-(lr=1.0e-5)-(86-params)",classic_NN_6-6,40
18.0,18,50652,CartPole-v1,"CP-ppo-ac-NN(6,6)-(lr=1.0e-5)-(86-params)",classic_NN_6-6,40
12.0,12,50656,CartPole-v1,"CP-ppo-ac-NN(6,6)-(lr=1.0e-5)-(86-params)",classic_NN_6-6,40
32.0,32,50712,CartPole-v1,"CP-ppo-ac-NN(6,6)-(lr=1.0e-5)-(86-params)",classic_NN_6-6,40
53.0,53,50712,CartPole-v1,"CP-ppo-ac-NN(6,6)-(lr=1.0e-5)-(86-params)",classic_NN_6-6,40
19.0,19,50728,CartPole-v1,"CP-ppo-ac-NN(6,6)-(lr=1.0e-5)-(86-params)",classic_NN_6-6,40
13.0,13,50764,CartPole-v1,"CP-ppo-ac-NN(6,6)-(lr=1.0e-5)-(86-params)",classic_NN_6-6,40
18.0,18,50800,CartPole-v1,"CP-ppo-ac-NN(6,6)-(lr=1.0e-5)-(86-params)",classic_NN_6-6,40
41.0,41,50820,CartPole-v1,"CP-ppo-ac-NN(6,6)-(lr=1.0e-5)-(86-params)",classic_NN_6-6,40
35.0,35,50852,CartPole-v1,"CP-ppo-ac-NN(6,6)-(lr=1.0e-5)-(86-params)",classic_NN_6-6,40
23.0,23,50856,CartPole-v1,"CP-ppo-ac-NN(6,6)-(lr=1.0e-5)-(86-params)",classic_NN_6-6,40
21.0,21,50904,CartPole-v1,"CP-ppo-ac-NN(6,6)-(lr=1.0e-5)-(86-params)",classic_NN_6-6,40
23.0,23,50944,CartPole-v1,"CP-ppo-ac-NN(6,6)-(lr=1.0e-5)-(86-params)",classic_NN_6-6,40
38.0,38,50952,CartPole-v1,"CP-ppo-ac-NN(6,6)-(lr=1.0e-5)-(86-params)",classic_NN_6-6,40
13.0,13,51004,CartPole-v1,"CP-ppo-ac-NN(6,6)-(lr=1.0e-5)-(86-params)",classic_NN_6-6,40
22.0,22,51032,CartPole-v1,"CP-ppo-ac-NN(6,6)-(lr=1.0e-5)-(86-params)",classic_NN_6-6,40
35.0,35,51044,CartPole-v1,"CP-ppo-ac-NN(6,6)-(lr=1.0e-5)-(86-params)",classic_NN_6-6,40
49.0,49,51052,CartPole-v1,"CP-ppo-ac-NN(6,6)-(lr=1.0e-5)-(86-params)",classic_NN_6-6,40
14.0,14,51060,CartPole-v1,"CP-ppo-ac-NN(6,6)-(lr=1.0e-5)-(86-params)",classic_NN_6-6,40
10.0,10,51084,CartPole-v1,"CP-ppo-ac-NN(6,6)-(lr=1.0e-5)-(86-params)",classic_NN_6-6,40
27.0,27,51140,CartPole-v1,"CP-ppo-ac-NN(6,6)-(lr=1.0e-5)-(86-params)",classic_NN_6-6,40
38.0,38,51236,CartPole-v1,"CP-ppo-ac-NN(6,6)-(lr=1.0e-5)-(86-params)",classic_NN_6-6,40
52.0,52,51260,CartPole-v1,"CP-ppo-ac-NN(6,6)-(lr=1.0e-5)-(86-params)",classic_NN_6-6,40
45.0,45,51320,CartPole-v1,"CP-ppo-ac-NN(6,6)-(lr=1.0e-5)-(86-params)",classic_NN_6-6,40
14.0,14,51376,CartPole-v1,"CP-ppo-ac-NN(6,6)-(lr=1.0e-5)-(86-params)",classic_NN_6-6,40
39.0,39,51416,CartPole-v1,"CP-ppo-ac-NN(6,6)-(lr=1.0e-5)-(86-params)",classic_NN_6-6,40
45.0,45,51416,CartPole-v1,"CP-ppo-ac-NN(6,6)-(lr=1.0e-5)-(86-params)",classic_NN_6-6,40
13.0,13,51428,CartPole-v1,"CP-ppo-ac-NN(6,6)-(lr=1.0e-5)-(86-params)",classic_NN_6-6,40
9.0,9,51452,CartPole-v1,"CP-ppo-ac-NN(6,6)-(lr=1.0e-5)-(86-params)",classic_NN_6-6,40
17.0,17,51484,CartPole-v1,"CP-ppo-ac-NN(6,6)-(lr=1.0e-5)-(86-params)",classic_NN_6-6,40
13.0,13,51504,CartPole-v1,"CP-ppo-ac-NN(6,6)-(lr=1.0e-5)-(86-params)",classic_NN_6-6,40
117.0,117,51528,CartPole-v1,"CP-ppo-ac-NN(6,6)-(lr=1.0e-5)-(86-params)",classic_NN_6-6,40
12.0,12,51532,CartPole-v1,"CP-ppo-ac-NN(6,6)-(lr=1.0e-5)-(86-params)",classic_NN_6-6,40
33.0,33,51560,CartPole-v1,"CP-ppo-ac-NN(6,6)-(lr=1.0e-5)-(86-params)",classic_NN_6-6,40
13.0,13,51580,CartPole-v1,"CP-ppo-ac-NN(6,6)-(lr=1.0e-5)-(86-params)",classic_NN_6-6,40
20.0,20,51612,CartPole-v1,"CP-ppo-ac-NN(6,6)-(lr=1.0e-5)-(86-params)",classic_NN_6-6,40
28.0,28,51616,CartPole-v1,"CP-ppo-ac-NN(6,6)-(lr=1.0e-5)-(86-params)",classic_NN_6-6,40
15.0,15,51640,CartPole-v1,"CP-ppo-ac-NN(6,6)-(lr=1.0e-5)-(86-params)",classic_NN_6-6,40
27.0,27,51668,CartPole-v1,"CP-ppo-ac-NN(6,6)-(lr=1.0e-5)-(86-params)",classic_NN_6-6,40
22.0,22,51728,CartPole-v1,"CP-ppo-ac-NN(6,6)-(lr=1.0e-5)-(86-params)",classic_NN_6-6,40
17.0,17,51736,CartPole-v1,"CP-ppo-ac-NN(6,6)-(lr=1.0e-5)-(86-params)",classic_NN_6-6,40
38.0,38,51764,CartPole-v1,"CP-ppo-ac-NN(6,6)-(lr=1.0e-5)-(86-params)",classic_NN_6-6,40
38.0,38,51768,CartPole-v1,"CP-ppo-ac-NN(6,6)-(lr=1.0e-5)-(86-params)",classic_NN_6-6,40
13.0,13,51780,CartPole-v1,"CP-ppo-ac-NN(6,6)-(lr=1.0e-5)-(86-params)",classic_NN_6-6,40
14.0,14,51792,CartPole-v1,"CP-ppo-ac-NN(6,6)-(lr=1.0e-5)-(86-params)",classic_NN_6-6,40
11.0,11,51812,CartPole-v1,"CP-ppo-ac-NN(6,6)-(lr=1.0e-5)-(86-params)",classic_NN_6-6,40
13.0,13,51816,CartPole-v1,"CP-ppo-ac-NN(6,6)-(lr=1.0e-5)-(86-params)",classic_NN_6-6,40
9.0,9,51828,CartPole-v1,"CP-ppo-ac-NN(6,6)-(lr=1.0e-5)-(86-params)",classic_NN_6-6,40
15.0,15,51872,CartPole-v1,"CP-ppo-ac-NN(6,6)-(lr=1.0e-5)-(86-params)",classic_NN_6-6,40
24.0,24,51912,CartPole-v1,"CP-ppo-ac-NN(6,6)-(lr=1.0e-5)-(86-params)",classic_NN_6-6,40
36.0,36,51924,CartPole-v1,"CP-ppo-ac-NN(6,6)-(lr=1.0e-5)-(86-params)",classic_NN_6-6,40
17.0,17,51940,CartPole-v1,"CP-ppo-ac-NN(6,6)-(lr=1.0e-5)-(86-params)",classic_NN_6-6,40
16.0,16,51976,CartPole-v1,"CP-ppo-ac-NN(6,6)-(lr=1.0e-5)-(86-params)",classic_NN_6-6,40
50.0,50,52028,CartPole-v1,"CP-ppo-ac-NN(6,6)-(lr=1.0e-5)-(86-params)",classic_NN_6-6,40
13.0,13,52028,CartPole-v1,"CP-ppo-ac-NN(6,6)-(lr=1.0e-5)-(86-params)",classic_NN_6-6,40
27.0,27,52032,CartPole-v1,"CP-ppo-ac-NN(6,6)-(lr=1.0e-5)-(86-params)",classic_NN_6-6,40
31.0,31,52064,CartPole-v1,"CP-ppo-ac-NN(6,6)-(lr=1.0e-5)-(86-params)",classic_NN_6-6,40
16.0,16,52092,CartPole-v1,"CP-ppo-ac-NN(6,6)-(lr=1.0e-5)-(86-params)",classic_NN_6-6,40
18.0,18,52104,CartPole-v1,"CP-ppo-ac-NN(6,6)-(lr=1.0e-5)-(86-params)",classic_NN_6-6,40
25.0,25,52128,CartPole-v1,"CP-ppo-ac-NN(6,6)-(lr=1.0e-5)-(86-params)",classic_NN_6-6,40
25.0,25,52164,CartPole-v1,"CP-ppo-ac-NN(6,6)-(lr=1.0e-5)-(86-params)",classic_NN_6-6,40
19.0,19,52168,CartPole-v1,"CP-ppo-ac-NN(6,6)-(lr=1.0e-5)-(86-params)",classic_NN_6-6,40
25.0,25,52204,CartPole-v1,"CP-ppo-ac-NN(6,6)-(lr=1.0e-5)-(86-params)",classic_NN_6-6,40
24.0,24,52224,CartPole-v1,"CP-ppo-ac-NN(6,6)-(lr=1.0e-5)-(86-params)",classic_NN_6-6,40
18.0,18,52240,CartPole-v1,"CP-ppo-ac-NN(6,6)-(lr=1.0e-5)-(86-params)",classic_NN_6-6,40
14.0,14,52280,CartPole-v1,"CP-ppo-ac-NN(6,6)-(lr=1.0e-5)-(86-params)",classic_NN_6-6,40
22.0,22,52292,CartPole-v1,"CP-ppo-ac-NN(6,6)-(lr=1.0e-5)-(86-params)",classic_NN_6-6,40
18.0,18,52312,CartPole-v1,"CP-ppo-ac-NN(6,6)-(lr=1.0e-5)-(86-params)",classic_NN_6-6,40
38.0,38,52316,CartPole-v1,"CP-ppo-ac-NN(6,6)-(lr=1.0e-5)-(86-params)",classic_NN_6-6,40
12.0,12,52328,CartPole-v1,"CP-ppo-ac-NN(6,6)-(lr=1.0e-5)-(86-params)",classic_NN_6-6,40
10.0,10,52368,CartPole-v1,"CP-ppo-ac-NN(6,6)-(lr=1.0e-5)-(86-params)",classic_NN_6-6,40
22.0,22,52380,CartPole-v1,"CP-ppo-ac-NN(6,6)-(lr=1.0e-5)-(86-params)",classic_NN_6-6,40
22.0,22,52404,CartPole-v1,"CP-ppo-ac-NN(6,6)-(lr=1.0e-5)-(86-params)",classic_NN_6-6,40
12.0,12,52428,CartPole-v1,"CP-ppo-ac-NN(6,6)-(lr=1.0e-5)-(86-params)",classic_NN_6-6,40
20.0,20,52448,CartPole-v1,"CP-ppo-ac-NN(6,6)-(lr=1.0e-5)-(86-params)",classic_NN_6-6,40
36.0,36,52456,CartPole-v1,"CP-ppo-ac-NN(6,6)-(lr=1.0e-5)-(86-params)",classic_NN_6-6,40
11.0,11,52492,CartPole-v1,"CP-ppo-ac-NN(6,6)-(lr=1.0e-5)-(86-params)",classic_NN_6-6,40
18.0,18,52500,CartPole-v1,"CP-ppo-ac-NN(6,6)-(lr=1.0e-5)-(86-params)",classic_NN_6-6,40
18.0,18,52528,CartPole-v1,"CP-ppo-ac-NN(6,6)-(lr=1.0e-5)-(86-params)",classic_NN_6-6,40
10.0,10,52540,CartPole-v1,"CP-ppo-ac-NN(6,6)-(lr=1.0e-5)-(86-params)",classic_NN_6-6,40
20.0,20,52572,CartPole-v1,"CP-ppo-ac-NN(6,6)-(lr=1.0e-5)-(86-params)",classic_NN_6-6,40
11.0,11,52572,CartPole-v1,"CP-ppo-ac-NN(6,6)-(lr=1.0e-5)-(86-params)",classic_NN_6-6,40
44.0,44,52580,CartPole-v1,"CP-ppo-ac-NN(6,6)-(lr=1.0e-5)-(86-params)",classic_NN_6-6,40
22.0,22,52628,CartPole-v1,"CP-ppo-ac-NN(6,6)-(lr=1.0e-5)-(86-params)",classic_NN_6-6,40
16.0,16,52636,CartPole-v1,"CP-ppo-ac-NN(6,6)-(lr=1.0e-5)-(86-params)",classic_NN_6-6,40
16.0,16,52636,CartPole-v1,"CP-ppo-ac-NN(6,6)-(lr=1.0e-5)-(86-params)",classic_NN_6-6,40
16.0,16,52644,CartPole-v1,"CP-ppo-ac-NN(6,6)-(lr=1.0e-5)-(86-params)",classic_NN_6-6,40
11.0,11,52680,CartPole-v1,"CP-ppo-ac-NN(6,6)-(lr=1.0e-5)-(86-params)",classic_NN_6-6,40
20.0,20,52716,CartPole-v1,"CP-ppo-ac-NN(6,6)-(lr=1.0e-5)-(86-params)",classic_NN_6-6,40
19.0,19,52720,CartPole-v1,"CP-ppo-ac-NN(6,6)-(lr=1.0e-5)-(86-params)",classic_NN_6-6,40
12.0,12,52728,CartPole-v1,"CP-ppo-ac-NN(6,6)-(lr=1.0e-5)-(86-params)",classic_NN_6-6,40
18.0,18,52792,CartPole-v1,"CP-ppo-ac-NN(6,6)-(lr=1.0e-5)-(86-params)",classic_NN_6-6,40
49.0,49,52824,CartPole-v1,"CP-ppo-ac-NN(6,6)-(lr=1.0e-5)-(86-params)",classic_NN_6-6,40
27.0,27,52836,CartPole-v1,"CP-ppo-ac-NN(6,6)-(lr=1.0e-5)-(86-params)",classic_NN_6-6,40
30.0,30,52836,CartPole-v1,"CP-ppo-ac-NN(6,6)-(lr=1.0e-5)-(86-params)",classic_NN_6-6,40
25.0,25,52892,CartPole-v1,"CP-ppo-ac-NN(6,6)-(lr=1.0e-5)-(86-params)",classic_NN_6-6,40
27.0,27,52932,CartPole-v1,"CP-ppo-ac-NN(6,6)-(lr=1.0e-5)-(86-params)",classic_NN_6-6,40
15.0,15,52952,CartPole-v1,"CP-ppo-ac-NN(6,6)-(lr=1.0e-5)-(86-params)",classic_NN_6-6,40
29.0,29,52952,CartPole-v1,"CP-ppo-ac-NN(6,6)-(lr=1.0e-5)-(86-params)",classic_NN_6-6,40
32.0,32,52964,CartPole-v1,"CP-ppo-ac-NN(6,6)-(lr=1.0e-5)-(86-params)",classic_NN_6-6,40
12.0,12,53000,CartPole-v1,"CP-ppo-ac-NN(6,6)-(lr=1.0e-5)-(86-params)",classic_NN_6-6,40
14.0,14,53020,CartPole-v1,"CP-ppo-ac-NN(6,6)-(lr=1.0e-5)-(86-params)",classic_NN_6-6,40
19.0,19,53028,CartPole-v1,"CP-ppo-ac-NN(6,6)-(lr=1.0e-5)-(86-params)",classic_NN_6-6,40
10.0,10,53040,CartPole-v1,"CP-ppo-ac-NN(6,6)-(lr=1.0e-5)-(86-params)",classic_NN_6-6,40
15.0,15,53100,CartPole-v1,"CP-ppo-ac-NN(6,6)-(lr=1.0e-5)-(86-params)",classic_NN_6-6,40
22.0,22,53108,CartPole-v1,"CP-ppo-ac-NN(6,6)-(lr=1.0e-5)-(86-params)",classic_NN_6-6,40
32.0,32,53156,CartPole-v1,"CP-ppo-ac-NN(6,6)-(lr=1.0e-5)-(86-params)",classic_NN_6-6,40
56.0,56,53156,CartPole-v1,"CP-ppo-ac-NN(6,6)-(lr=1.0e-5)-(86-params)",classic_NN_6-6,40
13.0,13,53160,CartPole-v1,"CP-ppo-ac-NN(6,6)-(lr=1.0e-5)-(86-params)",classic_NN_6-6,40
26.0,26,53204,CartPole-v1,"CP-ppo-ac-NN(6,6)-(lr=1.0e-5)-(86-params)",classic_NN_6-6,40
16.0,16,53220,CartPole-v1,"CP-ppo-ac-NN(6,6)-(lr=1.0e-5)-(86-params)",classic_NN_6-6,40
18.0,18,53228,CartPole-v1,"CP-ppo-ac-NN(6,6)-(lr=1.0e-5)-(86-params)",classic_NN_6-6,40
20.0,20,53308,CartPole-v1,"CP-ppo-ac-NN(6,6)-(lr=1.0e-5)-(86-params)",classic_NN_6-6,40
44.0,44,53336,CartPole-v1,"CP-ppo-ac-NN(6,6)-(lr=1.0e-5)-(86-params)",classic_NN_6-6,40
12.0,12,53356,CartPole-v1,"CP-ppo-ac-NN(6,6)-(lr=1.0e-5)-(86-params)",classic_NN_6-6,40
40.0,40,53364,CartPole-v1,"CP-ppo-ac-NN(6,6)-(lr=1.0e-5)-(86-params)",classic_NN_6-6,40
13.0,13,53388,CartPole-v1,"CP-ppo-ac-NN(6,6)-(lr=1.0e-5)-(86-params)",classic_NN_6-6,40
42.0,42,53388,CartPole-v1,"CP-ppo-ac-NN(6,6)-(lr=1.0e-5)-(86-params)",classic_NN_6-6,40
13.0,13,53416,CartPole-v1,"CP-ppo-ac-NN(6,6)-(lr=1.0e-5)-(86-params)",classic_NN_6-6,40
20.0,20,53436,CartPole-v1,"CP-ppo-ac-NN(6,6)-(lr=1.0e-5)-(86-params)",classic_NN_6-6,40
24.0,24,53532,CartPole-v1,"CP-ppo-ac-NN(6,6)-(lr=1.0e-5)-(86-params)",classic_NN_6-6,40
51.0,51,53592,CartPole-v1,"CP-ppo-ac-NN(6,6)-(lr=1.0e-5)-(86-params)",classic_NN_6-6,40
46.0,46,53600,CartPole-v1,"CP-ppo-ac-NN(6,6)-(lr=1.0e-5)-(86-params)",classic_NN_6-6,40
53.0,53,53600,CartPole-v1,"CP-ppo-ac-NN(6,6)-(lr=1.0e-5)-(86-params)",classic_NN_6-6,40
28.0,28,53644,CartPole-v1,"CP-ppo-ac-NN(6,6)-(lr=1.0e-5)-(86-params)",classic_NN_6-6,40
20.0,20,53680,CartPole-v1,"CP-ppo-ac-NN(6,6)-(lr=1.0e-5)-(86-params)",classic_NN_6-6,40
10.0,10,53684,CartPole-v1,"CP-ppo-ac-NN(6,6)-(lr=1.0e-5)-(86-params)",classic_NN_6-6,40
25.0,25,53692,CartPole-v1,"CP-ppo-ac-NN(6,6)-(lr=1.0e-5)-(86-params)",classic_NN_6-6,40
10.0,10,53732,CartPole-v1,"CP-ppo-ac-NN(6,6)-(lr=1.0e-5)-(86-params)",classic_NN_6-6,40
18.0,18,53804,CartPole-v1,"CP-ppo-ac-NN(6,6)-(lr=1.0e-5)-(86-params)",classic_NN_6-6,40
32.0,32,53808,CartPole-v1,"CP-ppo-ac-NN(6,6)-(lr=1.0e-5)-(86-params)",classic_NN_6-6,40
60.0,60,53840,CartPole-v1,"CP-ppo-ac-NN(6,6)-(lr=1.0e-5)-(86-params)",classic_NN_6-6,40
11.0,11,53852,CartPole-v1,"CP-ppo-ac-NN(6,6)-(lr=1.0e-5)-(86-params)",classic_NN_6-6,40
23.0,23,53896,CartPole-v1,"CP-ppo-ac-NN(6,6)-(lr=1.0e-5)-(86-params)",classic_NN_6-6,40
19.0,19,53928,CartPole-v1,"CP-ppo-ac-NN(6,6)-(lr=1.0e-5)-(86-params)",classic_NN_6-6,40
64.0,64,53940,CartPole-v1,"CP-ppo-ac-NN(6,6)-(lr=1.0e-5)-(86-params)",classic_NN_6-6,40
14.0,14,53952,CartPole-v1,"CP-ppo-ac-NN(6,6)-(lr=1.0e-5)-(86-params)",classic_NN_6-6,40
25.0,25,54028,CartPole-v1,"CP-ppo-ac-NN(6,6)-(lr=1.0e-5)-(86-params)",classic_NN_6-6,40
26.0,26,54056,CartPole-v1,"CP-ppo-ac-NN(6,6)-(lr=1.0e-5)-(86-params)",classic_NN_6-6,40
29.0,29,54056,CartPole-v1,"CP-ppo-ac-NN(6,6)-(lr=1.0e-5)-(86-params)",classic_NN_6-6,40
54.0,54,54056,CartPole-v1,"CP-ppo-ac-NN(6,6)-(lr=1.0e-5)-(86-params)",classic_NN_6-6,40
20.0,20,54136,CartPole-v1,"CP-ppo-ac-NN(6,6)-(lr=1.0e-5)-(86-params)",classic_NN_6-6,40
29.0,29,54144,CartPole-v1,"CP-ppo-ac-NN(6,6)-(lr=1.0e-5)-(86-params)",classic_NN_6-6,40
13.0,13,54196,CartPole-v1,"CP-ppo-ac-NN(6,6)-(lr=1.0e-5)-(86-params)",classic_NN_6-6,40
16.0,16,54200,CartPole-v1,"CP-ppo-ac-NN(6,6)-(lr=1.0e-5)-(86-params)",classic_NN_6-6,40
40.0,40,54216,CartPole-v1,"CP-ppo-ac-NN(6,6)-(lr=1.0e-5)-(86-params)",classic_NN_6-6,40
47.0,47,54244,CartPole-v1,"CP-ppo-ac-NN(6,6)-(lr=1.0e-5)-(86-params)",classic_NN_6-6,40
13.0,13,54252,CartPole-v1,"CP-ppo-ac-NN(6,6)-(lr=1.0e-5)-(86-params)",classic_NN_6-6,40
14.0,14,54272,CartPole-v1,"CP-ppo-ac-NN(6,6)-(lr=1.0e-5)-(86-params)",classic_NN_6-6,40
20.0,20,54276,CartPole-v1,"CP-ppo-ac-NN(6,6)-(lr=1.0e-5)-(86-params)",classic_NN_6-6,40
11.0,11,54288,CartPole-v1,"CP-ppo-ac-NN(6,6)-(lr=1.0e-5)-(86-params)",classic_NN_6-6,40
10.0,10,54312,CartPole-v1,"CP-ppo-ac-NN(6,6)-(lr=1.0e-5)-(86-params)",classic_NN_6-6,40
12.0,12,54324,CartPole-v1,"CP-ppo-ac-NN(6,6)-(lr=1.0e-5)-(86-params)",classic_NN_6-6,40
16.0,16,54352,CartPole-v1,"CP-ppo-ac-NN(6,6)-(lr=1.0e-5)-(86-params)",classic_NN_6-6,40
15.0,15,54372,CartPole-v1,"CP-ppo-ac-NN(6,6)-(lr=1.0e-5)-(86-params)",classic_NN_6-6,40
10.0,10,54412,CartPole-v1,"CP-ppo-ac-NN(6,6)-(lr=1.0e-5)-(86-params)",classic_NN_6-6,40
28.0,28,54436,CartPole-v1,"CP-ppo-ac-NN(6,6)-(lr=1.0e-5)-(86-params)",classic_NN_6-6,40
26.0,26,54456,CartPole-v1,"CP-ppo-ac-NN(6,6)-(lr=1.0e-5)-(86-params)",classic_NN_6-6,40
53.0,53,54464,CartPole-v1,"CP-ppo-ac-NN(6,6)-(lr=1.0e-5)-(86-params)",classic_NN_6-6,40
15.0,15,54472,CartPole-v1,"CP-ppo-ac-NN(6,6)-(lr=1.0e-5)-(86-params)",classic_NN_6-6,40
11.0,11,54500,CartPole-v1,"CP-ppo-ac-NN(6,6)-(lr=1.0e-5)-(86-params)",classic_NN_6-6,40
20.0,20,54516,CartPole-v1,"CP-ppo-ac-NN(6,6)-(lr=1.0e-5)-(86-params)",classic_NN_6-6,40
12.0,12,54548,CartPole-v1,"CP-ppo-ac-NN(6,6)-(lr=1.0e-5)-(86-params)",classic_NN_6-6,40
24.0,24,54568,CartPole-v1,"CP-ppo-ac-NN(6,6)-(lr=1.0e-5)-(86-params)",classic_NN_6-6,40
29.0,29,54580,CartPole-v1,"CP-ppo-ac-NN(6,6)-(lr=1.0e-5)-(86-params)",classic_NN_6-6,40
21.0,21,54600,CartPole-v1,"CP-ppo-ac-NN(6,6)-(lr=1.0e-5)-(86-params)",classic_NN_6-6,40
14.0,14,54604,CartPole-v1,"CP-ppo-ac-NN(6,6)-(lr=1.0e-5)-(86-params)",classic_NN_6-6,40
12.0,12,54628,CartPole-v1,"CP-ppo-ac-NN(6,6)-(lr=1.0e-5)-(86-params)",classic_NN_6-6,40
15.0,15,54628,CartPole-v1,"CP-ppo-ac-NN(6,6)-(lr=1.0e-5)-(86-params)",classic_NN_6-6,40
20.0,20,54680,CartPole-v1,"CP-ppo-ac-NN(6,6)-(lr=1.0e-5)-(86-params)",classic_NN_6-6,40
23.0,23,54696,CartPole-v1,"CP-ppo-ac-NN(6,6)-(lr=1.0e-5)-(86-params)",classic_NN_6-6,40
24.0,24,54724,CartPole-v1,"CP-ppo-ac-NN(6,6)-(lr=1.0e-5)-(86-params)",classic_NN_6-6,40
18.0,18,54752,CartPole-v1,"CP-ppo-ac-NN(6,6)-(lr=1.0e-5)-(86-params)",classic_NN_6-6,40
14.0,14,54752,CartPole-v1,"CP-ppo-ac-NN(6,6)-(lr=1.0e-5)-(86-params)",classic_NN_6-6,40
11.0,11,54796,CartPole-v1,"CP-ppo-ac-NN(6,6)-(lr=1.0e-5)-(86-params)",classic_NN_6-6,40
12.0,12,54800,CartPole-v1,"CP-ppo-ac-NN(6,6)-(lr=1.0e-5)-(86-params)",classic_NN_6-6,40
48.0,48,54820,CartPole-v1,"CP-ppo-ac-NN(6,6)-(lr=1.0e-5)-(86-params)",classic_NN_6-6,40
18.0,18,54872,CartPole-v1,"CP-ppo-ac-NN(6,6)-(lr=1.0e-5)-(86-params)",classic_NN_6-6,40
19.0,19,54896,CartPole-v1,"CP-ppo-ac-NN(6,6)-(lr=1.0e-5)-(86-params)",classic_NN_6-6,40
34.0,34,54932,CartPole-v1,"CP-ppo-ac-NN(6,6)-(lr=1.0e-5)-(86-params)",classic_NN_6-6,40
52.0,52,54932,CartPole-v1,"CP-ppo-ac-NN(6,6)-(lr=1.0e-5)-(86-params)",classic_NN_6-6,40
11.0,11,54940,CartPole-v1,"CP-ppo-ac-NN(6,6)-(lr=1.0e-5)-(86-params)",classic_NN_6-6,40
9.0,9,54968,CartPole-v1,"CP-ppo-ac-NN(6,6)-(lr=1.0e-5)-(86-params)",classic_NN_6-6,40
9.0,9,54968,CartPole-v1,"CP-ppo-ac-NN(6,6)-(lr=1.0e-5)-(86-params)",classic_NN_6-6,40
35.0,35,55012,CartPole-v1,"CP-ppo-ac-NN(6,6)-(lr=1.0e-5)-(86-params)",classic_NN_6-6,40
25.0,25,55040,CartPole-v1,"CP-ppo-ac-NN(6,6)-(lr=1.0e-5)-(86-params)",classic_NN_6-6,40
19.0,19,55044,CartPole-v1,"CP-ppo-ac-NN(6,6)-(lr=1.0e-5)-(86-params)",classic_NN_6-6,40
31.0,31,55092,CartPole-v1,"CP-ppo-ac-NN(6,6)-(lr=1.0e-5)-(86-params)",classic_NN_6-6,40
15.0,15,55100,CartPole-v1,"CP-ppo-ac-NN(6,6)-(lr=1.0e-5)-(86-params)",classic_NN_6-6,40
23.0,23,55104,CartPole-v1,"CP-ppo-ac-NN(6,6)-(lr=1.0e-5)-(86-params)",classic_NN_6-6,40
18.0,18,55116,CartPole-v1,"CP-ppo-ac-NN(6,6)-(lr=1.0e-5)-(86-params)",classic_NN_6-6,40
12.0,12,55148,CartPole-v1,"CP-ppo-ac-NN(6,6)-(lr=1.0e-5)-(86-params)",classic_NN_6-6,40
21.0,21,55176,CartPole-v1,"CP-ppo-ac-NN(6,6)-(lr=1.0e-5)-(86-params)",classic_NN_6-6,40
22.0,22,55192,CartPole-v1,"CP-ppo-ac-NN(6,6)-(lr=1.0e-5)-(86-params)",classic_NN_6-6,40
12.0,12,55224,CartPole-v1,"CP-ppo-ac-NN(6,6)-(lr=1.0e-5)-(86-params)",classic_NN_6-6,40
20.0,20,55228,CartPole-v1,"CP-ppo-ac-NN(6,6)-(lr=1.0e-5)-(86-params)",classic_NN_6-6,40
30.0,30,55236,CartPole-v1,"CP-ppo-ac-NN(6,6)-(lr=1.0e-5)-(86-params)",classic_NN_6-6,40
12.0,12,55276,CartPole-v1,"CP-ppo-ac-NN(6,6)-(lr=1.0e-5)-(86-params)",classic_NN_6-6,40
14.0,14,55292,CartPole-v1,"CP-ppo-ac-NN(6,6)-(lr=1.0e-5)-(86-params)",classic_NN_6-6,40
26.0,26,55328,CartPole-v1,"CP-ppo-ac-NN(6,6)-(lr=1.0e-5)-(86-params)",classic_NN_6-6,40
14.0,14,55384,CartPole-v1,"CP-ppo-ac-NN(6,6)-(lr=1.0e-5)-(86-params)",classic_NN_6-6,40
35.0,35,55432,CartPole-v1,"CP-ppo-ac-NN(6,6)-(lr=1.0e-5)-(86-params)",classic_NN_6-6,40
40.0,40,55436,CartPole-v1,"CP-ppo-ac-NN(6,6)-(lr=1.0e-5)-(86-params)",classic_NN_6-6,40
16.0,16,55448,CartPole-v1,"CP-ppo-ac-NN(6,6)-(lr=1.0e-5)-(86-params)",classic_NN_6-6,40
16.0,16,55512,CartPole-v1,"CP-ppo-ac-NN(6,6)-(lr=1.0e-5)-(86-params)",classic_NN_6-6,40
24.0,24,55532,CartPole-v1,"CP-ppo-ac-NN(6,6)-(lr=1.0e-5)-(86-params)",classic_NN_6-6,40
26.0,26,55536,CartPole-v1,"CP-ppo-ac-NN(6,6)-(lr=1.0e-5)-(86-params)",classic_NN_6-6,40
88.0,88,55544,CartPole-v1,"CP-ppo-ac-NN(6,6)-(lr=1.0e-5)-(86-params)",classic_NN_6-6,40
19.0,19,55588,CartPole-v1,"CP-ppo-ac-NN(6,6)-(lr=1.0e-5)-(86-params)",classic_NN_6-6,40
14.0,14,55588,CartPole-v1,"CP-ppo-ac-NN(6,6)-(lr=1.0e-5)-(86-params)",classic_NN_6-6,40
16.0,16,55608,CartPole-v1,"CP-ppo-ac-NN(6,6)-(lr=1.0e-5)-(86-params)",classic_NN_6-6,40
18.0,18,55660,CartPole-v1,"CP-ppo-ac-NN(6,6)-(lr=1.0e-5)-(86-params)",classic_NN_6-6,40
15.0,15,55668,CartPole-v1,"CP-ppo-ac-NN(6,6)-(lr=1.0e-5)-(86-params)",classic_NN_6-6,40
41.0,41,55700,CartPole-v1,"CP-ppo-ac-NN(6,6)-(lr=1.0e-5)-(86-params)",classic_NN_6-6,40
30.0,30,55708,CartPole-v1,"CP-ppo-ac-NN(6,6)-(lr=1.0e-5)-(86-params)",classic_NN_6-6,40
20.0,20,55748,CartPole-v1,"CP-ppo-ac-NN(6,6)-(lr=1.0e-5)-(86-params)",classic_NN_6-6,40
13.0,13,55752,CartPole-v1,"CP-ppo-ac-NN(6,6)-(lr=1.0e-5)-(86-params)",classic_NN_6-6,40
22.0,22,55836,CartPole-v1,"CP-ppo-ac-NN(6,6)-(lr=1.0e-5)-(86-params)",classic_NN_6-6,40
47.0,47,55848,CartPole-v1,"CP-ppo-ac-NN(6,6)-(lr=1.0e-5)-(86-params)",classic_NN_6-6,40
41.0,41,55872,CartPole-v1,"CP-ppo-ac-NN(6,6)-(lr=1.0e-5)-(86-params)",classic_NN_6-6,40
15.0,15,55896,CartPole-v1,"CP-ppo-ac-NN(6,6)-(lr=1.0e-5)-(86-params)",classic_NN_6-6,40
37.0,37,55900,CartPole-v1,"CP-ppo-ac-NN(6,6)-(lr=1.0e-5)-(86-params)",classic_NN_6-6,40
12.0,12,55920,CartPole-v1,"CP-ppo-ac-NN(6,6)-(lr=1.0e-5)-(86-params)",classic_NN_6-6,40
9.0,9,55932,CartPole-v1,"CP-ppo-ac-NN(6,6)-(lr=1.0e-5)-(86-params)",classic_NN_6-6,40
14.0,14,55956,CartPole-v1,"CP-ppo-ac-NN(6,6)-(lr=1.0e-5)-(86-params)",classic_NN_6-6,40
31.0,31,55972,CartPole-v1,"CP-ppo-ac-NN(6,6)-(lr=1.0e-5)-(86-params)",classic_NN_6-6,40
19.0,19,56008,CartPole-v1,"CP-ppo-ac-NN(6,6)-(lr=1.0e-5)-(86-params)",classic_NN_6-6,40
16.0,16,56020,CartPole-v1,"CP-ppo-ac-NN(6,6)-(lr=1.0e-5)-(86-params)",classic_NN_6-6,40
13.0,13,56024,CartPole-v1,"CP-ppo-ac-NN(6,6)-(lr=1.0e-5)-(86-params)",classic_NN_6-6,40
30.0,30,56040,CartPole-v1,"CP-ppo-ac-NN(6,6)-(lr=1.0e-5)-(86-params)",classic_NN_6-6,40
8.0,8,56052,CartPole-v1,"CP-ppo-ac-NN(6,6)-(lr=1.0e-5)-(86-params)",classic_NN_6-6,40
15.0,15,56068,CartPole-v1,"CP-ppo-ac-NN(6,6)-(lr=1.0e-5)-(86-params)",classic_NN_6-6,40
15.0,15,56084,CartPole-v1,"CP-ppo-ac-NN(6,6)-(lr=1.0e-5)-(86-params)",classic_NN_6-6,40
21.0,21,56124,CartPole-v1,"CP-ppo-ac-NN(6,6)-(lr=1.0e-5)-(86-params)",classic_NN_6-6,40
14.0,14,56124,CartPole-v1,"CP-ppo-ac-NN(6,6)-(lr=1.0e-5)-(86-params)",classic_NN_6-6,40
21.0,21,56136,CartPole-v1,"CP-ppo-ac-NN(6,6)-(lr=1.0e-5)-(86-params)",classic_NN_6-6,40
18.0,18,56156,CartPole-v1,"CP-ppo-ac-NN(6,6)-(lr=1.0e-5)-(86-params)",classic_NN_6-6,40
11.0,11,56168,CartPole-v1,"CP-ppo-ac-NN(6,6)-(lr=1.0e-5)-(86-params)",classic_NN_6-6,40
14.0,14,56180,CartPole-v1,"CP-ppo-ac-NN(6,6)-(lr=1.0e-5)-(86-params)",classic_NN_6-6,40
12.0,12,56184,CartPole-v1,"CP-ppo-ac-NN(6,6)-(lr=1.0e-5)-(86-params)",classic_NN_6-6,40
15.0,15,56240,CartPole-v1,"CP-ppo-ac-NN(6,6)-(lr=1.0e-5)-(86-params)",classic_NN_6-6,40
18.0,18,56256,CartPole-v1,"CP-ppo-ac-NN(6,6)-(lr=1.0e-5)-(86-params)",classic_NN_6-6,40
27.0,27,56264,CartPole-v1,"CP-ppo-ac-NN(6,6)-(lr=1.0e-5)-(86-params)",classic_NN_6-6,40
16.0,16,56304,CartPole-v1,"CP-ppo-ac-NN(6,6)-(lr=1.0e-5)-(86-params)",classic_NN_6-6,40
14.0,14,56312,CartPole-v1,"CP-ppo-ac-NN(6,6)-(lr=1.0e-5)-(86-params)",classic_NN_6-6,40
36.0,36,56312,CartPole-v1,"CP-ppo-ac-NN(6,6)-(lr=1.0e-5)-(86-params)",classic_NN_6-6,40
16.0,16,56368,CartPole-v1,"CP-ppo-ac-NN(6,6)-(lr=1.0e-5)-(86-params)",classic_NN_6-6,40
16.0,16,56376,CartPole-v1,"CP-ppo-ac-NN(6,6)-(lr=1.0e-5)-(86-params)",classic_NN_6-6,40
42.0,42,56432,CartPole-v1,"CP-ppo-ac-NN(6,6)-(lr=1.0e-5)-(86-params)",classic_NN_6-6,40
19.0,19,56452,CartPole-v1,"CP-ppo-ac-NN(6,6)-(lr=1.0e-5)-(86-params)",classic_NN_6-6,40
27.0,27,56476,CartPole-v1,"CP-ppo-ac-NN(6,6)-(lr=1.0e-5)-(86-params)",classic_NN_6-6,40
13.0,13,56484,CartPole-v1,"CP-ppo-ac-NN(6,6)-(lr=1.0e-5)-(86-params)",classic_NN_6-6,40
13.0,13,56504,CartPole-v1,"CP-ppo-ac-NN(6,6)-(lr=1.0e-5)-(86-params)",classic_NN_6-6,40
12.0,12,56524,CartPole-v1,"CP-ppo-ac-NN(6,6)-(lr=1.0e-5)-(86-params)",classic_NN_6-6,40
11.0,11,56528,CartPole-v1,"CP-ppo-ac-NN(6,6)-(lr=1.0e-5)-(86-params)",classic_NN_6-6,40
10.0,10,56564,CartPole-v1,"CP-ppo-ac-NN(6,6)-(lr=1.0e-5)-(86-params)",classic_NN_6-6,40
16.0,16,56592,CartPole-v1,"CP-ppo-ac-NN(6,6)-(lr=1.0e-5)-(86-params)",classic_NN_6-6,40
16.0,16,56628,CartPole-v1,"CP-ppo-ac-NN(6,6)-(lr=1.0e-5)-(86-params)",classic_NN_6-6,40
35.0,35,56644,CartPole-v1,"CP-ppo-ac-NN(6,6)-(lr=1.0e-5)-(86-params)",classic_NN_6-6,40
89.0,89,56668,CartPole-v1,"CP-ppo-ac-NN(6,6)-(lr=1.0e-5)-(86-params)",classic_NN_6-6,40
9.0,9,56704,CartPole-v1,"CP-ppo-ac-NN(6,6)-(lr=1.0e-5)-(86-params)",classic_NN_6-6,40
17.0,17,56712,CartPole-v1,"CP-ppo-ac-NN(6,6)-(lr=1.0e-5)-(86-params)",classic_NN_6-6,40
39.0,39,56748,CartPole-v1,"CP-ppo-ac-NN(6,6)-(lr=1.0e-5)-(86-params)",classic_NN_6-6,40
41.0,41,56792,CartPole-v1,"CP-ppo-ac-NN(6,6)-(lr=1.0e-5)-(86-params)",classic_NN_6-6,40
27.0,27,56820,CartPole-v1,"CP-ppo-ac-NN(6,6)-(lr=1.0e-5)-(86-params)",classic_NN_6-6,40
30.0,30,56824,CartPole-v1,"CP-ppo-ac-NN(6,6)-(lr=1.0e-5)-(86-params)",classic_NN_6-6,40
10.0,10,56864,CartPole-v1,"CP-ppo-ac-NN(6,6)-(lr=1.0e-5)-(86-params)",classic_NN_6-6,40
30.0,30,56868,CartPole-v1,"CP-ppo-ac-NN(6,6)-(lr=1.0e-5)-(86-params)",classic_NN_6-6,40
14.0,14,56876,CartPole-v1,"CP-ppo-ac-NN(6,6)-(lr=1.0e-5)-(86-params)",classic_NN_6-6,40
13.0,13,56920,CartPole-v1,"CP-ppo-ac-NN(6,6)-(lr=1.0e-5)-(86-params)",classic_NN_6-6,40
36.0,36,56936,CartPole-v1,"CP-ppo-ac-NN(6,6)-(lr=1.0e-5)-(86-params)",classic_NN_6-6,40
10.0,10,56960,CartPole-v1,"CP-ppo-ac-NN(6,6)-(lr=1.0e-5)-(86-params)",classic_NN_6-6,40
26.0,26,56968,CartPole-v1,"CP-ppo-ac-NN(6,6)-(lr=1.0e-5)-(86-params)",classic_NN_6-6,40
27.0,27,56984,CartPole-v1,"CP-ppo-ac-NN(6,6)-(lr=1.0e-5)-(86-params)",classic_NN_6-6,40
18.0,18,57008,CartPole-v1,"CP-ppo-ac-NN(6,6)-(lr=1.0e-5)-(86-params)",classic_NN_6-6,40
17.0,17,57028,CartPole-v1,"CP-ppo-ac-NN(6,6)-(lr=1.0e-5)-(86-params)",classic_NN_6-6,40
15.0,15,57044,CartPole-v1,"CP-ppo-ac-NN(6,6)-(lr=1.0e-5)-(86-params)",classic_NN_6-6,40
25.0,25,57068,CartPole-v1,"CP-ppo-ac-NN(6,6)-(lr=1.0e-5)-(86-params)",classic_NN_6-6,40
13.0,13,57096,CartPole-v1,"CP-ppo-ac-NN(6,6)-(lr=1.0e-5)-(86-params)",classic_NN_6-6,40
26.0,26,57132,CartPole-v1,"CP-ppo-ac-NN(6,6)-(lr=1.0e-5)-(86-params)",classic_NN_6-6,40
32.0,32,57136,CartPole-v1,"CP-ppo-ac-NN(6,6)-(lr=1.0e-5)-(86-params)",classic_NN_6-6,40
30.0,30,57188,CartPole-v1,"CP-ppo-ac-NN(6,6)-(lr=1.0e-5)-(86-params)",classic_NN_6-6,40
37.0,37,57244,CartPole-v1,"CP-ppo-ac-NN(6,6)-(lr=1.0e-5)-(86-params)",classic_NN_6-6,40
42.0,42,57300,CartPole-v1,"CP-ppo-ac-NN(6,6)-(lr=1.0e-5)-(86-params)",classic_NN_6-6,40
47.0,47,57324,CartPole-v1,"CP-ppo-ac-NN(6,6)-(lr=1.0e-5)-(86-params)",classic_NN_6-6,40
35.0,35,57328,CartPole-v1,"CP-ppo-ac-NN(6,6)-(lr=1.0e-5)-(86-params)",classic_NN_6-6,40
34.0,34,57380,CartPole-v1,"CP-ppo-ac-NN(6,6)-(lr=1.0e-5)-(86-params)",classic_NN_6-6,40
24.0,24,57396,CartPole-v1,"CP-ppo-ac-NN(6,6)-(lr=1.0e-5)-(86-params)",classic_NN_6-6,40
19.0,19,57404,CartPole-v1,"CP-ppo-ac-NN(6,6)-(lr=1.0e-5)-(86-params)",classic_NN_6-6,40
37.0,37,57472,CartPole-v1,"CP-ppo-ac-NN(6,6)-(lr=1.0e-5)-(86-params)",classic_NN_6-6,40
24.0,24,57500,CartPole-v1,"CP-ppo-ac-NN(6,6)-(lr=1.0e-5)-(86-params)",classic_NN_6-6,40
30.0,30,57516,CartPole-v1,"CP-ppo-ac-NN(6,6)-(lr=1.0e-5)-(86-params)",classic_NN_6-6,40
42.0,42,57548,CartPole-v1,"CP-ppo-ac-NN(6,6)-(lr=1.0e-5)-(86-params)",classic_NN_6-6,40
19.0,19,57576,CartPole-v1,"CP-ppo-ac-NN(6,6)-(lr=1.0e-5)-(86-params)",classic_NN_6-6,40
16.0,16,57580,CartPole-v1,"CP-ppo-ac-NN(6,6)-(lr=1.0e-5)-(86-params)",classic_NN_6-6,40
33.0,33,57604,CartPole-v1,"CP-ppo-ac-NN(6,6)-(lr=1.0e-5)-(86-params)",classic_NN_6-6,40
9.0,9,57616,CartPole-v1,"CP-ppo-ac-NN(6,6)-(lr=1.0e-5)-(86-params)",classic_NN_6-6,40
23.0,23,57640,CartPole-v1,"CP-ppo-ac-NN(6,6)-(lr=1.0e-5)-(86-params)",classic_NN_6-6,40
29.0,29,57692,CartPole-v1,"CP-ppo-ac-NN(6,6)-(lr=1.0e-5)-(86-params)",classic_NN_6-6,40
34.0,34,57752,CartPole-v1,"CP-ppo-ac-NN(6,6)-(lr=1.0e-5)-(86-params)",classic_NN_6-6,40
32.0,32,57768,CartPole-v1,"CP-ppo-ac-NN(6,6)-(lr=1.0e-5)-(86-params)",classic_NN_6-6,40
22.0,22,57780,CartPole-v1,"CP-ppo-ac-NN(6,6)-(lr=1.0e-5)-(86-params)",classic_NN_6-6,40
52.0,52,57812,CartPole-v1,"CP-ppo-ac-NN(6,6)-(lr=1.0e-5)-(86-params)",classic_NN_6-6,40
17.0,17,57820,CartPole-v1,"CP-ppo-ac-NN(6,6)-(lr=1.0e-5)-(86-params)",classic_NN_6-6,40
27.0,27,57888,CartPole-v1,"CP-ppo-ac-NN(6,6)-(lr=1.0e-5)-(86-params)",classic_NN_6-6,40
20.0,20,57900,CartPole-v1,"CP-ppo-ac-NN(6,6)-(lr=1.0e-5)-(86-params)",classic_NN_6-6,40
38.0,38,57920,CartPole-v1,"CP-ppo-ac-NN(6,6)-(lr=1.0e-5)-(86-params)",classic_NN_6-6,40
31.0,31,57936,CartPole-v1,"CP-ppo-ac-NN(6,6)-(lr=1.0e-5)-(86-params)",classic_NN_6-6,40
14.0,14,57944,CartPole-v1,"CP-ppo-ac-NN(6,6)-(lr=1.0e-5)-(86-params)",classic_NN_6-6,40
19.0,19,58020,CartPole-v1,"CP-ppo-ac-NN(6,6)-(lr=1.0e-5)-(86-params)",classic_NN_6-6,40
25.0,25,58036,CartPole-v1,"CP-ppo-ac-NN(6,6)-(lr=1.0e-5)-(86-params)",classic_NN_6-6,40
31.0,31,58044,CartPole-v1,"CP-ppo-ac-NN(6,6)-(lr=1.0e-5)-(86-params)",classic_NN_6-6,40
13.0,13,58088,CartPole-v1,"CP-ppo-ac-NN(6,6)-(lr=1.0e-5)-(86-params)",classic_NN_6-6,40
12.0,12,58092,CartPole-v1,"CP-ppo-ac-NN(6,6)-(lr=1.0e-5)-(86-params)",classic_NN_6-6,40
19.0,19,58096,CartPole-v1,"CP-ppo-ac-NN(6,6)-(lr=1.0e-5)-(86-params)",classic_NN_6-6,40
55.0,55,58120,CartPole-v1,"CP-ppo-ac-NN(6,6)-(lr=1.0e-5)-(86-params)",classic_NN_6-6,40
16.0,16,58152,CartPole-v1,"CP-ppo-ac-NN(6,6)-(lr=1.0e-5)-(86-params)",classic_NN_6-6,40
19.0,19,58196,CartPole-v1,"CP-ppo-ac-NN(6,6)-(lr=1.0e-5)-(86-params)",classic_NN_6-6,40
27.0,27,58200,CartPole-v1,"CP-ppo-ac-NN(6,6)-(lr=1.0e-5)-(86-params)",classic_NN_6-6,40
27.0,27,58204,CartPole-v1,"CP-ppo-ac-NN(6,6)-(lr=1.0e-5)-(86-params)",classic_NN_6-6,40
17.0,17,58264,CartPole-v1,"CP-ppo-ac-NN(6,6)-(lr=1.0e-5)-(86-params)",classic_NN_6-6,40
21.0,21,58288,CartPole-v1,"CP-ppo-ac-NN(6,6)-(lr=1.0e-5)-(86-params)",classic_NN_6-6,40
35.0,35,58292,CartPole-v1,"CP-ppo-ac-NN(6,6)-(lr=1.0e-5)-(86-params)",classic_NN_6-6,40
10.0,10,58328,CartPole-v1,"CP-ppo-ac-NN(6,6)-(lr=1.0e-5)-(86-params)",classic_NN_6-6,40
23.0,23,58356,CartPole-v1,"CP-ppo-ac-NN(6,6)-(lr=1.0e-5)-(86-params)",classic_NN_6-6,40
51.0,51,58404,CartPole-v1,"CP-ppo-ac-NN(6,6)-(lr=1.0e-5)-(86-params)",classic_NN_6-6,40
37.0,37,58476,CartPole-v1,"CP-ppo-ac-NN(6,6)-(lr=1.0e-5)-(86-params)",classic_NN_6-6,40
19.0,19,58480,CartPole-v1,"CP-ppo-ac-NN(6,6)-(lr=1.0e-5)-(86-params)",classic_NN_6-6,40
49.0,49,58488,CartPole-v1,"CP-ppo-ac-NN(6,6)-(lr=1.0e-5)-(86-params)",classic_NN_6-6,40
41.0,41,58520,CartPole-v1,"CP-ppo-ac-NN(6,6)-(lr=1.0e-5)-(86-params)",classic_NN_6-6,40
13.0,13,58540,CartPole-v1,"CP-ppo-ac-NN(6,6)-(lr=1.0e-5)-(86-params)",classic_NN_6-6,40
20.0,20,58560,CartPole-v1,"CP-ppo-ac-NN(6,6)-(lr=1.0e-5)-(86-params)",classic_NN_6-6,40
23.0,23,58568,CartPole-v1,"CP-ppo-ac-NN(6,6)-(lr=1.0e-5)-(86-params)",classic_NN_6-6,40
21.0,21,58644,CartPole-v1,"CP-ppo-ac-NN(6,6)-(lr=1.0e-5)-(86-params)",classic_NN_6-6,40
35.0,35,58680,CartPole-v1,"CP-ppo-ac-NN(6,6)-(lr=1.0e-5)-(86-params)",classic_NN_6-6,40
38.0,38,58720,CartPole-v1,"CP-ppo-ac-NN(6,6)-(lr=1.0e-5)-(86-params)",classic_NN_6-6,40
21.0,21,58728,CartPole-v1,"CP-ppo-ac-NN(6,6)-(lr=1.0e-5)-(86-params)",classic_NN_6-6,40
12.0,12,58768,CartPole-v1,"CP-ppo-ac-NN(6,6)-(lr=1.0e-5)-(86-params)",classic_NN_6-6,40
66.0,66,58784,CartPole-v1,"CP-ppo-ac-NN(6,6)-(lr=1.0e-5)-(86-params)",classic_NN_6-6,40
26.0,26,58832,CartPole-v1,"CP-ppo-ac-NN(6,6)-(lr=1.0e-5)-(86-params)",classic_NN_6-6,40
12.0,12,58880,CartPole-v1,"CP-ppo-ac-NN(6,6)-(lr=1.0e-5)-(86-params)",classic_NN_6-6,40
25.0,25,58884,CartPole-v1,"CP-ppo-ac-NN(6,6)-(lr=1.0e-5)-(86-params)",classic_NN_6-6,40
14.0,14,58940,CartPole-v1,"CP-ppo-ac-NN(6,6)-(lr=1.0e-5)-(86-params)",classic_NN_6-6,40
17.0,17,58948,CartPole-v1,"CP-ppo-ac-NN(6,6)-(lr=1.0e-5)-(86-params)",classic_NN_6-6,40
71.0,71,58964,CartPole-v1,"CP-ppo-ac-NN(6,6)-(lr=1.0e-5)-(86-params)",classic_NN_6-6,40
49.0,49,58964,CartPole-v1,"CP-ppo-ac-NN(6,6)-(lr=1.0e-5)-(86-params)",classic_NN_6-6,40
11.0,11,58992,CartPole-v1,"CP-ppo-ac-NN(6,6)-(lr=1.0e-5)-(86-params)",classic_NN_6-6,40
13.0,13,59044,CartPole-v1,"CP-ppo-ac-NN(6,6)-(lr=1.0e-5)-(86-params)",classic_NN_6-6,40
20.0,20,59044,CartPole-v1,"CP-ppo-ac-NN(6,6)-(lr=1.0e-5)-(86-params)",classic_NN_6-6,40
23.0,23,59056,CartPole-v1,"CP-ppo-ac-NN(6,6)-(lr=1.0e-5)-(86-params)",classic_NN_6-6,40
10.0,10,59096,CartPole-v1,"CP-ppo-ac-NN(6,6)-(lr=1.0e-5)-(86-params)",classic_NN_6-6,40
15.0,15,59104,CartPole-v1,"CP-ppo-ac-NN(6,6)-(lr=1.0e-5)-(86-params)",classic_NN_6-6,40
44.0,44,59116,CartPole-v1,"CP-ppo-ac-NN(6,6)-(lr=1.0e-5)-(86-params)",classic_NN_6-6,40
31.0,31,59168,CartPole-v1,"CP-ppo-ac-NN(6,6)-(lr=1.0e-5)-(86-params)",classic_NN_6-6,40
15.0,15,59176,CartPole-v1,"CP-ppo-ac-NN(6,6)-(lr=1.0e-5)-(86-params)",classic_NN_6-6,40
26.0,26,59208,CartPole-v1,"CP-ppo-ac-NN(6,6)-(lr=1.0e-5)-(86-params)",classic_NN_6-6,40
37.0,37,59244,CartPole-v1,"CP-ppo-ac-NN(6,6)-(lr=1.0e-5)-(86-params)",classic_NN_6-6,40
14.0,14,59264,CartPole-v1,"CP-ppo-ac-NN(6,6)-(lr=1.0e-5)-(86-params)",classic_NN_6-6,40
23.0,23,59268,CartPole-v1,"CP-ppo-ac-NN(6,6)-(lr=1.0e-5)-(86-params)",classic_NN_6-6,40
25.0,25,59268,CartPole-v1,"CP-ppo-ac-NN(6,6)-(lr=1.0e-5)-(86-params)",classic_NN_6-6,40
15.0,15,59324,CartPole-v1,"CP-ppo-ac-NN(6,6)-(lr=1.0e-5)-(86-params)",classic_NN_6-6,40
16.0,16,59332,CartPole-v1,"CP-ppo-ac-NN(6,6)-(lr=1.0e-5)-(86-params)",classic_NN_6-6,40
19.0,19,59344,CartPole-v1,"CP-ppo-ac-NN(6,6)-(lr=1.0e-5)-(86-params)",classic_NN_6-6,40
27.0,27,59352,CartPole-v1,"CP-ppo-ac-NN(6,6)-(lr=1.0e-5)-(86-params)",classic_NN_6-6,40
13.0,13,59376,CartPole-v1,"CP-ppo-ac-NN(6,6)-(lr=1.0e-5)-(86-params)",classic_NN_6-6,40
12.0,12,59380,CartPole-v1,"CP-ppo-ac-NN(6,6)-(lr=1.0e-5)-(86-params)",classic_NN_6-6,40
20.0,20,59432,CartPole-v1,"CP-ppo-ac-NN(6,6)-(lr=1.0e-5)-(86-params)",classic_NN_6-6,40
26.0,26,59484,CartPole-v1,"CP-ppo-ac-NN(6,6)-(lr=1.0e-5)-(86-params)",classic_NN_6-6,40
35.0,35,59516,CartPole-v1,"CP-ppo-ac-NN(6,6)-(lr=1.0e-5)-(86-params)",classic_NN_6-6,40
48.0,48,59536,CartPole-v1,"CP-ppo-ac-NN(6,6)-(lr=1.0e-5)-(86-params)",classic_NN_6-6,40
11.0,11,59560,CartPole-v1,"CP-ppo-ac-NN(6,6)-(lr=1.0e-5)-(86-params)",classic_NN_6-6,40
22.0,22,59572,CartPole-v1,"CP-ppo-ac-NN(6,6)-(lr=1.0e-5)-(86-params)",classic_NN_6-6,40
13.0,13,59588,CartPole-v1,"CP-ppo-ac-NN(6,6)-(lr=1.0e-5)-(86-params)",classic_NN_6-6,40
12.0,12,59608,CartPole-v1,"CP-ppo-ac-NN(6,6)-(lr=1.0e-5)-(86-params)",classic_NN_6-6,40
48.0,48,59624,CartPole-v1,"CP-ppo-ac-NN(6,6)-(lr=1.0e-5)-(86-params)",classic_NN_6-6,40
15.0,15,59632,CartPole-v1,"CP-ppo-ac-NN(6,6)-(lr=1.0e-5)-(86-params)",classic_NN_6-6,40
22.0,22,59676,CartPole-v1,"CP-ppo-ac-NN(6,6)-(lr=1.0e-5)-(86-params)",classic_NN_6-6,40
20.0,20,59756,CartPole-v1,"CP-ppo-ac-NN(6,6)-(lr=1.0e-5)-(86-params)",classic_NN_6-6,40
44.0,44,59784,CartPole-v1,"CP-ppo-ac-NN(6,6)-(lr=1.0e-5)-(86-params)",classic_NN_6-6,40
40.0,40,59792,CartPole-v1,"CP-ppo-ac-NN(6,6)-(lr=1.0e-5)-(86-params)",classic_NN_6-6,40
16.0,16,59820,CartPole-v1,"CP-ppo-ac-NN(6,6)-(lr=1.0e-5)-(86-params)",classic_NN_6-6,40
17.0,17,59852,CartPole-v1,"CP-ppo-ac-NN(6,6)-(lr=1.0e-5)-(86-params)",classic_NN_6-6,40
66.0,66,59888,CartPole-v1,"CP-ppo-ac-NN(6,6)-(lr=1.0e-5)-(86-params)",classic_NN_6-6,40
28.0,28,59904,CartPole-v1,"CP-ppo-ac-NN(6,6)-(lr=1.0e-5)-(86-params)",classic_NN_6-6,40
15.0,15,59912,CartPole-v1,"CP-ppo-ac-NN(6,6)-(lr=1.0e-5)-(86-params)",classic_NN_6-6,40
38.0,38,59972,CartPole-v1,"CP-ppo-ac-NN(6,6)-(lr=1.0e-5)-(86-params)",classic_NN_6-6,40
18.0,18,59984,CartPole-v1,"CP-ppo-ac-NN(6,6)-(lr=1.0e-5)-(86-params)",classic_NN_6-6,40
24.0,24,60000,CartPole-v1,"CP-ppo-ac-NN(6,6)-(lr=1.0e-5)-(86-params)",classic_NN_6-6,40
30.0,30,60008,CartPole-v1,"CP-ppo-ac-NN(6,6)-(lr=1.0e-5)-(86-params)",classic_NN_6-6,40
13.0,13,60024,CartPole-v1,"CP-ppo-ac-NN(6,6)-(lr=1.0e-5)-(86-params)",classic_NN_6-6,40
18.0,18,60056,CartPole-v1,"CP-ppo-ac-NN(6,6)-(lr=1.0e-5)-(86-params)",classic_NN_6-6,40
17.0,17,60076,CartPole-v1,"CP-ppo-ac-NN(6,6)-(lr=1.0e-5)-(86-params)",classic_NN_6-6,40
18.0,18,60096,CartPole-v1,"CP-ppo-ac-NN(6,6)-(lr=1.0e-5)-(86-params)",classic_NN_6-6,40
25.0,25,60100,CartPole-v1,"CP-ppo-ac-NN(6,6)-(lr=1.0e-5)-(86-params)",classic_NN_6-6,40
12.0,12,60124,CartPole-v1,"CP-ppo-ac-NN(6,6)-(lr=1.0e-5)-(86-params)",classic_NN_6-6,40
25.0,25,60156,CartPole-v1,"CP-ppo-ac-NN(6,6)-(lr=1.0e-5)-(86-params)",classic_NN_6-6,40
16.0,16,60160,CartPole-v1,"CP-ppo-ac-NN(6,6)-(lr=1.0e-5)-(86-params)",classic_NN_6-6,40
19.0,19,60176,CartPole-v1,"CP-ppo-ac-NN(6,6)-(lr=1.0e-5)-(86-params)",classic_NN_6-6,40
12.0,12,60204,CartPole-v1,"CP-ppo-ac-NN(6,6)-(lr=1.0e-5)-(86-params)",classic_NN_6-6,40
16.0,16,60240,CartPole-v1,"CP-ppo-ac-NN(6,6)-(lr=1.0e-5)-(86-params)",classic_NN_6-6,40
32.0,32,60252,CartPole-v1,"CP-ppo-ac-NN(6,6)-(lr=1.0e-5)-(86-params)",classic_NN_6-6,40
25.0,25,60260,CartPole-v1,"CP-ppo-ac-NN(6,6)-(lr=1.0e-5)-(86-params)",classic_NN_6-6,40
23.0,23,60296,CartPole-v1,"CP-ppo-ac-NN(6,6)-(lr=1.0e-5)-(86-params)",classic_NN_6-6,40
14.0,14,60308,CartPole-v1,"CP-ppo-ac-NN(6,6)-(lr=1.0e-5)-(86-params)",classic_NN_6-6,40
20.0,20,60320,CartPole-v1,"CP-ppo-ac-NN(6,6)-(lr=1.0e-5)-(86-params)",classic_NN_6-6,40
9.0,9,60332,CartPole-v1,"CP-ppo-ac-NN(6,6)-(lr=1.0e-5)-(86-params)",classic_NN_6-6,40
15.0,15,60368,CartPole-v1,"CP-ppo-ac-NN(6,6)-(lr=1.0e-5)-(86-params)",classic_NN_6-6,40
16.0,16,60384,CartPole-v1,"CP-ppo-ac-NN(6,6)-(lr=1.0e-5)-(86-params)",classic_NN_6-6,40
16.0,16,60396,CartPole-v1,"CP-ppo-ac-NN(6,6)-(lr=1.0e-5)-(86-params)",classic_NN_6-6,40
18.0,18,60440,CartPole-v1,"CP-ppo-ac-NN(6,6)-(lr=1.0e-5)-(86-params)",classic_NN_6-6,40
46.0,46,60444,CartPole-v1,"CP-ppo-ac-NN(6,6)-(lr=1.0e-5)-(86-params)",classic_NN_6-6,40
18.0,18,60468,CartPole-v1,"CP-ppo-ac-NN(6,6)-(lr=1.0e-5)-(86-params)",classic_NN_6-6,40
28.0,28,60496,CartPole-v1,"CP-ppo-ac-NN(6,6)-(lr=1.0e-5)-(86-params)",classic_NN_6-6,40
29.0,29,60556,CartPole-v1,"CP-ppo-ac-NN(6,6)-(lr=1.0e-5)-(86-params)",classic_NN_6-6,40
26.0,26,60572,CartPole-v1,"CP-ppo-ac-NN(6,6)-(lr=1.0e-5)-(86-params)",classic_NN_6-6,40
37.0,37,60592,CartPole-v1,"CP-ppo-ac-NN(6,6)-(lr=1.0e-5)-(86-params)",classic_NN_6-6,40
21.0,21,60640,CartPole-v1,"CP-ppo-ac-NN(6,6)-(lr=1.0e-5)-(86-params)",classic_NN_6-6,40
27.0,27,60680,CartPole-v1,"CP-ppo-ac-NN(6,6)-(lr=1.0e-5)-(86-params)",classic_NN_6-6,40
14.0,14,60696,CartPole-v1,"CP-ppo-ac-NN(6,6)-(lr=1.0e-5)-(86-params)",classic_NN_6-6,40
27.0,27,60700,CartPole-v1,"CP-ppo-ac-NN(6,6)-(lr=1.0e-5)-(86-params)",classic_NN_6-6,40
54.0,54,60712,CartPole-v1,"CP-ppo-ac-NN(6,6)-(lr=1.0e-5)-(86-params)",classic_NN_6-6,40
20.0,20,60760,CartPole-v1,"CP-ppo-ac-NN(6,6)-(lr=1.0e-5)-(86-params)",classic_NN_6-6,40
11.0,11,60804,CartPole-v1,"CP-ppo-ac-NN(6,6)-(lr=1.0e-5)-(86-params)",classic_NN_6-6,40
29.0,29,60816,CartPole-v1,"CP-ppo-ac-NN(6,6)-(lr=1.0e-5)-(86-params)",classic_NN_6-6,40
45.0,45,60876,CartPole-v1,"CP-ppo-ac-NN(6,6)-(lr=1.0e-5)-(86-params)",classic_NN_6-6,40
19.0,19,60880,CartPole-v1,"CP-ppo-ac-NN(6,6)-(lr=1.0e-5)-(86-params)",classic_NN_6-6,40
54.0,54,60928,CartPole-v1,"CP-ppo-ac-NN(6,6)-(lr=1.0e-5)-(86-params)",classic_NN_6-6,40
29.0,29,60932,CartPole-v1,"CP-ppo-ac-NN(6,6)-(lr=1.0e-5)-(86-params)",classic_NN_6-6,40
15.0,15,60936,CartPole-v1,"CP-ppo-ac-NN(6,6)-(lr=1.0e-5)-(86-params)",classic_NN_6-6,40
12.0,12,60976,CartPole-v1,"CP-ppo-ac-NN(6,6)-(lr=1.0e-5)-(86-params)",classic_NN_6-6,40
23.0,23,61028,CartPole-v1,"CP-ppo-ac-NN(6,6)-(lr=1.0e-5)-(86-params)",classic_NN_6-6,40
39.0,39,61036,CartPole-v1,"CP-ppo-ac-NN(6,6)-(lr=1.0e-5)-(86-params)",classic_NN_6-6,40
30.0,30,61052,CartPole-v1,"CP-ppo-ac-NN(6,6)-(lr=1.0e-5)-(86-params)",classic_NN_6-6,40
19.0,19,61052,CartPole-v1,"CP-ppo-ac-NN(6,6)-(lr=1.0e-5)-(86-params)",classic_NN_6-6,40
14.0,14,61092,CartPole-v1,"CP-ppo-ac-NN(6,6)-(lr=1.0e-5)-(86-params)",classic_NN_6-6,40
28.0,28,61140,CartPole-v1,"CP-ppo-ac-NN(6,6)-(lr=1.0e-5)-(86-params)",classic_NN_6-6,40
27.0,27,61160,CartPole-v1,"CP-ppo-ac-NN(6,6)-(lr=1.0e-5)-(86-params)",classic_NN_6-6,40
26.0,26,61196,CartPole-v1,"CP-ppo-ac-NN(6,6)-(lr=1.0e-5)-(86-params)",classic_NN_6-6,40
24.0,24,61236,CartPole-v1,"CP-ppo-ac-NN(6,6)-(lr=1.0e-5)-(86-params)",classic_NN_6-6,40
24.0,24,61256,CartPole-v1,"CP-ppo-ac-NN(6,6)-(lr=1.0e-5)-(86-params)",classic_NN_6-6,40
10.0,10,61276,CartPole-v1,"CP-ppo-ac-NN(6,6)-(lr=1.0e-5)-(86-params)",classic_NN_6-6,40
22.0,22,61284,CartPole-v1,"CP-ppo-ac-NN(6,6)-(lr=1.0e-5)-(86-params)",classic_NN_6-6,40
62.0,62,61300,CartPole-v1,"CP-ppo-ac-NN(6,6)-(lr=1.0e-5)-(86-params)",classic_NN_6-6,40
13.0,13,61328,CartPole-v1,"CP-ppo-ac-NN(6,6)-(lr=1.0e-5)-(86-params)",classic_NN_6-6,40
19.0,19,61360,CartPole-v1,"CP-ppo-ac-NN(6,6)-(lr=1.0e-5)-(86-params)",classic_NN_6-6,40
37.0,37,61404,CartPole-v1,"CP-ppo-ac-NN(6,6)-(lr=1.0e-5)-(86-params)",classic_NN_6-6,40
13.0,13,61412,CartPole-v1,"CP-ppo-ac-NN(6,6)-(lr=1.0e-5)-(86-params)",classic_NN_6-6,40
23.0,23,61420,CartPole-v1,"CP-ppo-ac-NN(6,6)-(lr=1.0e-5)-(86-params)",classic_NN_6-6,40
34.0,34,61436,CartPole-v1,"CP-ppo-ac-NN(6,6)-(lr=1.0e-5)-(86-params)",classic_NN_6-6,40
14.0,14,61492,CartPole-v1,"CP-ppo-ac-NN(6,6)-(lr=1.0e-5)-(86-params)",classic_NN_6-6,40
20.0,20,61500,CartPole-v1,"CP-ppo-ac-NN(6,6)-(lr=1.0e-5)-(86-params)",classic_NN_6-6,40
26.0,26,61516,CartPole-v1,"CP-ppo-ac-NN(6,6)-(lr=1.0e-5)-(86-params)",classic_NN_6-6,40
37.0,37,61552,CartPole-v1,"CP-ppo-ac-NN(6,6)-(lr=1.0e-5)-(86-params)",classic_NN_6-6,40
23.0,23,61592,CartPole-v1,"CP-ppo-ac-NN(6,6)-(lr=1.0e-5)-(86-params)",classic_NN_6-6,40
25.0,25,61592,CartPole-v1,"CP-ppo-ac-NN(6,6)-(lr=1.0e-5)-(86-params)",classic_NN_6-6,40
13.0,13,61644,CartPole-v1,"CP-ppo-ac-NN(6,6)-(lr=1.0e-5)-(86-params)",classic_NN_6-6,40
14.0,14,61648,CartPole-v1,"CP-ppo-ac-NN(6,6)-(lr=1.0e-5)-(86-params)",classic_NN_6-6,40
25.0,25,61652,CartPole-v1,"CP-ppo-ac-NN(6,6)-(lr=1.0e-5)-(86-params)",classic_NN_6-6,40
47.0,47,61704,CartPole-v1,"CP-ppo-ac-NN(6,6)-(lr=1.0e-5)-(86-params)",classic_NN_6-6,40
21.0,21,61732,CartPole-v1,"CP-ppo-ac-NN(6,6)-(lr=1.0e-5)-(86-params)",classic_NN_6-6,40
24.0,24,61740,CartPole-v1,"CP-ppo-ac-NN(6,6)-(lr=1.0e-5)-(86-params)",classic_NN_6-6,40
22.0,22,61740,CartPole-v1,"CP-ppo-ac-NN(6,6)-(lr=1.0e-5)-(86-params)",classic_NN_6-6,40
12.0,12,61780,CartPole-v1,"CP-ppo-ac-NN(6,6)-(lr=1.0e-5)-(86-params)",classic_NN_6-6,40
23.0,23,61796,CartPole-v1,"CP-ppo-ac-NN(6,6)-(lr=1.0e-5)-(86-params)",classic_NN_6-6,40
22.0,22,61828,CartPole-v1,"CP-ppo-ac-NN(6,6)-(lr=1.0e-5)-(86-params)",classic_NN_6-6,40
23.0,23,61888,CartPole-v1,"CP-ppo-ac-NN(6,6)-(lr=1.0e-5)-(86-params)",classic_NN_6-6,40
29.0,29,61896,CartPole-v1,"CP-ppo-ac-NN(6,6)-(lr=1.0e-5)-(86-params)",classic_NN_6-6,40
22.0,22,61916,CartPole-v1,"CP-ppo-ac-NN(6,6)-(lr=1.0e-5)-(86-params)",classic_NN_6-6,40
47.0,47,61928,CartPole-v1,"CP-ppo-ac-NN(6,6)-(lr=1.0e-5)-(86-params)",classic_NN_6-6,40
11.0,11,61940,CartPole-v1,"CP-ppo-ac-NN(6,6)-(lr=1.0e-5)-(86-params)",classic_NN_6-6,40
13.0,13,61940,CartPole-v1,"CP-ppo-ac-NN(6,6)-(lr=1.0e-5)-(86-params)",classic_NN_6-6,40
13.0,13,61968,CartPole-v1,"CP-ppo-ac-NN(6,6)-(lr=1.0e-5)-(86-params)",classic_NN_6-6,40
19.0,19,62016,CartPole-v1,"CP-ppo-ac-NN(6,6)-(lr=1.0e-5)-(86-params)",classic_NN_6-6,40
20.0,20,62020,CartPole-v1,"CP-ppo-ac-NN(6,6)-(lr=1.0e-5)-(86-params)",classic_NN_6-6,40
28.0,28,62040,CartPole-v1,"CP-ppo-ac-NN(6,6)-(lr=1.0e-5)-(86-params)",classic_NN_6-6,40
19.0,19,62044,CartPole-v1,"CP-ppo-ac-NN(6,6)-(lr=1.0e-5)-(86-params)",classic_NN_6-6,40
21.0,21,62104,CartPole-v1,"CP-ppo-ac-NN(6,6)-(lr=1.0e-5)-(86-params)",classic_NN_6-6,40
25.0,25,62144,CartPole-v1,"CP-ppo-ac-NN(6,6)-(lr=1.0e-5)-(86-params)",classic_NN_6-6,40
10.0,10,62144,CartPole-v1,"CP-ppo-ac-NN(6,6)-(lr=1.0e-5)-(86-params)",classic_NN_6-6,40
43.0,43,62212,CartPole-v1,"CP-ppo-ac-NN(6,6)-(lr=1.0e-5)-(86-params)",classic_NN_6-6,40
27.0,27,62252,CartPole-v1,"CP-ppo-ac-NN(6,6)-(lr=1.0e-5)-(86-params)",classic_NN_6-6,40
61.0,61,62260,CartPole-v1,"CP-ppo-ac-NN(6,6)-(lr=1.0e-5)-(86-params)",classic_NN_6-6,40
30.0,30,62264,CartPole-v1,"CP-ppo-ac-NN(6,6)-(lr=1.0e-5)-(86-params)",classic_NN_6-6,40
20.0,20,62332,CartPole-v1,"CP-ppo-ac-NN(6,6)-(lr=1.0e-5)-(86-params)",classic_NN_6-6,40
27.0,27,62368,CartPole-v1,"CP-ppo-ac-NN(6,6)-(lr=1.0e-5)-(86-params)",classic_NN_6-6,40
40.0,40,62372,CartPole-v1,"CP-ppo-ac-NN(6,6)-(lr=1.0e-5)-(86-params)",classic_NN_6-6,40
33.0,33,62396,CartPole-v1,"CP-ppo-ac-NN(6,6)-(lr=1.0e-5)-(86-params)",classic_NN_6-6,40
19.0,19,62408,CartPole-v1,"CP-ppo-ac-NN(6,6)-(lr=1.0e-5)-(86-params)",classic_NN_6-6,40
12.0,12,62456,CartPole-v1,"CP-ppo-ac-NN(6,6)-(lr=1.0e-5)-(86-params)",classic_NN_6-6,40
22.0,22,62484,CartPole-v1,"CP-ppo-ac-NN(6,6)-(lr=1.0e-5)-(86-params)",classic_NN_6-6,40
33.0,33,62500,CartPole-v1,"CP-ppo-ac-NN(6,6)-(lr=1.0e-5)-(86-params)",classic_NN_6-6,40
19.0,19,62532,CartPole-v1,"CP-ppo-ac-NN(6,6)-(lr=1.0e-5)-(86-params)",classic_NN_6-6,40
13.0,13,62536,CartPole-v1,"CP-ppo-ac-NN(6,6)-(lr=1.0e-5)-(86-params)",classic_NN_6-6,40
43.0,43,62544,CartPole-v1,"CP-ppo-ac-NN(6,6)-(lr=1.0e-5)-(86-params)",classic_NN_6-6,40
17.0,17,62568,CartPole-v1,"CP-ppo-ac-NN(6,6)-(lr=1.0e-5)-(86-params)",classic_NN_6-6,40
15.0,15,62596,CartPole-v1,"CP-ppo-ac-NN(6,6)-(lr=1.0e-5)-(86-params)",classic_NN_6-6,40
13.0,13,62596,CartPole-v1,"CP-ppo-ac-NN(6,6)-(lr=1.0e-5)-(86-params)",classic_NN_6-6,40
20.0,20,62612,CartPole-v1,"CP-ppo-ac-NN(6,6)-(lr=1.0e-5)-(86-params)",classic_NN_6-6,40
12.0,12,62644,CartPole-v1,"CP-ppo-ac-NN(6,6)-(lr=1.0e-5)-(86-params)",classic_NN_6-6,40
20.0,20,62648,CartPole-v1,"CP-ppo-ac-NN(6,6)-(lr=1.0e-5)-(86-params)",classic_NN_6-6,40
15.0,15,62656,CartPole-v1,"CP-ppo-ac-NN(6,6)-(lr=1.0e-5)-(86-params)",classic_NN_6-6,40
13.0,13,62700,CartPole-v1,"CP-ppo-ac-NN(6,6)-(lr=1.0e-5)-(86-params)",classic_NN_6-6,40
17.0,17,62768,CartPole-v1,"CP-ppo-ac-NN(6,6)-(lr=1.0e-5)-(86-params)",classic_NN_6-6,40
40.0,40,62772,CartPole-v1,"CP-ppo-ac-NN(6,6)-(lr=1.0e-5)-(86-params)",classic_NN_6-6,40
39.0,39,62800,CartPole-v1,"CP-ppo-ac-NN(6,6)-(lr=1.0e-5)-(86-params)",classic_NN_6-6,40
10.0,10,62808,CartPole-v1,"CP-ppo-ac-NN(6,6)-(lr=1.0e-5)-(86-params)",classic_NN_6-6,40
39.0,39,62812,CartPole-v1,"CP-ppo-ac-NN(6,6)-(lr=1.0e-5)-(86-params)",classic_NN_6-6,40
30.0,30,62892,CartPole-v1,"CP-ppo-ac-NN(6,6)-(lr=1.0e-5)-(86-params)",classic_NN_6-6,40
23.0,23,62900,CartPole-v1,"CP-ppo-ac-NN(6,6)-(lr=1.0e-5)-(86-params)",classic_NN_6-6,40
38.0,38,62952,CartPole-v1,"CP-ppo-ac-NN(6,6)-(lr=1.0e-5)-(86-params)",classic_NN_6-6,40
39.0,39,62968,CartPole-v1,"CP-ppo-ac-NN(6,6)-(lr=1.0e-5)-(86-params)",classic_NN_6-6,40
20.0,20,62980,CartPole-v1,"CP-ppo-ac-NN(6,6)-(lr=1.0e-5)-(86-params)",classic_NN_6-6,40
14.0,14,63008,CartPole-v1,"CP-ppo-ac-NN(6,6)-(lr=1.0e-5)-(86-params)",classic_NN_6-6,40
18.0,18,63052,CartPole-v1,"CP-ppo-ac-NN(6,6)-(lr=1.0e-5)-(86-params)",classic_NN_6-6,40
44.0,44,63068,CartPole-v1,"CP-ppo-ac-NN(6,6)-(lr=1.0e-5)-(86-params)",classic_NN_6-6,40
27.0,27,63076,CartPole-v1,"CP-ppo-ac-NN(6,6)-(lr=1.0e-5)-(86-params)",classic_NN_6-6,40
20.0,20,63132,CartPole-v1,"CP-ppo-ac-NN(6,6)-(lr=1.0e-5)-(86-params)",classic_NN_6-6,40
31.0,31,63132,CartPole-v1,"CP-ppo-ac-NN(6,6)-(lr=1.0e-5)-(86-params)",classic_NN_6-6,40
19.0,19,63152,CartPole-v1,"CP-ppo-ac-NN(6,6)-(lr=1.0e-5)-(86-params)",classic_NN_6-6,40
30.0,30,63188,CartPole-v1,"CP-ppo-ac-NN(6,6)-(lr=1.0e-5)-(86-params)",classic_NN_6-6,40
17.0,17,63200,CartPole-v1,"CP-ppo-ac-NN(6,6)-(lr=1.0e-5)-(86-params)",classic_NN_6-6,40
18.0,18,63204,CartPole-v1,"CP-ppo-ac-NN(6,6)-(lr=1.0e-5)-(86-params)",classic_NN_6-6,40
20.0,20,63232,CartPole-v1,"CP-ppo-ac-NN(6,6)-(lr=1.0e-5)-(86-params)",classic_NN_6-6,40
15.0,15,63248,CartPole-v1,"CP-ppo-ac-NN(6,6)-(lr=1.0e-5)-(86-params)",classic_NN_6-6,40
17.0,17,63272,CartPole-v1,"CP-ppo-ac-NN(6,6)-(lr=1.0e-5)-(86-params)",classic_NN_6-6,40
21.0,21,63284,CartPole-v1,"CP-ppo-ac-NN(6,6)-(lr=1.0e-5)-(86-params)",classic_NN_6-6,40
9.0,9,63308,CartPole-v1,"CP-ppo-ac-NN(6,6)-(lr=1.0e-5)-(86-params)",classic_NN_6-6,40
23.0,23,63324,CartPole-v1,"CP-ppo-ac-NN(6,6)-(lr=1.0e-5)-(86-params)",classic_NN_6-6,40
15.0,15,63344,CartPole-v1,"CP-ppo-ac-NN(6,6)-(lr=1.0e-5)-(86-params)",classic_NN_6-6,40
25.0,25,63348,CartPole-v1,"CP-ppo-ac-NN(6,6)-(lr=1.0e-5)-(86-params)",classic_NN_6-6,40
12.0,12,63356,CartPole-v1,"CP-ppo-ac-NN(6,6)-(lr=1.0e-5)-(86-params)",classic_NN_6-6,40
36.0,36,63468,CartPole-v1,"CP-ppo-ac-NN(6,6)-(lr=1.0e-5)-(86-params)",classic_NN_6-6,40
33.0,33,63488,CartPole-v1,"CP-ppo-ac-NN(6,6)-(lr=1.0e-5)-(86-params)",classic_NN_6-6,40
37.0,37,63492,CartPole-v1,"CP-ppo-ac-NN(6,6)-(lr=1.0e-5)-(86-params)",classic_NN_6-6,40
37.0,37,63496,CartPole-v1,"CP-ppo-ac-NN(6,6)-(lr=1.0e-5)-(86-params)",classic_NN_6-6,40
12.0,12,63544,CartPole-v1,"CP-ppo-ac-NN(6,6)-(lr=1.0e-5)-(86-params)",classic_NN_6-6,40
16.0,16,63552,CartPole-v1,"CP-ppo-ac-NN(6,6)-(lr=1.0e-5)-(86-params)",classic_NN_6-6,40
14.0,14,63600,CartPole-v1,"CP-ppo-ac-NN(6,6)-(lr=1.0e-5)-(86-params)",classic_NN_6-6,40
29.0,29,63608,CartPole-v1,"CP-ppo-ac-NN(6,6)-(lr=1.0e-5)-(86-params)",classic_NN_6-6,40
35.0,35,63608,CartPole-v1,"CP-ppo-ac-NN(6,6)-(lr=1.0e-5)-(86-params)",classic_NN_6-6,40
20.0,20,63632,CartPole-v1,"CP-ppo-ac-NN(6,6)-(lr=1.0e-5)-(86-params)",classic_NN_6-6,40
13.0,13,63660,CartPole-v1,"CP-ppo-ac-NN(6,6)-(lr=1.0e-5)-(86-params)",classic_NN_6-6,40
15.0,15,63692,CartPole-v1,"CP-ppo-ac-NN(6,6)-(lr=1.0e-5)-(86-params)",classic_NN_6-6,40
11.0,11,63704,CartPole-v1,"CP-ppo-ac-NN(6,6)-(lr=1.0e-5)-(86-params)",classic_NN_6-6,40
26.0,26,63712,CartPole-v1,"CP-ppo-ac-NN(6,6)-(lr=1.0e-5)-(86-params)",classic_NN_6-6,40
9.0,9,63728,CartPole-v1,"CP-ppo-ac-NN(6,6)-(lr=1.0e-5)-(86-params)",classic_NN_6-6,40
35.0,35,63740,CartPole-v1,"CP-ppo-ac-NN(6,6)-(lr=1.0e-5)-(86-params)",classic_NN_6-6,40
13.0,13,63764,CartPole-v1,"CP-ppo-ac-NN(6,6)-(lr=1.0e-5)-(86-params)",classic_NN_6-6,40
14.0,14,63784,CartPole-v1,"CP-ppo-ac-NN(6,6)-(lr=1.0e-5)-(86-params)",classic_NN_6-6,40
25.0,25,63804,CartPole-v1,"CP-ppo-ac-NN(6,6)-(lr=1.0e-5)-(86-params)",classic_NN_6-6,40
12.0,12,63812,CartPole-v1,"CP-ppo-ac-NN(6,6)-(lr=1.0e-5)-(86-params)",classic_NN_6-6,40
13.0,13,63836,CartPole-v1,"CP-ppo-ac-NN(6,6)-(lr=1.0e-5)-(86-params)",classic_NN_6-6,40
11.0,11,63848,CartPole-v1,"CP-ppo-ac-NN(6,6)-(lr=1.0e-5)-(86-params)",classic_NN_6-6,40
15.0,15,63872,CartPole-v1,"CP-ppo-ac-NN(6,6)-(lr=1.0e-5)-(86-params)",classic_NN_6-6,40
12.0,12,63884,CartPole-v1,"CP-ppo-ac-NN(6,6)-(lr=1.0e-5)-(86-params)",classic_NN_6-6,40
42.0,42,63908,CartPole-v1,"CP-ppo-ac-NN(6,6)-(lr=1.0e-5)-(86-params)",classic_NN_6-6,40
10.0,10,63912,CartPole-v1,"CP-ppo-ac-NN(6,6)-(lr=1.0e-5)-(86-params)",classic_NN_6-6,40
18.0,18,63920,CartPole-v1,"CP-ppo-ac-NN(6,6)-(lr=1.0e-5)-(86-params)",classic_NN_6-6,40
11.0,11,63964,CartPole-v1,"CP-ppo-ac-NN(6,6)-(lr=1.0e-5)-(86-params)",classic_NN_6-6,40
29.0,29,64024,CartPole-v1,"CP-ppo-ac-NN(6,6)-(lr=1.0e-5)-(86-params)",classic_NN_6-6,40
16.0,16,64028,CartPole-v1,"CP-ppo-ac-NN(6,6)-(lr=1.0e-5)-(86-params)",classic_NN_6-6,40
44.0,44,64060,CartPole-v1,"CP-ppo-ac-NN(6,6)-(lr=1.0e-5)-(86-params)",classic_NN_6-6,40
11.0,11,64072,CartPole-v1,"CP-ppo-ac-NN(6,6)-(lr=1.0e-5)-(86-params)",classic_NN_6-6,40
12.0,12,64072,CartPole-v1,"CP-ppo-ac-NN(6,6)-(lr=1.0e-5)-(86-params)",classic_NN_6-6,40
42.0,42,64080,CartPole-v1,"CP-ppo-ac-NN(6,6)-(lr=1.0e-5)-(86-params)",classic_NN_6-6,40
18.0,18,64132,CartPole-v1,"CP-ppo-ac-NN(6,6)-(lr=1.0e-5)-(86-params)",classic_NN_6-6,40
16.0,16,64136,CartPole-v1,"CP-ppo-ac-NN(6,6)-(lr=1.0e-5)-(86-params)",classic_NN_6-6,40
17.0,17,64148,CartPole-v1,"CP-ppo-ac-NN(6,6)-(lr=1.0e-5)-(86-params)",classic_NN_6-6,40
23.0,23,64228,CartPole-v1,"CP-ppo-ac-NN(6,6)-(lr=1.0e-5)-(86-params)",classic_NN_6-6,40
24.0,24,64228,CartPole-v1,"CP-ppo-ac-NN(6,6)-(lr=1.0e-5)-(86-params)",classic_NN_6-6,40
24.0,24,64244,CartPole-v1,"CP-ppo-ac-NN(6,6)-(lr=1.0e-5)-(86-params)",classic_NN_6-6,40
45.0,45,64252,CartPole-v1,"CP-ppo-ac-NN(6,6)-(lr=1.0e-5)-(86-params)",classic_NN_6-6,40
9.0,9,64264,CartPole-v1,"CP-ppo-ac-NN(6,6)-(lr=1.0e-5)-(86-params)",classic_NN_6-6,40
19.0,19,64304,CartPole-v1,"CP-ppo-ac-NN(6,6)-(lr=1.0e-5)-(86-params)",classic_NN_6-6,40
18.0,18,64336,CartPole-v1,"CP-ppo-ac-NN(6,6)-(lr=1.0e-5)-(86-params)",classic_NN_6-6,40
17.0,17,64404,CartPole-v1,"CP-ppo-ac-NN(6,6)-(lr=1.0e-5)-(86-params)",classic_NN_6-6,40
26.0,26,64408,CartPole-v1,"CP-ppo-ac-NN(6,6)-(lr=1.0e-5)-(86-params)",classic_NN_6-6,40
45.0,45,64424,CartPole-v1,"CP-ppo-ac-NN(6,6)-(lr=1.0e-5)-(86-params)",classic_NN_6-6,40
45.0,45,64432,CartPole-v1,"CP-ppo-ac-NN(6,6)-(lr=1.0e-5)-(86-params)",classic_NN_6-6,40
20.0,20,64512,CartPole-v1,"CP-ppo-ac-NN(6,6)-(lr=1.0e-5)-(86-params)",classic_NN_6-6,40
31.0,31,64548,CartPole-v1,"CP-ppo-ac-NN(6,6)-(lr=1.0e-5)-(86-params)",classic_NN_6-6,40
43.0,43,64576,CartPole-v1,"CP-ppo-ac-NN(6,6)-(lr=1.0e-5)-(86-params)",classic_NN_6-6,40
26.0,26,64616,CartPole-v1,"CP-ppo-ac-NN(6,6)-(lr=1.0e-5)-(86-params)",classic_NN_6-6,40
21.0,21,64632,CartPole-v1,"CP-ppo-ac-NN(6,6)-(lr=1.0e-5)-(86-params)",classic_NN_6-6,40
58.0,58,64640,CartPole-v1,"CP-ppo-ac-NN(6,6)-(lr=1.0e-5)-(86-params)",classic_NN_6-6,40
21.0,21,64700,CartPole-v1,"CP-ppo-ac-NN(6,6)-(lr=1.0e-5)-(86-params)",classic_NN_6-6,40
23.0,23,64724,CartPole-v1,"CP-ppo-ac-NN(6,6)-(lr=1.0e-5)-(86-params)",classic_NN_6-6,40
9.0,9,64736,CartPole-v1,"CP-ppo-ac-NN(6,6)-(lr=1.0e-5)-(86-params)",classic_NN_6-6,40
45.0,45,64756,CartPole-v1,"CP-ppo-ac-NN(6,6)-(lr=1.0e-5)-(86-params)",classic_NN_6-6,40
32.0,32,64768,CartPole-v1,"CP-ppo-ac-NN(6,6)-(lr=1.0e-5)-(86-params)",classic_NN_6-6,40
16.0,16,64788,CartPole-v1,"CP-ppo-ac-NN(6,6)-(lr=1.0e-5)-(86-params)",classic_NN_6-6,40
11.0,11,64812,CartPole-v1,"CP-ppo-ac-NN(6,6)-(lr=1.0e-5)-(86-params)",classic_NN_6-6,40
18.0,18,64828,CartPole-v1,"CP-ppo-ac-NN(6,6)-(lr=1.0e-5)-(86-params)",classic_NN_6-6,40
16.0,16,64852,CartPole-v1,"CP-ppo-ac-NN(6,6)-(lr=1.0e-5)-(86-params)",classic_NN_6-6,40
15.0,15,64872,CartPole-v1,"CP-ppo-ac-NN(6,6)-(lr=1.0e-5)-(86-params)",classic_NN_6-6,40
13.0,13,64880,CartPole-v1,"CP-ppo-ac-NN(6,6)-(lr=1.0e-5)-(86-params)",classic_NN_6-6,40
15.0,15,64912,CartPole-v1,"CP-ppo-ac-NN(6,6)-(lr=1.0e-5)-(86-params)",classic_NN_6-6,40
10.0,10,64920,CartPole-v1,"CP-ppo-ac-NN(6,6)-(lr=1.0e-5)-(86-params)",classic_NN_6-6,40
47.0,47,64924,CartPole-v1,"CP-ppo-ac-NN(6,6)-(lr=1.0e-5)-(86-params)",classic_NN_6-6,40
9.0,9,64956,CartPole-v1,"CP-ppo-ac-NN(6,6)-(lr=1.0e-5)-(86-params)",classic_NN_6-6,40
9.0,9,64960,CartPole-v1,"CP-ppo-ac-NN(6,6)-(lr=1.0e-5)-(86-params)",classic_NN_6-6,40
37.0,37,65020,CartPole-v1,"CP-ppo-ac-NN(6,6)-(lr=1.0e-5)-(86-params)",classic_NN_6-6,40
29.0,29,65028,CartPole-v1,"CP-ppo-ac-NN(6,6)-(lr=1.0e-5)-(86-params)",classic_NN_6-6,40
18.0,18,65032,CartPole-v1,"CP-ppo-ac-NN(6,6)-(lr=1.0e-5)-(86-params)",classic_NN_6-6,40
28.0,28,65068,CartPole-v1,"CP-ppo-ac-NN(6,6)-(lr=1.0e-5)-(86-params)",classic_NN_6-6,40
26.0,26,65124,CartPole-v1,"CP-ppo-ac-NN(6,6)-(lr=1.0e-5)-(86-params)",classic_NN_6-6,40
27.0,27,65136,CartPole-v1,"CP-ppo-ac-NN(6,6)-(lr=1.0e-5)-(86-params)",classic_NN_6-6,40
24.0,24,65164,CartPole-v1,"CP-ppo-ac-NN(6,6)-(lr=1.0e-5)-(86-params)",classic_NN_6-6,40
37.0,37,65180,CartPole-v1,"CP-ppo-ac-NN(6,6)-(lr=1.0e-5)-(86-params)",classic_NN_6-6,40
13.0,13,65188,CartPole-v1,"CP-ppo-ac-NN(6,6)-(lr=1.0e-5)-(86-params)",classic_NN_6-6,40
27.0,27,65232,CartPole-v1,"CP-ppo-ac-NN(6,6)-(lr=1.0e-5)-(86-params)",classic_NN_6-6,40
14.0,14,65244,CartPole-v1,"CP-ppo-ac-NN(6,6)-(lr=1.0e-5)-(86-params)",classic_NN_6-6,40
22.0,22,65268,CartPole-v1,"CP-ppo-ac-NN(6,6)-(lr=1.0e-5)-(86-params)",classic_NN_6-6,40
12.0,12,65292,CartPole-v1,"CP-ppo-ac-NN(6,6)-(lr=1.0e-5)-(86-params)",classic_NN_6-6,40
33.0,33,65296,CartPole-v1,"CP-ppo-ac-NN(6,6)-(lr=1.0e-5)-(86-params)",classic_NN_6-6,40
24.0,24,65328,CartPole-v1,"CP-ppo-ac-NN(6,6)-(lr=1.0e-5)-(86-params)",classic_NN_6-6,40
23.0,23,65360,CartPole-v1,"CP-ppo-ac-NN(6,6)-(lr=1.0e-5)-(86-params)",classic_NN_6-6,40
33.0,33,65424,CartPole-v1,"CP-ppo-ac-NN(6,6)-(lr=1.0e-5)-(86-params)",classic_NN_6-6,40
26.0,26,65432,CartPole-v1,"CP-ppo-ac-NN(6,6)-(lr=1.0e-5)-(86-params)",classic_NN_6-6,40
34.0,34,65432,CartPole-v1,"CP-ppo-ac-NN(6,6)-(lr=1.0e-5)-(86-params)",classic_NN_6-6,40
20.0,20,65440,CartPole-v1,"CP-ppo-ac-NN(6,6)-(lr=1.0e-5)-(86-params)",classic_NN_6-6,40
14.0,14,65488,CartPole-v1,"CP-ppo-ac-NN(6,6)-(lr=1.0e-5)-(86-params)",classic_NN_6-6,40
18.0,18,65504,CartPole-v1,"CP-ppo-ac-NN(6,6)-(lr=1.0e-5)-(86-params)",classic_NN_6-6,40
19.0,19,65516,CartPole-v1,"CP-ppo-ac-NN(6,6)-(lr=1.0e-5)-(86-params)",classic_NN_6-6,40
32.0,32,65552,CartPole-v1,"CP-ppo-ac-NN(6,6)-(lr=1.0e-5)-(86-params)",classic_NN_6-6,40
17.0,17,65572,CartPole-v1,"CP-ppo-ac-NN(6,6)-(lr=1.0e-5)-(86-params)",classic_NN_6-6,40
19.0,19,65592,CartPole-v1,"CP-ppo-ac-NN(6,6)-(lr=1.0e-5)-(86-params)",classic_NN_6-6,40
12.0,12,65600,CartPole-v1,"CP-ppo-ac-NN(6,6)-(lr=1.0e-5)-(86-params)",classic_NN_6-6,40
34.0,34,65624,CartPole-v1,"CP-ppo-ac-NN(6,6)-(lr=1.0e-5)-(86-params)",classic_NN_6-6,40
24.0,24,65668,CartPole-v1,"CP-ppo-ac-NN(6,6)-(lr=1.0e-5)-(86-params)",classic_NN_6-6,40
13.0,13,65676,CartPole-v1,"CP-ppo-ac-NN(6,6)-(lr=1.0e-5)-(86-params)",classic_NN_6-6,40
22.0,22,65688,CartPole-v1,"CP-ppo-ac-NN(6,6)-(lr=1.0e-5)-(86-params)",classic_NN_6-6,40
26.0,26,65696,CartPole-v1,"CP-ppo-ac-NN(6,6)-(lr=1.0e-5)-(86-params)",classic_NN_6-6,40
23.0,23,65768,CartPole-v1,"CP-ppo-ac-NN(6,6)-(lr=1.0e-5)-(86-params)",classic_NN_6-6,40
28.0,28,65780,CartPole-v1,"CP-ppo-ac-NN(6,6)-(lr=1.0e-5)-(86-params)",classic_NN_6-6,40
24.0,24,65784,CartPole-v1,"CP-ppo-ac-NN(6,6)-(lr=1.0e-5)-(86-params)",classic_NN_6-6,40
17.0,17,65836,CartPole-v1,"CP-ppo-ac-NN(6,6)-(lr=1.0e-5)-(86-params)",classic_NN_6-6,40
14.0,14,65840,CartPole-v1,"CP-ppo-ac-NN(6,6)-(lr=1.0e-5)-(86-params)",classic_NN_6-6,40
15.0,15,65840,CartPole-v1,"CP-ppo-ac-NN(6,6)-(lr=1.0e-5)-(86-params)",classic_NN_6-6,40
49.0,49,65892,CartPole-v1,"CP-ppo-ac-NN(6,6)-(lr=1.0e-5)-(86-params)",classic_NN_6-6,40
25.0,25,65936,CartPole-v1,"CP-ppo-ac-NN(6,6)-(lr=1.0e-5)-(86-params)",classic_NN_6-6,40
25.0,25,65940,CartPole-v1,"CP-ppo-ac-NN(6,6)-(lr=1.0e-5)-(86-params)",classic_NN_6-6,40
12.0,12,65984,CartPole-v1,"CP-ppo-ac-NN(6,6)-(lr=1.0e-5)-(86-params)",classic_NN_6-6,40
29.0,29,66008,CartPole-v1,"CP-ppo-ac-NN(6,6)-(lr=1.0e-5)-(86-params)",classic_NN_6-6,40
20.0,20,66020,CartPole-v1,"CP-ppo-ac-NN(6,6)-(lr=1.0e-5)-(86-params)",classic_NN_6-6,40
9.0,9,66020,CartPole-v1,"CP-ppo-ac-NN(6,6)-(lr=1.0e-5)-(86-params)",classic_NN_6-6,40
46.0,46,66024,CartPole-v1,"CP-ppo-ac-NN(6,6)-(lr=1.0e-5)-(86-params)",classic_NN_6-6,40
15.0,15,66084,CartPole-v1,"CP-ppo-ac-NN(6,6)-(lr=1.0e-5)-(86-params)",classic_NN_6-6,40
21.0,21,66092,CartPole-v1,"CP-ppo-ac-NN(6,6)-(lr=1.0e-5)-(86-params)",classic_NN_6-6,40
19.0,19,66096,CartPole-v1,"CP-ppo-ac-NN(6,6)-(lr=1.0e-5)-(86-params)",classic_NN_6-6,40
13.0,13,66144,CartPole-v1,"CP-ppo-ac-NN(6,6)-(lr=1.0e-5)-(86-params)",classic_NN_6-6,40
35.0,35,66160,CartPole-v1,"CP-ppo-ac-NN(6,6)-(lr=1.0e-5)-(86-params)",classic_NN_6-6,40
18.0,18,66168,CartPole-v1,"CP-ppo-ac-NN(6,6)-(lr=1.0e-5)-(86-params)",classic_NN_6-6,40
29.0,29,66200,CartPole-v1,"CP-ppo-ac-NN(6,6)-(lr=1.0e-5)-(86-params)",classic_NN_6-6,40
14.0,14,66200,CartPole-v1,"CP-ppo-ac-NN(6,6)-(lr=1.0e-5)-(86-params)",classic_NN_6-6,40
16.0,16,66224,CartPole-v1,"CP-ppo-ac-NN(6,6)-(lr=1.0e-5)-(86-params)",classic_NN_6-6,40
14.0,14,66280,CartPole-v1,"CP-ppo-ac-NN(6,6)-(lr=1.0e-5)-(86-params)",classic_NN_6-6,40
39.0,39,66324,CartPole-v1,"CP-ppo-ac-NN(6,6)-(lr=1.0e-5)-(86-params)",classic_NN_6-6,40
44.0,44,66376,CartPole-v1,"CP-ppo-ac-NN(6,6)-(lr=1.0e-5)-(86-params)",classic_NN_6-6,40
24.0,24,66376,CartPole-v1,"CP-ppo-ac-NN(6,6)-(lr=1.0e-5)-(86-params)",classic_NN_6-6,40
46.0,46,66384,CartPole-v1,"CP-ppo-ac-NN(6,6)-(lr=1.0e-5)-(86-params)",classic_NN_6-6,40
19.0,19,66400,CartPole-v1,"CP-ppo-ac-NN(6,6)-(lr=1.0e-5)-(86-params)",classic_NN_6-6,40
10.0,10,66416,CartPole-v1,"CP-ppo-ac-NN(6,6)-(lr=1.0e-5)-(86-params)",classic_NN_6-6,40
12.0,12,66424,CartPole-v1,"CP-ppo-ac-NN(6,6)-(lr=1.0e-5)-(86-params)",classic_NN_6-6,40
16.0,16,66448,CartPole-v1,"CP-ppo-ac-NN(6,6)-(lr=1.0e-5)-(86-params)",classic_NN_6-6,40
17.0,17,66484,CartPole-v1,"CP-ppo-ac-NN(6,6)-(lr=1.0e-5)-(86-params)",classic_NN_6-6,40
26.0,26,66504,CartPole-v1,"CP-ppo-ac-NN(6,6)-(lr=1.0e-5)-(86-params)",classic_NN_6-6,40
9.0,9,66520,CartPole-v1,"CP-ppo-ac-NN(6,6)-(lr=1.0e-5)-(86-params)",classic_NN_6-6,40
30.0,30,66544,CartPole-v1,"CP-ppo-ac-NN(6,6)-(lr=1.0e-5)-(86-params)",classic_NN_6-6,40
11.0,11,66548,CartPole-v1,"CP-ppo-ac-NN(6,6)-(lr=1.0e-5)-(86-params)",classic_NN_6-6,40
26.0,26,66552,CartPole-v1,"CP-ppo-ac-NN(6,6)-(lr=1.0e-5)-(86-params)",classic_NN_6-6,40
16.0,16,66608,CartPole-v1,"CP-ppo-ac-NN(6,6)-(lr=1.0e-5)-(86-params)",classic_NN_6-6,40
19.0,19,66628,CartPole-v1,"CP-ppo-ac-NN(6,6)-(lr=1.0e-5)-(86-params)",classic_NN_6-6,40
21.0,21,66632,CartPole-v1,"CP-ppo-ac-NN(6,6)-(lr=1.0e-5)-(86-params)",classic_NN_6-6,40
35.0,35,66660,CartPole-v1,"CP-ppo-ac-NN(6,6)-(lr=1.0e-5)-(86-params)",classic_NN_6-6,40
10.0,10,66668,CartPole-v1,"CP-ppo-ac-NN(6,6)-(lr=1.0e-5)-(86-params)",classic_NN_6-6,40
19.0,19,66684,CartPole-v1,"CP-ppo-ac-NN(6,6)-(lr=1.0e-5)-(86-params)",classic_NN_6-6,40
15.0,15,66692,CartPole-v1,"CP-ppo-ac-NN(6,6)-(lr=1.0e-5)-(86-params)",classic_NN_6-6,40
16.0,16,66724,CartPole-v1,"CP-ppo-ac-NN(6,6)-(lr=1.0e-5)-(86-params)",classic_NN_6-6,40
13.0,13,66744,CartPole-v1,"CP-ppo-ac-NN(6,6)-(lr=1.0e-5)-(86-params)",classic_NN_6-6,40
19.0,19,66800,CartPole-v1,"CP-ppo-ac-NN(6,6)-(lr=1.0e-5)-(86-params)",classic_NN_6-6,40
14.0,14,66800,CartPole-v1,"CP-ppo-ac-NN(6,6)-(lr=1.0e-5)-(86-params)",classic_NN_6-6,40
37.0,37,66816,CartPole-v1,"CP-ppo-ac-NN(6,6)-(lr=1.0e-5)-(86-params)",classic_NN_6-6,40
42.0,42,66852,CartPole-v1,"CP-ppo-ac-NN(6,6)-(lr=1.0e-5)-(86-params)",classic_NN_6-6,40
14.0,14,66856,CartPole-v1,"CP-ppo-ac-NN(6,6)-(lr=1.0e-5)-(86-params)",classic_NN_6-6,40
12.0,12,66864,CartPole-v1,"CP-ppo-ac-NN(6,6)-(lr=1.0e-5)-(86-params)",classic_NN_6-6,40
19.0,19,66876,CartPole-v1,"CP-ppo-ac-NN(6,6)-(lr=1.0e-5)-(86-params)",classic_NN_6-6,40
14.0,14,66912,CartPole-v1,"CP-ppo-ac-NN(6,6)-(lr=1.0e-5)-(86-params)",classic_NN_6-6,40
10.0,10,66952,CartPole-v1,"CP-ppo-ac-NN(6,6)-(lr=1.0e-5)-(86-params)",classic_NN_6-6,40
28.0,28,66976,CartPole-v1,"CP-ppo-ac-NN(6,6)-(lr=1.0e-5)-(86-params)",classic_NN_6-6,40
33.0,33,66984,CartPole-v1,"CP-ppo-ac-NN(6,6)-(lr=1.0e-5)-(86-params)",classic_NN_6-6,40
10.0,10,66992,CartPole-v1,"CP-ppo-ac-NN(6,6)-(lr=1.0e-5)-(86-params)",classic_NN_6-6,40
30.0,30,66996,CartPole-v1,"CP-ppo-ac-NN(6,6)-(lr=1.0e-5)-(86-params)",classic_NN_6-6,40
24.0,24,67080,CartPole-v1,"CP-ppo-ac-NN(6,6)-(lr=1.0e-5)-(86-params)",classic_NN_6-6,40
27.0,27,67100,CartPole-v1,"CP-ppo-ac-NN(6,6)-(lr=1.0e-5)-(86-params)",classic_NN_6-6,40
13.0,13,67152,CartPole-v1,"CP-ppo-ac-NN(6,6)-(lr=1.0e-5)-(86-params)",classic_NN_6-6,40
26.0,26,67184,CartPole-v1,"CP-ppo-ac-NN(6,6)-(lr=1.0e-5)-(86-params)",classic_NN_6-6,40
13.0,13,67204,CartPole-v1,"CP-ppo-ac-NN(6,6)-(lr=1.0e-5)-(86-params)",classic_NN_6-6,40
58.0,58,67208,CartPole-v1,"CP-ppo-ac-NN(6,6)-(lr=1.0e-5)-(86-params)",classic_NN_6-6,40
56.0,56,67220,CartPole-v1,"CP-ppo-ac-NN(6,6)-(lr=1.0e-5)-(86-params)",classic_NN_6-6,40
18.0,18,67276,CartPole-v1,"CP-ppo-ac-NN(6,6)-(lr=1.0e-5)-(86-params)",classic_NN_6-6,40
18.0,18,67280,CartPole-v1,"CP-ppo-ac-NN(6,6)-(lr=1.0e-5)-(86-params)",classic_NN_6-6,40
18.0,18,67292,CartPole-v1,"CP-ppo-ac-NN(6,6)-(lr=1.0e-5)-(86-params)",classic_NN_6-6,40
33.0,33,67316,CartPole-v1,"CP-ppo-ac-NN(6,6)-(lr=1.0e-5)-(86-params)",classic_NN_6-6,40
13.0,13,67344,CartPole-v1,"CP-ppo-ac-NN(6,6)-(lr=1.0e-5)-(86-params)",classic_NN_6-6,40
18.0,18,67348,CartPole-v1,"CP-ppo-ac-NN(6,6)-(lr=1.0e-5)-(86-params)",classic_NN_6-6,40
21.0,21,67364,CartPole-v1,"CP-ppo-ac-NN(6,6)-(lr=1.0e-5)-(86-params)",classic_NN_6-6,40
13.0,13,67368,CartPole-v1,"CP-ppo-ac-NN(6,6)-(lr=1.0e-5)-(86-params)",classic_NN_6-6,40
13.0,13,67416,CartPole-v1,"CP-ppo-ac-NN(6,6)-(lr=1.0e-5)-(86-params)",classic_NN_6-6,40
20.0,20,67428,CartPole-v1,"CP-ppo-ac-NN(6,6)-(lr=1.0e-5)-(86-params)",classic_NN_6-6,40
15.0,15,67488,CartPole-v1,"CP-ppo-ac-NN(6,6)-(lr=1.0e-5)-(86-params)",classic_NN_6-6,40
31.0,31,67492,CartPole-v1,"CP-ppo-ac-NN(6,6)-(lr=1.0e-5)-(86-params)",classic_NN_6-6,40
21.0,21,67500,CartPole-v1,"CP-ppo-ac-NN(6,6)-(lr=1.0e-5)-(86-params)",classic_NN_6-6,40
10.0,10,67528,CartPole-v1,"CP-ppo-ac-NN(6,6)-(lr=1.0e-5)-(86-params)",classic_NN_6-6,40
10.0,10,67532,CartPole-v1,"CP-ppo-ac-NN(6,6)-(lr=1.0e-5)-(86-params)",classic_NN_6-6,40
57.0,57,67572,CartPole-v1,"CP-ppo-ac-NN(6,6)-(lr=1.0e-5)-(86-params)",classic_NN_6-6,40
32.0,32,67628,CartPole-v1,"CP-ppo-ac-NN(6,6)-(lr=1.0e-5)-(86-params)",classic_NN_6-6,40
30.0,30,67648,CartPole-v1,"CP-ppo-ac-NN(6,6)-(lr=1.0e-5)-(86-params)",classic_NN_6-6,40
21.0,21,67656,CartPole-v1,"CP-ppo-ac-NN(6,6)-(lr=1.0e-5)-(86-params)",classic_NN_6-6,40
11.0,11,67672,CartPole-v1,"CP-ppo-ac-NN(6,6)-(lr=1.0e-5)-(86-params)",classic_NN_6-6,40
39.0,39,67688,CartPole-v1,"CP-ppo-ac-NN(6,6)-(lr=1.0e-5)-(86-params)",classic_NN_6-6,40
10.0,10,67696,CartPole-v1,"CP-ppo-ac-NN(6,6)-(lr=1.0e-5)-(86-params)",classic_NN_6-6,40
21.0,21,67732,CartPole-v1,"CP-ppo-ac-NN(6,6)-(lr=1.0e-5)-(86-params)",classic_NN_6-6,40
25.0,25,67772,CartPole-v1,"CP-ppo-ac-NN(6,6)-(lr=1.0e-5)-(86-params)",classic_NN_6-6,40
25.0,25,67788,CartPole-v1,"CP-ppo-ac-NN(6,6)-(lr=1.0e-5)-(86-params)",classic_NN_6-6,40
36.0,36,67876,CartPole-v1,"CP-ppo-ac-NN(6,6)-(lr=1.0e-5)-(86-params)",classic_NN_6-6,40
25.0,25,67888,CartPole-v1,"CP-ppo-ac-NN(6,6)-(lr=1.0e-5)-(86-params)",classic_NN_6-6,40
52.0,52,67904,CartPole-v1,"CP-ppo-ac-NN(6,6)-(lr=1.0e-5)-(86-params)",classic_NN_6-6,40
15.0,15,67936,CartPole-v1,"CP-ppo-ac-NN(6,6)-(lr=1.0e-5)-(86-params)",classic_NN_6-6,40
41.0,41,67936,CartPole-v1,"CP-ppo-ac-NN(6,6)-(lr=1.0e-5)-(86-params)",classic_NN_6-6,40
14.0,14,67944,CartPole-v1,"CP-ppo-ac-NN(6,6)-(lr=1.0e-5)-(86-params)",classic_NN_6-6,40
9.0,9,67972,CartPole-v1,"CP-ppo-ac-NN(6,6)-(lr=1.0e-5)-(86-params)",classic_NN_6-6,40
14.0,14,68000,CartPole-v1,"CP-ppo-ac-NN(6,6)-(lr=1.0e-5)-(86-params)",classic_NN_6-6,40
19.0,19,68048,CartPole-v1,"CP-ppo-ac-NN(6,6)-(lr=1.0e-5)-(86-params)",classic_NN_6-6,40
33.0,33,68068,CartPole-v1,"CP-ppo-ac-NN(6,6)-(lr=1.0e-5)-(86-params)",classic_NN_6-6,40
23.0,23,68092,CartPole-v1,"CP-ppo-ac-NN(6,6)-(lr=1.0e-5)-(86-params)",classic_NN_6-6,40
12.0,12,68096,CartPole-v1,"CP-ppo-ac-NN(6,6)-(lr=1.0e-5)-(86-params)",classic_NN_6-6,40
51.0,51,68108,CartPole-v1,"CP-ppo-ac-NN(6,6)-(lr=1.0e-5)-(86-params)",classic_NN_6-6,40
15.0,15,68128,CartPole-v1,"CP-ppo-ac-NN(6,6)-(lr=1.0e-5)-(86-params)",classic_NN_6-6,40
17.0,17,68164,CartPole-v1,"CP-ppo-ac-NN(6,6)-(lr=1.0e-5)-(86-params)",classic_NN_6-6,40
13.0,13,68180,CartPole-v1,"CP-ppo-ac-NN(6,6)-(lr=1.0e-5)-(86-params)",classic_NN_6-6,40
28.0,28,68204,CartPole-v1,"CP-ppo-ac-NN(6,6)-(lr=1.0e-5)-(86-params)",classic_NN_6-6,40
16.0,16,68228,CartPole-v1,"CP-ppo-ac-NN(6,6)-(lr=1.0e-5)-(86-params)",classic_NN_6-6,40
15.0,15,68264,CartPole-v1,"CP-ppo-ac-NN(6,6)-(lr=1.0e-5)-(86-params)",classic_NN_6-6,40
12.0,12,68276,CartPole-v1,"CP-ppo-ac-NN(6,6)-(lr=1.0e-5)-(86-params)",classic_NN_6-6,40
26.0,26,68284,CartPole-v1,"CP-ppo-ac-NN(6,6)-(lr=1.0e-5)-(86-params)",classic_NN_6-6,40
49.0,49,68304,CartPole-v1,"CP-ppo-ac-NN(6,6)-(lr=1.0e-5)-(86-params)",classic_NN_6-6,40
22.0,22,68364,CartPole-v1,"CP-ppo-ac-NN(6,6)-(lr=1.0e-5)-(86-params)",classic_NN_6-6,40
22.0,22,68372,CartPole-v1,"CP-ppo-ac-NN(6,6)-(lr=1.0e-5)-(86-params)",classic_NN_6-6,40
32.0,32,68392,CartPole-v1,"CP-ppo-ac-NN(6,6)-(lr=1.0e-5)-(86-params)",classic_NN_6-6,40
22.0,22,68392,CartPole-v1,"CP-ppo-ac-NN(6,6)-(lr=1.0e-5)-(86-params)",classic_NN_6-6,40
15.0,15,68452,CartPole-v1,"CP-ppo-ac-NN(6,6)-(lr=1.0e-5)-(86-params)",classic_NN_6-6,40
29.0,29,68480,CartPole-v1,"CP-ppo-ac-NN(6,6)-(lr=1.0e-5)-(86-params)",classic_NN_6-6,40
25.0,25,68492,CartPole-v1,"CP-ppo-ac-NN(6,6)-(lr=1.0e-5)-(86-params)",classic_NN_6-6,40
41.0,41,68536,CartPole-v1,"CP-ppo-ac-NN(6,6)-(lr=1.0e-5)-(86-params)",classic_NN_6-6,40
23.0,23,68572,CartPole-v1,"CP-ppo-ac-NN(6,6)-(lr=1.0e-5)-(86-params)",classic_NN_6-6,40
34.0,34,68588,CartPole-v1,"CP-ppo-ac-NN(6,6)-(lr=1.0e-5)-(86-params)",classic_NN_6-6,40
24.0,24,68588,CartPole-v1,"CP-ppo-ac-NN(6,6)-(lr=1.0e-5)-(86-params)",classic_NN_6-6,40
17.0,17,68604,CartPole-v1,"CP-ppo-ac-NN(6,6)-(lr=1.0e-5)-(86-params)",classic_NN_6-6,40
12.0,12,68636,CartPole-v1,"CP-ppo-ac-NN(6,6)-(lr=1.0e-5)-(86-params)",classic_NN_6-6,40
15.0,15,68648,CartPole-v1,"CP-ppo-ac-NN(6,6)-(lr=1.0e-5)-(86-params)",classic_NN_6-6,40
11.0,11,68680,CartPole-v1,"CP-ppo-ac-NN(6,6)-(lr=1.0e-5)-(86-params)",classic_NN_6-6,40
11.0,11,68692,CartPole-v1,"CP-ppo-ac-NN(6,6)-(lr=1.0e-5)-(86-params)",classic_NN_6-6,40
37.0,37,68720,CartPole-v1,"CP-ppo-ac-NN(6,6)-(lr=1.0e-5)-(86-params)",classic_NN_6-6,40
32.0,32,68732,CartPole-v1,"CP-ppo-ac-NN(6,6)-(lr=1.0e-5)-(86-params)",classic_NN_6-6,40
18.0,18,68752,CartPole-v1,"CP-ppo-ac-NN(6,6)-(lr=1.0e-5)-(86-params)",classic_NN_6-6,40
19.0,19,68768,CartPole-v1,"CP-ppo-ac-NN(6,6)-(lr=1.0e-5)-(86-params)",classic_NN_6-6,40
12.0,12,68768,CartPole-v1,"CP-ppo-ac-NN(6,6)-(lr=1.0e-5)-(86-params)",classic_NN_6-6,40
16.0,16,68796,CartPole-v1,"CP-ppo-ac-NN(6,6)-(lr=1.0e-5)-(86-params)",classic_NN_6-6,40
13.0,13,68820,CartPole-v1,"CP-ppo-ac-NN(6,6)-(lr=1.0e-5)-(86-params)",classic_NN_6-6,40
16.0,16,68832,CartPole-v1,"CP-ppo-ac-NN(6,6)-(lr=1.0e-5)-(86-params)",classic_NN_6-6,40
13.0,13,68848,CartPole-v1,"CP-ppo-ac-NN(6,6)-(lr=1.0e-5)-(86-params)",classic_NN_6-6,40
13.0,13,68900,CartPole-v1,"CP-ppo-ac-NN(6,6)-(lr=1.0e-5)-(86-params)",classic_NN_6-6,40
17.0,17,68900,CartPole-v1,"CP-ppo-ac-NN(6,6)-(lr=1.0e-5)-(86-params)",classic_NN_6-6,40
25.0,25,68920,CartPole-v1,"CP-ppo-ac-NN(6,6)-(lr=1.0e-5)-(86-params)",classic_NN_6-6,40
43.0,43,68924,CartPole-v1,"CP-ppo-ac-NN(6,6)-(lr=1.0e-5)-(86-params)",classic_NN_6-6,40
15.0,15,68960,CartPole-v1,"CP-ppo-ac-NN(6,6)-(lr=1.0e-5)-(86-params)",classic_NN_6-6,40
25.0,25,69000,CartPole-v1,"CP-ppo-ac-NN(6,6)-(lr=1.0e-5)-(86-params)",classic_NN_6-6,40
24.0,24,69016,CartPole-v1,"CP-ppo-ac-NN(6,6)-(lr=1.0e-5)-(86-params)",classic_NN_6-6,40
16.0,16,69024,CartPole-v1,"CP-ppo-ac-NN(6,6)-(lr=1.0e-5)-(86-params)",classic_NN_6-6,40
26.0,26,69028,CartPole-v1,"CP-ppo-ac-NN(6,6)-(lr=1.0e-5)-(86-params)",classic_NN_6-6,40
20.0,20,69080,CartPole-v1,"CP-ppo-ac-NN(6,6)-(lr=1.0e-5)-(86-params)",classic_NN_6-6,40
15.0,15,69084,CartPole-v1,"CP-ppo-ac-NN(6,6)-(lr=1.0e-5)-(86-params)",classic_NN_6-6,40
17.0,17,69084,CartPole-v1,"CP-ppo-ac-NN(6,6)-(lr=1.0e-5)-(86-params)",classic_NN_6-6,40
13.0,13,69136,CartPole-v1,"CP-ppo-ac-NN(6,6)-(lr=1.0e-5)-(86-params)",classic_NN_6-6,40
28.0,28,69140,CartPole-v1,"CP-ppo-ac-NN(6,6)-(lr=1.0e-5)-(86-params)",classic_NN_6-6,40
21.0,21,69164,CartPole-v1,"CP-ppo-ac-NN(6,6)-(lr=1.0e-5)-(86-params)",classic_NN_6-6,40
12.0,12,69188,CartPole-v1,"CP-ppo-ac-NN(6,6)-(lr=1.0e-5)-(86-params)",classic_NN_6-6,40
16.0,16,69200,CartPole-v1,"CP-ppo-ac-NN(6,6)-(lr=1.0e-5)-(86-params)",classic_NN_6-6,40
33.0,33,69216,CartPole-v1,"CP-ppo-ac-NN(6,6)-(lr=1.0e-5)-(86-params)",classic_NN_6-6,40
11.0,11,69232,CartPole-v1,"CP-ppo-ac-NN(6,6)-(lr=1.0e-5)-(86-params)",classic_NN_6-6,40
19.0,19,69240,CartPole-v1,"CP-ppo-ac-NN(6,6)-(lr=1.0e-5)-(86-params)",classic_NN_6-6,40
18.0,18,69272,CartPole-v1,"CP-ppo-ac-NN(6,6)-(lr=1.0e-5)-(86-params)",classic_NN_6-6,40
16.0,16,69280,CartPole-v1,"CP-ppo-ac-NN(6,6)-(lr=1.0e-5)-(86-params)",classic_NN_6-6,40
18.0,18,69312,CartPole-v1,"CP-ppo-ac-NN(6,6)-(lr=1.0e-5)-(86-params)",classic_NN_6-6,40
23.0,23,69324,CartPole-v1,"CP-ppo-ac-NN(6,6)-(lr=1.0e-5)-(86-params)",classic_NN_6-6,40
18.0,18,69352,CartPole-v1,"CP-ppo-ac-NN(6,6)-(lr=1.0e-5)-(86-params)",classic_NN_6-6,40
22.0,22,69360,CartPole-v1,"CP-ppo-ac-NN(6,6)-(lr=1.0e-5)-(86-params)",classic_NN_6-6,40
16.0,16,69388,CartPole-v1,"CP-ppo-ac-NN(6,6)-(lr=1.0e-5)-(86-params)",classic_NN_6-6,40
21.0,21,69436,CartPole-v1,"CP-ppo-ac-NN(6,6)-(lr=1.0e-5)-(86-params)",classic_NN_6-6,40
16.0,16,69452,CartPole-v1,"CP-ppo-ac-NN(6,6)-(lr=1.0e-5)-(86-params)",classic_NN_6-6,40
19.0,19,69528,CartPole-v1,"CP-ppo-ac-NN(6,6)-(lr=1.0e-5)-(86-params)",classic_NN_6-6,40
56.0,56,69536,CartPole-v1,"CP-ppo-ac-NN(6,6)-(lr=1.0e-5)-(86-params)",classic_NN_6-6,40
30.0,30,69556,CartPole-v1,"CP-ppo-ac-NN(6,6)-(lr=1.0e-5)-(86-params)",classic_NN_6-6,40
14.0,14,69592,CartPole-v1,"CP-ppo-ac-NN(6,6)-(lr=1.0e-5)-(86-params)",classic_NN_6-6,40
17.0,17,69596,CartPole-v1,"CP-ppo-ac-NN(6,6)-(lr=1.0e-5)-(86-params)",classic_NN_6-6,40
61.0,61,69604,CartPole-v1,"CP-ppo-ac-NN(6,6)-(lr=1.0e-5)-(86-params)",classic_NN_6-6,40
12.0,12,69604,CartPole-v1,"CP-ppo-ac-NN(6,6)-(lr=1.0e-5)-(86-params)",classic_NN_6-6,40
15.0,15,69664,CartPole-v1,"CP-ppo-ac-NN(6,6)-(lr=1.0e-5)-(86-params)",classic_NN_6-6,40
10.0,10,69704,CartPole-v1,"CP-ppo-ac-NN(6,6)-(lr=1.0e-5)-(86-params)",classic_NN_6-6,40
30.0,30,69712,CartPole-v1,"CP-ppo-ac-NN(6,6)-(lr=1.0e-5)-(86-params)",classic_NN_6-6,40
37.0,37,69744,CartPole-v1,"CP-ppo-ac-NN(6,6)-(lr=1.0e-5)-(86-params)",classic_NN_6-6,40
36.0,36,69748,CartPole-v1,"CP-ppo-ac-NN(6,6)-(lr=1.0e-5)-(86-params)",classic_NN_6-6,40
14.0,14,69768,CartPole-v1,"CP-ppo-ac-NN(6,6)-(lr=1.0e-5)-(86-params)",classic_NN_6-6,40
25.0,25,69844,CartPole-v1,"CP-ppo-ac-NN(6,6)-(lr=1.0e-5)-(86-params)",classic_NN_6-6,40
26.0,26,69852,CartPole-v1,"CP-ppo-ac-NN(6,6)-(lr=1.0e-5)-(86-params)",classic_NN_6-6,40
38.0,38,69920,CartPole-v1,"CP-ppo-ac-NN(6,6)-(lr=1.0e-5)-(86-params)",classic_NN_6-6,40
55.0,55,69924,CartPole-v1,"CP-ppo-ac-NN(6,6)-(lr=1.0e-5)-(86-params)",classic_NN_6-6,40
20.0,20,69932,CartPole-v1,"CP-ppo-ac-NN(6,6)-(lr=1.0e-5)-(86-params)",classic_NN_6-6,40
19.0,19,70008,CartPole-v1,"CP-ppo-ac-NN(6,6)-(lr=1.0e-5)-(86-params)",classic_NN_6-6,40
30.0,30,70044,CartPole-v1,"CP-ppo-ac-NN(6,6)-(lr=1.0e-5)-(86-params)",classic_NN_6-6,40
13.0,13,70060,CartPole-v1,"CP-ppo-ac-NN(6,6)-(lr=1.0e-5)-(86-params)",classic_NN_6-6,40
54.0,54,70060,CartPole-v1,"CP-ppo-ac-NN(6,6)-(lr=1.0e-5)-(86-params)",classic_NN_6-6,40
11.0,11,70104,CartPole-v1,"CP-ppo-ac-NN(6,6)-(lr=1.0e-5)-(86-params)",classic_NN_6-6,40
25.0,25,70144,CartPole-v1,"CP-ppo-ac-NN(6,6)-(lr=1.0e-5)-(86-params)",classic_NN_6-6,40
15.0,15,70164,CartPole-v1,"CP-ppo-ac-NN(6,6)-(lr=1.0e-5)-(86-params)",classic_NN_6-6,40
69.0,69,70196,CartPole-v1,"CP-ppo-ac-NN(6,6)-(lr=1.0e-5)-(86-params)",classic_NN_6-6,40
41.0,41,70224,CartPole-v1,"CP-ppo-ac-NN(6,6)-(lr=1.0e-5)-(86-params)",classic_NN_6-6,40
21.0,21,70228,CartPole-v1,"CP-ppo-ac-NN(6,6)-(lr=1.0e-5)-(86-params)",classic_NN_6-6,40
26.0,26,70268,CartPole-v1,"CP-ppo-ac-NN(6,6)-(lr=1.0e-5)-(86-params)",classic_NN_6-6,40
11.0,11,70272,CartPole-v1,"CP-ppo-ac-NN(6,6)-(lr=1.0e-5)-(86-params)",classic_NN_6-6,40
21.0,21,70280,CartPole-v1,"CP-ppo-ac-NN(6,6)-(lr=1.0e-5)-(86-params)",classic_NN_6-6,40
12.0,12,70320,CartPole-v1,"CP-ppo-ac-NN(6,6)-(lr=1.0e-5)-(86-params)",classic_NN_6-6,40
25.0,25,70324,CartPole-v1,"CP-ppo-ac-NN(6,6)-(lr=1.0e-5)-(86-params)",classic_NN_6-6,40
17.0,17,70336,CartPole-v1,"CP-ppo-ac-NN(6,6)-(lr=1.0e-5)-(86-params)",classic_NN_6-6,40
18.0,18,70352,CartPole-v1,"CP-ppo-ac-NN(6,6)-(lr=1.0e-5)-(86-params)",classic_NN_6-6,40
14.0,14,70376,CartPole-v1,"CP-ppo-ac-NN(6,6)-(lr=1.0e-5)-(86-params)",classic_NN_6-6,40
13.0,13,70388,CartPole-v1,"CP-ppo-ac-NN(6,6)-(lr=1.0e-5)-(86-params)",classic_NN_6-6,40
18.0,18,70424,CartPole-v1,"CP-ppo-ac-NN(6,6)-(lr=1.0e-5)-(86-params)",classic_NN_6-6,40
15.0,15,70448,CartPole-v1,"CP-ppo-ac-NN(6,6)-(lr=1.0e-5)-(86-params)",classic_NN_6-6,40
15.0,15,70508,CartPole-v1,"CP-ppo-ac-NN(6,6)-(lr=1.0e-5)-(86-params)",classic_NN_6-6,40
47.0,47,70512,CartPole-v1,"CP-ppo-ac-NN(6,6)-(lr=1.0e-5)-(86-params)",classic_NN_6-6,40
35.0,35,70516,CartPole-v1,"CP-ppo-ac-NN(6,6)-(lr=1.0e-5)-(86-params)",classic_NN_6-6,40
24.0,24,70520,CartPole-v1,"CP-ppo-ac-NN(6,6)-(lr=1.0e-5)-(86-params)",classic_NN_6-6,40
12.0,12,70560,CartPole-v1,"CP-ppo-ac-NN(6,6)-(lr=1.0e-5)-(86-params)",classic_NN_6-6,40
25.0,25,70616,CartPole-v1,"CP-ppo-ac-NN(6,6)-(lr=1.0e-5)-(86-params)",classic_NN_6-6,40
25.0,25,70620,CartPole-v1,"CP-ppo-ac-NN(6,6)-(lr=1.0e-5)-(86-params)",classic_NN_6-6,40
39.0,39,70664,CartPole-v1,"CP-ppo-ac-NN(6,6)-(lr=1.0e-5)-(86-params)",classic_NN_6-6,40
12.0,12,70712,CartPole-v1,"CP-ppo-ac-NN(6,6)-(lr=1.0e-5)-(86-params)",classic_NN_6-6,40
27.0,27,70724,CartPole-v1,"CP-ppo-ac-NN(6,6)-(lr=1.0e-5)-(86-params)",classic_NN_6-6,40
47.0,47,70748,CartPole-v1,"CP-ppo-ac-NN(6,6)-(lr=1.0e-5)-(86-params)",classic_NN_6-6,40
17.0,17,70780,CartPole-v1,"CP-ppo-ac-NN(6,6)-(lr=1.0e-5)-(86-params)",classic_NN_6-6,40
15.0,15,70808,CartPole-v1,"CP-ppo-ac-NN(6,6)-(lr=1.0e-5)-(86-params)",classic_NN_6-6,40
47.0,47,70808,CartPole-v1,"CP-ppo-ac-NN(6,6)-(lr=1.0e-5)-(86-params)",classic_NN_6-6,40
17.0,17,70876,CartPole-v1,"CP-ppo-ac-NN(6,6)-(lr=1.0e-5)-(86-params)",classic_NN_6-6,40
28.0,28,70920,CartPole-v1,"CP-ppo-ac-NN(6,6)-(lr=1.0e-5)-(86-params)",classic_NN_6-6,40
37.0,37,70928,CartPole-v1,"CP-ppo-ac-NN(6,6)-(lr=1.0e-5)-(86-params)",classic_NN_6-6,40
17.0,17,70944,CartPole-v1,"CP-ppo-ac-NN(6,6)-(lr=1.0e-5)-(86-params)",classic_NN_6-6,40
57.0,57,70952,CartPole-v1,"CP-ppo-ac-NN(6,6)-(lr=1.0e-5)-(86-params)",classic_NN_6-6,40
19.0,19,71004,CartPole-v1,"CP-ppo-ac-NN(6,6)-(lr=1.0e-5)-(86-params)",classic_NN_6-6,40
13.0,13,71056,CartPole-v1,"CP-ppo-ac-NN(6,6)-(lr=1.0e-5)-(86-params)",classic_NN_6-6,40
37.0,37,71068,CartPole-v1,"CP-ppo-ac-NN(6,6)-(lr=1.0e-5)-(86-params)",classic_NN_6-6,40
29.0,29,71068,CartPole-v1,"CP-ppo-ac-NN(6,6)-(lr=1.0e-5)-(86-params)",classic_NN_6-6,40
31.0,31,71068,CartPole-v1,"CP-ppo-ac-NN(6,6)-(lr=1.0e-5)-(86-params)",classic_NN_6-6,40
14.0,14,71112,CartPole-v1,"CP-ppo-ac-NN(6,6)-(lr=1.0e-5)-(86-params)",classic_NN_6-6,40
19.0,19,71144,CartPole-v1,"CP-ppo-ac-NN(6,6)-(lr=1.0e-5)-(86-params)",classic_NN_6-6,40
20.0,20,71148,CartPole-v1,"CP-ppo-ac-NN(6,6)-(lr=1.0e-5)-(86-params)",classic_NN_6-6,40
20.0,20,71148,CartPole-v1,"CP-ppo-ac-NN(6,6)-(lr=1.0e-5)-(86-params)",classic_NN_6-6,40
12.0,12,71196,CartPole-v1,"CP-ppo-ac-NN(6,6)-(lr=1.0e-5)-(86-params)",classic_NN_6-6,40
21.0,21,71196,CartPole-v1,"CP-ppo-ac-NN(6,6)-(lr=1.0e-5)-(86-params)",classic_NN_6-6,40
22.0,22,71232,CartPole-v1,"CP-ppo-ac-NN(6,6)-(lr=1.0e-5)-(86-params)",classic_NN_6-6,40
26.0,26,71252,CartPole-v1,"CP-ppo-ac-NN(6,6)-(lr=1.0e-5)-(86-params)",classic_NN_6-6,40
19.0,19,71272,CartPole-v1,"CP-ppo-ac-NN(6,6)-(lr=1.0e-5)-(86-params)",classic_NN_6-6,40
14.0,14,71288,CartPole-v1,"CP-ppo-ac-NN(6,6)-(lr=1.0e-5)-(86-params)",classic_NN_6-6,40
16.0,16,71316,CartPole-v1,"CP-ppo-ac-NN(6,6)-(lr=1.0e-5)-(86-params)",classic_NN_6-6,40
19.0,19,71348,CartPole-v1,"CP-ppo-ac-NN(6,6)-(lr=1.0e-5)-(86-params)",classic_NN_6-6,40
39.0,39,71352,CartPole-v1,"CP-ppo-ac-NN(6,6)-(lr=1.0e-5)-(86-params)",classic_NN_6-6,40
22.0,22,71376,CartPole-v1,"CP-ppo-ac-NN(6,6)-(lr=1.0e-5)-(86-params)",classic_NN_6-6,40
25.0,25,71416,CartPole-v1,"CP-ppo-ac-NN(6,6)-(lr=1.0e-5)-(86-params)",classic_NN_6-6,40
19.0,19,71428,CartPole-v1,"CP-ppo-ac-NN(6,6)-(lr=1.0e-5)-(86-params)",classic_NN_6-6,40
16.0,16,71440,CartPole-v1,"CP-ppo-ac-NN(6,6)-(lr=1.0e-5)-(86-params)",classic_NN_6-6,40
26.0,26,71452,CartPole-v1,"CP-ppo-ac-NN(6,6)-(lr=1.0e-5)-(86-params)",classic_NN_6-6,40
19.0,19,71492,CartPole-v1,"CP-ppo-ac-NN(6,6)-(lr=1.0e-5)-(86-params)",classic_NN_6-6,40
14.0,14,71496,CartPole-v1,"CP-ppo-ac-NN(6,6)-(lr=1.0e-5)-(86-params)",classic_NN_6-6,40
19.0,19,71528,CartPole-v1,"CP-ppo-ac-NN(6,6)-(lr=1.0e-5)-(86-params)",classic_NN_6-6,40
27.0,27,71536,CartPole-v1,"CP-ppo-ac-NN(6,6)-(lr=1.0e-5)-(86-params)",classic_NN_6-6,40
11.0,11,71580,CartPole-v1,"CP-ppo-ac-NN(6,6)-(lr=1.0e-5)-(86-params)",classic_NN_6-6,40
23.0,23,71584,CartPole-v1,"CP-ppo-ac-NN(6,6)-(lr=1.0e-5)-(86-params)",classic_NN_6-6,40
13.0,13,71632,CartPole-v1,"CP-ppo-ac-NN(6,6)-(lr=1.0e-5)-(86-params)",classic_NN_6-6,40
36.0,36,71640,CartPole-v1,"CP-ppo-ac-NN(6,6)-(lr=1.0e-5)-(86-params)",classic_NN_6-6,40
29.0,29,71644,CartPole-v1,"CP-ppo-ac-NN(6,6)-(lr=1.0e-5)-(86-params)",classic_NN_6-6,40
32.0,32,71768,CartPole-v1,"CP-ppo-ac-NN(6,6)-(lr=1.0e-5)-(86-params)",classic_NN_6-6,40
52.0,52,71792,CartPole-v1,"CP-ppo-ac-NN(6,6)-(lr=1.0e-5)-(86-params)",classic_NN_6-6,40
42.0,42,71812,CartPole-v1,"CP-ppo-ac-NN(6,6)-(lr=1.0e-5)-(86-params)",classic_NN_6-6,40
8.0,8,71824,CartPole-v1,"CP-ppo-ac-NN(6,6)-(lr=1.0e-5)-(86-params)",classic_NN_6-6,40
38.0,38,71920,CartPole-v1,"CP-ppo-ac-NN(6,6)-(lr=1.0e-5)-(86-params)",classic_NN_6-6,40
27.0,27,71920,CartPole-v1,"CP-ppo-ac-NN(6,6)-(lr=1.0e-5)-(86-params)",classic_NN_6-6,40
76.0,76,71936,CartPole-v1,"CP-ppo-ac-NN(6,6)-(lr=1.0e-5)-(86-params)",classic_NN_6-6,40
31.0,31,71948,CartPole-v1,"CP-ppo-ac-NN(6,6)-(lr=1.0e-5)-(86-params)",classic_NN_6-6,40
10.0,10,71960,CartPole-v1,"CP-ppo-ac-NN(6,6)-(lr=1.0e-5)-(86-params)",classic_NN_6-6,40
12.0,12,71968,CartPole-v1,"CP-ppo-ac-NN(6,6)-(lr=1.0e-5)-(86-params)",classic_NN_6-6,40
16.0,16,72000,CartPole-v1,"CP-ppo-ac-NN(6,6)-(lr=1.0e-5)-(86-params)",classic_NN_6-6,40
15.0,15,72008,CartPole-v1,"CP-ppo-ac-NN(6,6)-(lr=1.0e-5)-(86-params)",classic_NN_6-6,40
18.0,18,72040,CartPole-v1,"CP-ppo-ac-NN(6,6)-(lr=1.0e-5)-(86-params)",classic_NN_6-6,40
23.0,23,72052,CartPole-v1,"CP-ppo-ac-NN(6,6)-(lr=1.0e-5)-(86-params)",classic_NN_6-6,40
14.0,14,72056,CartPole-v1,"CP-ppo-ac-NN(6,6)-(lr=1.0e-5)-(86-params)",classic_NN_6-6,40
15.0,15,72068,CartPole-v1,"CP-ppo-ac-NN(6,6)-(lr=1.0e-5)-(86-params)",classic_NN_6-6,40
15.0,15,72116,CartPole-v1,"CP-ppo-ac-NN(6,6)-(lr=1.0e-5)-(86-params)",classic_NN_6-6,40
27.0,27,72148,CartPole-v1,"CP-ppo-ac-NN(6,6)-(lr=1.0e-5)-(86-params)",classic_NN_6-6,40
24.0,24,72164,CartPole-v1,"CP-ppo-ac-NN(6,6)-(lr=1.0e-5)-(86-params)",classic_NN_6-6,40
28.0,28,72164,CartPole-v1,"CP-ppo-ac-NN(6,6)-(lr=1.0e-5)-(86-params)",classic_NN_6-6,40
13.0,13,72168,CartPole-v1,"CP-ppo-ac-NN(6,6)-(lr=1.0e-5)-(86-params)",classic_NN_6-6,40
18.0,18,72220,CartPole-v1,"CP-ppo-ac-NN(6,6)-(lr=1.0e-5)-(86-params)",classic_NN_6-6,40
25.0,25,72264,CartPole-v1,"CP-ppo-ac-NN(6,6)-(lr=1.0e-5)-(86-params)",classic_NN_6-6,40
26.0,26,72272,CartPole-v1,"CP-ppo-ac-NN(6,6)-(lr=1.0e-5)-(86-params)",classic_NN_6-6,40
10.0,10,72304,CartPole-v1,"CP-ppo-ac-NN(6,6)-(lr=1.0e-5)-(86-params)",classic_NN_6-6,40
24.0,24,72316,CartPole-v1,"CP-ppo-ac-NN(6,6)-(lr=1.0e-5)-(86-params)",classic_NN_6-6,40
47.0,47,72352,CartPole-v1,"CP-ppo-ac-NN(6,6)-(lr=1.0e-5)-(86-params)",classic_NN_6-6,40
25.0,25,72404,CartPole-v1,"CP-ppo-ac-NN(6,6)-(lr=1.0e-5)-(86-params)",classic_NN_6-6,40
39.0,39,72428,CartPole-v1,"CP-ppo-ac-NN(6,6)-(lr=1.0e-5)-(86-params)",classic_NN_6-6,40
19.0,19,72428,CartPole-v1,"CP-ppo-ac-NN(6,6)-(lr=1.0e-5)-(86-params)",classic_NN_6-6,40
35.0,35,72456,CartPole-v1,"CP-ppo-ac-NN(6,6)-(lr=1.0e-5)-(86-params)",classic_NN_6-6,40
11.0,11,72500,CartPole-v1,"CP-ppo-ac-NN(6,6)-(lr=1.0e-5)-(86-params)",classic_NN_6-6,40
32.0,32,72532,CartPole-v1,"CP-ppo-ac-NN(6,6)-(lr=1.0e-5)-(86-params)",classic_NN_6-6,40
28.0,28,72540,CartPole-v1,"CP-ppo-ac-NN(6,6)-(lr=1.0e-5)-(86-params)",classic_NN_6-6,40
12.0,12,72580,CartPole-v1,"CP-ppo-ac-NN(6,6)-(lr=1.0e-5)-(86-params)",classic_NN_6-6,40
51.0,51,72632,CartPole-v1,"CP-ppo-ac-NN(6,6)-(lr=1.0e-5)-(86-params)",classic_NN_6-6,40
36.0,36,72644,CartPole-v1,"CP-ppo-ac-NN(6,6)-(lr=1.0e-5)-(86-params)",classic_NN_6-6,40
27.0,27,72648,CartPole-v1,"CP-ppo-ac-NN(6,6)-(lr=1.0e-5)-(86-params)",classic_NN_6-6,40
11.0,11,72692,CartPole-v1,"CP-ppo-ac-NN(6,6)-(lr=1.0e-5)-(86-params)",classic_NN_6-6,40
13.0,13,72696,CartPole-v1,"CP-ppo-ac-NN(6,6)-(lr=1.0e-5)-(86-params)",classic_NN_6-6,40
45.0,45,72760,CartPole-v1,"CP-ppo-ac-NN(6,6)-(lr=1.0e-5)-(86-params)",classic_NN_6-6,40
23.0,23,72784,CartPole-v1,"CP-ppo-ac-NN(6,6)-(lr=1.0e-5)-(86-params)",classic_NN_6-6,40
22.0,22,72784,CartPole-v1,"CP-ppo-ac-NN(6,6)-(lr=1.0e-5)-(86-params)",classic_NN_6-6,40
41.0,41,72796,CartPole-v1,"CP-ppo-ac-NN(6,6)-(lr=1.0e-5)-(86-params)",classic_NN_6-6,40
15.0,15,72820,CartPole-v1,"CP-ppo-ac-NN(6,6)-(lr=1.0e-5)-(86-params)",classic_NN_6-6,40
11.0,11,72828,CartPole-v1,"CP-ppo-ac-NN(6,6)-(lr=1.0e-5)-(86-params)",classic_NN_6-6,40
17.0,17,72864,CartPole-v1,"CP-ppo-ac-NN(6,6)-(lr=1.0e-5)-(86-params)",classic_NN_6-6,40
13.0,13,72872,CartPole-v1,"CP-ppo-ac-NN(6,6)-(lr=1.0e-5)-(86-params)",classic_NN_6-6,40
12.0,12,72876,CartPole-v1,"CP-ppo-ac-NN(6,6)-(lr=1.0e-5)-(86-params)",classic_NN_6-6,40
32.0,32,72912,CartPole-v1,"CP-ppo-ac-NN(6,6)-(lr=1.0e-5)-(86-params)",classic_NN_6-6,40
22.0,22,72960,CartPole-v1,"CP-ppo-ac-NN(6,6)-(lr=1.0e-5)-(86-params)",classic_NN_6-6,40
16.0,16,72976,CartPole-v1,"CP-ppo-ac-NN(6,6)-(lr=1.0e-5)-(86-params)",classic_NN_6-6,40
30.0,30,72984,CartPole-v1,"CP-ppo-ac-NN(6,6)-(lr=1.0e-5)-(86-params)",classic_NN_6-6,40
32.0,32,73004,CartPole-v1,"CP-ppo-ac-NN(6,6)-(lr=1.0e-5)-(86-params)",classic_NN_6-6,40
8.0,8,73016,CartPole-v1,"CP-ppo-ac-NN(6,6)-(lr=1.0e-5)-(86-params)",classic_NN_6-6,40
18.0,18,73032,CartPole-v1,"CP-ppo-ac-NN(6,6)-(lr=1.0e-5)-(86-params)",classic_NN_6-6,40
10.0,10,73044,CartPole-v1,"CP-ppo-ac-NN(6,6)-(lr=1.0e-5)-(86-params)",classic_NN_6-6,40
24.0,24,73072,CartPole-v1,"CP-ppo-ac-NN(6,6)-(lr=1.0e-5)-(86-params)",classic_NN_6-6,40
13.0,13,73084,CartPole-v1,"CP-ppo-ac-NN(6,6)-(lr=1.0e-5)-(86-params)",classic_NN_6-6,40
19.0,19,73092,CartPole-v1,"CP-ppo-ac-NN(6,6)-(lr=1.0e-5)-(86-params)",classic_NN_6-6,40
23.0,23,73164,CartPole-v1,"CP-ppo-ac-NN(6,6)-(lr=1.0e-5)-(86-params)",classic_NN_6-6,40
24.0,24,73180,CartPole-v1,"CP-ppo-ac-NN(6,6)-(lr=1.0e-5)-(86-params)",classic_NN_6-6,40
41.0,41,73208,CartPole-v1,"CP-ppo-ac-NN(6,6)-(lr=1.0e-5)-(86-params)",classic_NN_6-6,40
31.0,31,73216,CartPole-v1,"CP-ppo-ac-NN(6,6)-(lr=1.0e-5)-(86-params)",classic_NN_6-6,40
27.0,27,73272,CartPole-v1,"CP-ppo-ac-NN(6,6)-(lr=1.0e-5)-(86-params)",classic_NN_6-6,40
26.0,26,73284,CartPole-v1,"CP-ppo-ac-NN(6,6)-(lr=1.0e-5)-(86-params)",classic_NN_6-6,40
8.0,8,73304,CartPole-v1,"CP-ppo-ac-NN(6,6)-(lr=1.0e-5)-(86-params)",classic_NN_6-6,40
15.0,15,73344,CartPole-v1,"CP-ppo-ac-NN(6,6)-(lr=1.0e-5)-(86-params)",classic_NN_6-6,40
33.0,33,73348,CartPole-v1,"CP-ppo-ac-NN(6,6)-(lr=1.0e-5)-(86-params)",classic_NN_6-6,40
21.0,21,73388,CartPole-v1,"CP-ppo-ac-NN(6,6)-(lr=1.0e-5)-(86-params)",classic_NN_6-6,40
17.0,17,73416,CartPole-v1,"CP-ppo-ac-NN(6,6)-(lr=1.0e-5)-(86-params)",classic_NN_6-6,40
24.0,24,73440,CartPole-v1,"CP-ppo-ac-NN(6,6)-(lr=1.0e-5)-(86-params)",classic_NN_6-6,40
20.0,20,73468,CartPole-v1,"CP-ppo-ac-NN(6,6)-(lr=1.0e-5)-(86-params)",classic_NN_6-6,40
14.0,14,73472,CartPole-v1,"CP-ppo-ac-NN(6,6)-(lr=1.0e-5)-(86-params)",classic_NN_6-6,40
12.0,12,73520,CartPole-v1,"CP-ppo-ac-NN(6,6)-(lr=1.0e-5)-(86-params)",classic_NN_6-6,40
14.0,14,73524,CartPole-v1,"CP-ppo-ac-NN(6,6)-(lr=1.0e-5)-(86-params)",classic_NN_6-6,40
85.0,85,73548,CartPole-v1,"CP-ppo-ac-NN(6,6)-(lr=1.0e-5)-(86-params)",classic_NN_6-6,40
10.0,10,73564,CartPole-v1,"CP-ppo-ac-NN(6,6)-(lr=1.0e-5)-(86-params)",classic_NN_6-6,40
16.0,16,73584,CartPole-v1,"CP-ppo-ac-NN(6,6)-(lr=1.0e-5)-(86-params)",classic_NN_6-6,40
14.0,14,73604,CartPole-v1,"CP-ppo-ac-NN(6,6)-(lr=1.0e-5)-(86-params)",classic_NN_6-6,40
53.0,53,73652,CartPole-v1,"CP-ppo-ac-NN(6,6)-(lr=1.0e-5)-(86-params)",classic_NN_6-6,40
19.0,19,73660,CartPole-v1,"CP-ppo-ac-NN(6,6)-(lr=1.0e-5)-(86-params)",classic_NN_6-6,40
20.0,20,73684,CartPole-v1,"CP-ppo-ac-NN(6,6)-(lr=1.0e-5)-(86-params)",classic_NN_6-6,40
16.0,16,73724,CartPole-v1,"CP-ppo-ac-NN(6,6)-(lr=1.0e-5)-(86-params)",classic_NN_6-6,40
11.0,11,73728,CartPole-v1,"CP-ppo-ac-NN(6,6)-(lr=1.0e-5)-(86-params)",classic_NN_6-6,40
23.0,23,73744,CartPole-v1,"CP-ppo-ac-NN(6,6)-(lr=1.0e-5)-(86-params)",classic_NN_6-6,40
56.0,56,73788,CartPole-v1,"CP-ppo-ac-NN(6,6)-(lr=1.0e-5)-(86-params)",classic_NN_6-6,40
19.0,19,73804,CartPole-v1,"CP-ppo-ac-NN(6,6)-(lr=1.0e-5)-(86-params)",classic_NN_6-6,40
12.0,12,73836,CartPole-v1,"CP-ppo-ac-NN(6,6)-(lr=1.0e-5)-(86-params)",classic_NN_6-6,40
31.0,31,73848,CartPole-v1,"CP-ppo-ac-NN(6,6)-(lr=1.0e-5)-(86-params)",classic_NN_6-6,40
27.0,27,73852,CartPole-v1,"CP-ppo-ac-NN(6,6)-(lr=1.0e-5)-(86-params)",classic_NN_6-6,40
25.0,25,73904,CartPole-v1,"CP-ppo-ac-NN(6,6)-(lr=1.0e-5)-(86-params)",classic_NN_6-6,40
17.0,17,73920,CartPole-v1,"CP-ppo-ac-NN(6,6)-(lr=1.0e-5)-(86-params)",classic_NN_6-6,40
11.0,11,73964,CartPole-v1,"CP-ppo-ac-NN(6,6)-(lr=1.0e-5)-(86-params)",classic_NN_6-6,40
39.0,39,73992,CartPole-v1,"CP-ppo-ac-NN(6,6)-(lr=1.0e-5)-(86-params)",classic_NN_6-6,40
28.0,28,74016,CartPole-v1,"CP-ppo-ac-NN(6,6)-(lr=1.0e-5)-(86-params)",classic_NN_6-6,40
16.0,16,74028,CartPole-v1,"CP-ppo-ac-NN(6,6)-(lr=1.0e-5)-(86-params)",classic_NN_6-6,40
49.0,49,74044,CartPole-v1,"CP-ppo-ac-NN(6,6)-(lr=1.0e-5)-(86-params)",classic_NN_6-6,40
16.0,16,74092,CartPole-v1,"CP-ppo-ac-NN(6,6)-(lr=1.0e-5)-(86-params)",classic_NN_6-6,40
27.0,27,74100,CartPole-v1,"CP-ppo-ac-NN(6,6)-(lr=1.0e-5)-(86-params)",classic_NN_6-6,40
15.0,15,74152,CartPole-v1,"CP-ppo-ac-NN(6,6)-(lr=1.0e-5)-(86-params)",classic_NN_6-6,40
35.0,35,74156,CartPole-v1,"CP-ppo-ac-NN(6,6)-(lr=1.0e-5)-(86-params)",classic_NN_6-6,40
9.0,9,74188,CartPole-v1,"CP-ppo-ac-NN(6,6)-(lr=1.0e-5)-(86-params)",classic_NN_6-6,40
25.0,25,74200,CartPole-v1,"CP-ppo-ac-NN(6,6)-(lr=1.0e-5)-(86-params)",classic_NN_6-6,40
44.0,44,74220,CartPole-v1,"CP-ppo-ac-NN(6,6)-(lr=1.0e-5)-(86-params)",classic_NN_6-6,40
22.0,22,74244,CartPole-v1,"CP-ppo-ac-NN(6,6)-(lr=1.0e-5)-(86-params)",classic_NN_6-6,40
11.0,11,74264,CartPole-v1,"CP-ppo-ac-NN(6,6)-(lr=1.0e-5)-(86-params)",classic_NN_6-6,40
21.0,21,74272,CartPole-v1,"CP-ppo-ac-NN(6,6)-(lr=1.0e-5)-(86-params)",classic_NN_6-6,40
27.0,27,74308,CartPole-v1,"CP-ppo-ac-NN(6,6)-(lr=1.0e-5)-(86-params)",classic_NN_6-6,40
17.0,17,74312,CartPole-v1,"CP-ppo-ac-NN(6,6)-(lr=1.0e-5)-(86-params)",classic_NN_6-6,40
13.0,13,74324,CartPole-v1,"CP-ppo-ac-NN(6,6)-(lr=1.0e-5)-(86-params)",classic_NN_6-6,40
18.0,18,74336,CartPole-v1,"CP-ppo-ac-NN(6,6)-(lr=1.0e-5)-(86-params)",classic_NN_6-6,40
18.0,18,74380,CartPole-v1,"CP-ppo-ac-NN(6,6)-(lr=1.0e-5)-(86-params)",classic_NN_6-6,40
13.0,13,74388,CartPole-v1,"CP-ppo-ac-NN(6,6)-(lr=1.0e-5)-(86-params)",classic_NN_6-6,40
21.0,21,74408,CartPole-v1,"CP-ppo-ac-NN(6,6)-(lr=1.0e-5)-(86-params)",classic_NN_6-6,40
18.0,18,74452,CartPole-v1,"CP-ppo-ac-NN(6,6)-(lr=1.0e-5)-(86-params)",classic_NN_6-6,40
16.0,16,74516,CartPole-v1,"CP-ppo-ac-NN(6,6)-(lr=1.0e-5)-(86-params)",classic_NN_6-6,40
32.0,32,74516,CartPole-v1,"CP-ppo-ac-NN(6,6)-(lr=1.0e-5)-(86-params)",classic_NN_6-6,40
61.0,61,74556,CartPole-v1,"CP-ppo-ac-NN(6,6)-(lr=1.0e-5)-(86-params)",classic_NN_6-6,40
15.0,15,74576,CartPole-v1,"CP-ppo-ac-NN(6,6)-(lr=1.0e-5)-(86-params)",classic_NN_6-6,40
10.0,10,74596,CartPole-v1,"CP-ppo-ac-NN(6,6)-(lr=1.0e-5)-(86-params)",classic_NN_6-6,40
48.0,48,74600,CartPole-v1,"CP-ppo-ac-NN(6,6)-(lr=1.0e-5)-(86-params)",classic_NN_6-6,40
25.0,25,74616,CartPole-v1,"CP-ppo-ac-NN(6,6)-(lr=1.0e-5)-(86-params)",classic_NN_6-6,40
11.0,11,74620,CartPole-v1,"CP-ppo-ac-NN(6,6)-(lr=1.0e-5)-(86-params)",classic_NN_6-6,40
12.0,12,74644,CartPole-v1,"CP-ppo-ac-NN(6,6)-(lr=1.0e-5)-(86-params)",classic_NN_6-6,40
20.0,20,74700,CartPole-v1,"CP-ppo-ac-NN(6,6)-(lr=1.0e-5)-(86-params)",classic_NN_6-6,40
26.0,26,74704,CartPole-v1,"CP-ppo-ac-NN(6,6)-(lr=1.0e-5)-(86-params)",classic_NN_6-6,40
31.0,31,74740,CartPole-v1,"CP-ppo-ac-NN(6,6)-(lr=1.0e-5)-(86-params)",classic_NN_6-6,40
16.0,16,74764,CartPole-v1,"CP-ppo-ac-NN(6,6)-(lr=1.0e-5)-(86-params)",classic_NN_6-6,40
16.0,16,74768,CartPole-v1,"CP-ppo-ac-NN(6,6)-(lr=1.0e-5)-(86-params)",classic_NN_6-6,40
17.0,17,74808,CartPole-v1,"CP-ppo-ac-NN(6,6)-(lr=1.0e-5)-(86-params)",classic_NN_6-6,40
42.0,42,74812,CartPole-v1,"CP-ppo-ac-NN(6,6)-(lr=1.0e-5)-(86-params)",classic_NN_6-6,40
12.0,12,74816,CartPole-v1,"CP-ppo-ac-NN(6,6)-(lr=1.0e-5)-(86-params)",classic_NN_6-6,40
16.0,16,74828,CartPole-v1,"CP-ppo-ac-NN(6,6)-(lr=1.0e-5)-(86-params)",classic_NN_6-6,40
15.0,15,74872,CartPole-v1,"CP-ppo-ac-NN(6,6)-(lr=1.0e-5)-(86-params)",classic_NN_6-6,40
18.0,18,74888,CartPole-v1,"CP-ppo-ac-NN(6,6)-(lr=1.0e-5)-(86-params)",classic_NN_6-6,40
24.0,24,74924,CartPole-v1,"CP-ppo-ac-NN(6,6)-(lr=1.0e-5)-(86-params)",classic_NN_6-6,40
20.0,20,74968,CartPole-v1,"CP-ppo-ac-NN(6,6)-(lr=1.0e-5)-(86-params)",classic_NN_6-6,40
29.0,29,74988,CartPole-v1,"CP-ppo-ac-NN(6,6)-(lr=1.0e-5)-(86-params)",classic_NN_6-6,40
26.0,26,75028,CartPole-v1,"CP-ppo-ac-NN(6,6)-(lr=1.0e-5)-(86-params)",classic_NN_6-6,40
60.0,60,75048,CartPole-v1,"CP-ppo-ac-NN(6,6)-(lr=1.0e-5)-(86-params)",classic_NN_6-6,40
23.0,23,75060,CartPole-v1,"CP-ppo-ac-NN(6,6)-(lr=1.0e-5)-(86-params)",classic_NN_6-6,40
12.0,12,75076,CartPole-v1,"CP-ppo-ac-NN(6,6)-(lr=1.0e-5)-(86-params)",classic_NN_6-6,40
23.0,23,75080,CartPole-v1,"CP-ppo-ac-NN(6,6)-(lr=1.0e-5)-(86-params)",classic_NN_6-6,40
12.0,12,75108,CartPole-v1,"CP-ppo-ac-NN(6,6)-(lr=1.0e-5)-(86-params)",classic_NN_6-6,40
14.0,14,75132,CartPole-v1,"CP-ppo-ac-NN(6,6)-(lr=1.0e-5)-(86-params)",classic_NN_6-6,40
24.0,24,75144,CartPole-v1,"CP-ppo-ac-NN(6,6)-(lr=1.0e-5)-(86-params)",classic_NN_6-6,40
17.0,17,75148,CartPole-v1,"CP-ppo-ac-NN(6,6)-(lr=1.0e-5)-(86-params)",classic_NN_6-6,40
12.0,12,75156,CartPole-v1,"CP-ppo-ac-NN(6,6)-(lr=1.0e-5)-(86-params)",classic_NN_6-6,40
13.0,13,75184,CartPole-v1,"CP-ppo-ac-NN(6,6)-(lr=1.0e-5)-(86-params)",classic_NN_6-6,40
13.0,13,75196,CartPole-v1,"CP-ppo-ac-NN(6,6)-(lr=1.0e-5)-(86-params)",classic_NN_6-6,40
16.0,16,75220,CartPole-v1,"CP-ppo-ac-NN(6,6)-(lr=1.0e-5)-(86-params)",classic_NN_6-6,40
19.0,19,75260,CartPole-v1,"CP-ppo-ac-NN(6,6)-(lr=1.0e-5)-(86-params)",classic_NN_6-6,40
18.0,18,75268,CartPole-v1,"CP-ppo-ac-NN(6,6)-(lr=1.0e-5)-(86-params)",classic_NN_6-6,40
32.0,32,75276,CartPole-v1,"CP-ppo-ac-NN(6,6)-(lr=1.0e-5)-(86-params)",classic_NN_6-6,40
17.0,17,75288,CartPole-v1,"CP-ppo-ac-NN(6,6)-(lr=1.0e-5)-(86-params)",classic_NN_6-6,40
9.0,9,75324,CartPole-v1,"CP-ppo-ac-NN(6,6)-(lr=1.0e-5)-(86-params)",classic_NN_6-6,40
20.0,20,75356,CartPole-v1,"CP-ppo-ac-NN(6,6)-(lr=1.0e-5)-(86-params)",classic_NN_6-6,40
29.0,29,75376,CartPole-v1,"CP-ppo-ac-NN(6,6)-(lr=1.0e-5)-(86-params)",classic_NN_6-6,40
21.0,21,75408,CartPole-v1,"CP-ppo-ac-NN(6,6)-(lr=1.0e-5)-(86-params)",classic_NN_6-6,40
16.0,16,75440,CartPole-v1,"CP-ppo-ac-NN(6,6)-(lr=1.0e-5)-(86-params)",classic_NN_6-6,40
9.0,9,75444,CartPole-v1,"CP-ppo-ac-NN(6,6)-(lr=1.0e-5)-(86-params)",classic_NN_6-6,40
29.0,29,75472,CartPole-v1,"CP-ppo-ac-NN(6,6)-(lr=1.0e-5)-(86-params)",classic_NN_6-6,40
54.0,54,75484,CartPole-v1,"CP-ppo-ac-NN(6,6)-(lr=1.0e-5)-(86-params)",classic_NN_6-6,40
14.0,14,75496,CartPole-v1,"CP-ppo-ac-NN(6,6)-(lr=1.0e-5)-(86-params)",classic_NN_6-6,40
24.0,24,75540,CartPole-v1,"CP-ppo-ac-NN(6,6)-(lr=1.0e-5)-(86-params)",classic_NN_6-6,40
24.0,24,75568,CartPole-v1,"CP-ppo-ac-NN(6,6)-(lr=1.0e-5)-(86-params)",classic_NN_6-6,40
21.0,21,75580,CartPole-v1,"CP-ppo-ac-NN(6,6)-(lr=1.0e-5)-(86-params)",classic_NN_6-6,40
11.0,11,75584,CartPole-v1,"CP-ppo-ac-NN(6,6)-(lr=1.0e-5)-(86-params)",classic_NN_6-6,40
9.0,9,75620,CartPole-v1,"CP-ppo-ac-NN(6,6)-(lr=1.0e-5)-(86-params)",classic_NN_6-6,40
38.0,38,75636,CartPole-v1,"CP-ppo-ac-NN(6,6)-(lr=1.0e-5)-(86-params)",classic_NN_6-6,40
16.0,16,75644,CartPole-v1,"CP-ppo-ac-NN(6,6)-(lr=1.0e-5)-(86-params)",classic_NN_6-6,40
10.0,10,75660,CartPole-v1,"CP-ppo-ac-NN(6,6)-(lr=1.0e-5)-(86-params)",classic_NN_6-6,40
32.0,32,75696,CartPole-v1,"CP-ppo-ac-NN(6,6)-(lr=1.0e-5)-(86-params)",classic_NN_6-6,40
9.0,9,75696,CartPole-v1,"CP-ppo-ac-NN(6,6)-(lr=1.0e-5)-(86-params)",classic_NN_6-6,40
15.0,15,75704,CartPole-v1,"CP-ppo-ac-NN(6,6)-(lr=1.0e-5)-(86-params)",classic_NN_6-6,40
18.0,18,75708,CartPole-v1,"CP-ppo-ac-NN(6,6)-(lr=1.0e-5)-(86-params)",classic_NN_6-6,40
11.0,11,75748,CartPole-v1,"CP-ppo-ac-NN(6,6)-(lr=1.0e-5)-(86-params)",classic_NN_6-6,40
15.0,15,75756,CartPole-v1,"CP-ppo-ac-NN(6,6)-(lr=1.0e-5)-(86-params)",classic_NN_6-6,40
11.0,11,75792,CartPole-v1,"CP-ppo-ac-NN(6,6)-(lr=1.0e-5)-(86-params)",classic_NN_6-6,40
29.0,29,75812,CartPole-v1,"CP-ppo-ac-NN(6,6)-(lr=1.0e-5)-(86-params)",classic_NN_6-6,40
32.0,32,75836,CartPole-v1,"CP-ppo-ac-NN(6,6)-(lr=1.0e-5)-(86-params)",classic_NN_6-6,40
27.0,27,75864,CartPole-v1,"CP-ppo-ac-NN(6,6)-(lr=1.0e-5)-(86-params)",classic_NN_6-6,40
15.0,15,75896,CartPole-v1,"CP-ppo-ac-NN(6,6)-(lr=1.0e-5)-(86-params)",classic_NN_6-6,40
24.0,24,75908,CartPole-v1,"CP-ppo-ac-NN(6,6)-(lr=1.0e-5)-(86-params)",classic_NN_6-6,40
19.0,19,75972,CartPole-v1,"CP-ppo-ac-NN(6,6)-(lr=1.0e-5)-(86-params)",classic_NN_6-6,40
20.0,20,75988,CartPole-v1,"CP-ppo-ac-NN(6,6)-(lr=1.0e-5)-(86-params)",classic_NN_6-6,40
39.0,39,76020,CartPole-v1,"CP-ppo-ac-NN(6,6)-(lr=1.0e-5)-(86-params)",classic_NN_6-6,40
11.0,11,76032,CartPole-v1,"CP-ppo-ac-NN(6,6)-(lr=1.0e-5)-(86-params)",classic_NN_6-6,40
18.0,18,76044,CartPole-v1,"CP-ppo-ac-NN(6,6)-(lr=1.0e-5)-(86-params)",classic_NN_6-6,40
63.0,63,76044,CartPole-v1,"CP-ppo-ac-NN(6,6)-(lr=1.0e-5)-(86-params)",classic_NN_6-6,40
14.0,14,76100,CartPole-v1,"CP-ppo-ac-NN(6,6)-(lr=1.0e-5)-(86-params)",classic_NN_6-6,40
16.0,16,76108,CartPole-v1,"CP-ppo-ac-NN(6,6)-(lr=1.0e-5)-(86-params)",classic_NN_6-6,40
35.0,35,76160,CartPole-v1,"CP-ppo-ac-NN(6,6)-(lr=1.0e-5)-(86-params)",classic_NN_6-6,40
33.0,33,76164,CartPole-v1,"CP-ppo-ac-NN(6,6)-(lr=1.0e-5)-(86-params)",classic_NN_6-6,40
18.0,18,76232,CartPole-v1,"CP-ppo-ac-NN(6,6)-(lr=1.0e-5)-(86-params)",classic_NN_6-6,40
18.0,18,76236,CartPole-v1,"CP-ppo-ac-NN(6,6)-(lr=1.0e-5)-(86-params)",classic_NN_6-6,40
34.0,34,76236,CartPole-v1,"CP-ppo-ac-NN(6,6)-(lr=1.0e-5)-(86-params)",classic_NN_6-6,40
47.0,47,76296,CartPole-v1,"CP-ppo-ac-NN(6,6)-(lr=1.0e-5)-(86-params)",classic_NN_6-6,40
21.0,21,76320,CartPole-v1,"CP-ppo-ac-NN(6,6)-(lr=1.0e-5)-(86-params)",classic_NN_6-6,40
23.0,23,76328,CartPole-v1,"CP-ppo-ac-NN(6,6)-(lr=1.0e-5)-(86-params)",classic_NN_6-6,40
16.0,16,76392,CartPole-v1,"CP-ppo-ac-NN(6,6)-(lr=1.0e-5)-(86-params)",classic_NN_6-6,40
25.0,25,76396,CartPole-v1,"CP-ppo-ac-NN(6,6)-(lr=1.0e-5)-(86-params)",classic_NN_6-6,40
26.0,26,76424,CartPole-v1,"CP-ppo-ac-NN(6,6)-(lr=1.0e-5)-(86-params)",classic_NN_6-6,40
52.0,52,76440,CartPole-v1,"CP-ppo-ac-NN(6,6)-(lr=1.0e-5)-(86-params)",classic_NN_6-6,40
16.0,16,76456,CartPole-v1,"CP-ppo-ac-NN(6,6)-(lr=1.0e-5)-(86-params)",classic_NN_6-6,40
31.0,31,76520,CartPole-v1,"CP-ppo-ac-NN(6,6)-(lr=1.0e-5)-(86-params)",classic_NN_6-6,40
27.0,27,76564,CartPole-v1,"CP-ppo-ac-NN(6,6)-(lr=1.0e-5)-(86-params)",classic_NN_6-6,40
42.0,42,76592,CartPole-v1,"CP-ppo-ac-NN(6,6)-(lr=1.0e-5)-(86-params)",classic_NN_6-6,40
38.0,38,76592,CartPole-v1,"CP-ppo-ac-NN(6,6)-(lr=1.0e-5)-(86-params)",classic_NN_6-6,40
14.0,14,76648,CartPole-v1,"CP-ppo-ac-NN(6,6)-(lr=1.0e-5)-(86-params)",classic_NN_6-6,40
24.0,24,76660,CartPole-v1,"CP-ppo-ac-NN(6,6)-(lr=1.0e-5)-(86-params)",classic_NN_6-6,40
15.0,15,76708,CartPole-v1,"CP-ppo-ac-NN(6,6)-(lr=1.0e-5)-(86-params)",classic_NN_6-6,40
51.0,51,76724,CartPole-v1,"CP-ppo-ac-NN(6,6)-(lr=1.0e-5)-(86-params)",classic_NN_6-6,40
16.0,16,76724,CartPole-v1,"CP-ppo-ac-NN(6,6)-(lr=1.0e-5)-(86-params)",classic_NN_6-6,40
24.0,24,76820,CartPole-v1,"CP-ppo-ac-NN(6,6)-(lr=1.0e-5)-(86-params)",classic_NN_6-6,40
62.0,62,76840,CartPole-v1,"CP-ppo-ac-NN(6,6)-(lr=1.0e-5)-(86-params)",classic_NN_6-6,40
35.0,35,76848,CartPole-v1,"CP-ppo-ac-NN(6,6)-(lr=1.0e-5)-(86-params)",classic_NN_6-6,40
33.0,33,76856,CartPole-v1,"CP-ppo-ac-NN(6,6)-(lr=1.0e-5)-(86-params)",classic_NN_6-6,40
14.0,14,76896,CartPole-v1,"CP-ppo-ac-NN(6,6)-(lr=1.0e-5)-(86-params)",classic_NN_6-6,40
14.0,14,76904,CartPole-v1,"CP-ppo-ac-NN(6,6)-(lr=1.0e-5)-(86-params)",classic_NN_6-6,40
26.0,26,76924,CartPole-v1,"CP-ppo-ac-NN(6,6)-(lr=1.0e-5)-(86-params)",classic_NN_6-6,40
11.0,11,76948,CartPole-v1,"CP-ppo-ac-NN(6,6)-(lr=1.0e-5)-(86-params)",classic_NN_6-6,40
18.0,18,76968,CartPole-v1,"CP-ppo-ac-NN(6,6)-(lr=1.0e-5)-(86-params)",classic_NN_6-6,40
22.0,22,77012,CartPole-v1,"CP-ppo-ac-NN(6,6)-(lr=1.0e-5)-(86-params)",classic_NN_6-6,40
27.0,27,77056,CartPole-v1,"CP-ppo-ac-NN(6,6)-(lr=1.0e-5)-(86-params)",classic_NN_6-6,40
53.0,53,77068,CartPole-v1,"CP-ppo-ac-NN(6,6)-(lr=1.0e-5)-(86-params)",classic_NN_6-6,40
18.0,18,77084,CartPole-v1,"CP-ppo-ac-NN(6,6)-(lr=1.0e-5)-(86-params)",classic_NN_6-6,40
36.0,36,77112,CartPole-v1,"CP-ppo-ac-NN(6,6)-(lr=1.0e-5)-(86-params)",classic_NN_6-6,40
17.0,17,77124,CartPole-v1,"CP-ppo-ac-NN(6,6)-(lr=1.0e-5)-(86-params)",classic_NN_6-6,40
20.0,20,77148,CartPole-v1,"CP-ppo-ac-NN(6,6)-(lr=1.0e-5)-(86-params)",classic_NN_6-6,40
21.0,21,77168,CartPole-v1,"CP-ppo-ac-NN(6,6)-(lr=1.0e-5)-(86-params)",classic_NN_6-6,40
13.0,13,77200,CartPole-v1,"CP-ppo-ac-NN(6,6)-(lr=1.0e-5)-(86-params)",classic_NN_6-6,40
12.0,12,77216,CartPole-v1,"CP-ppo-ac-NN(6,6)-(lr=1.0e-5)-(86-params)",classic_NN_6-6,40
29.0,29,77240,CartPole-v1,"CP-ppo-ac-NN(6,6)-(lr=1.0e-5)-(86-params)",classic_NN_6-6,40
19.0,19,77276,CartPole-v1,"CP-ppo-ac-NN(6,6)-(lr=1.0e-5)-(86-params)",classic_NN_6-6,40
19.0,19,77292,CartPole-v1,"CP-ppo-ac-NN(6,6)-(lr=1.0e-5)-(86-params)",classic_NN_6-6,40
14.0,14,77296,CartPole-v1,"CP-ppo-ac-NN(6,6)-(lr=1.0e-5)-(86-params)",classic_NN_6-6,40
49.0,49,77308,CartPole-v1,"CP-ppo-ac-NN(6,6)-(lr=1.0e-5)-(86-params)",classic_NN_6-6,40
13.0,13,77348,CartPole-v1,"CP-ppo-ac-NN(6,6)-(lr=1.0e-5)-(86-params)",classic_NN_6-6,40
22.0,22,77364,CartPole-v1,"CP-ppo-ac-NN(6,6)-(lr=1.0e-5)-(86-params)",classic_NN_6-6,40
16.0,16,77372,CartPole-v1,"CP-ppo-ac-NN(6,6)-(lr=1.0e-5)-(86-params)",classic_NN_6-6,40
40.0,40,77452,CartPole-v1,"CP-ppo-ac-NN(6,6)-(lr=1.0e-5)-(86-params)",classic_NN_6-6,40
26.0,26,77468,CartPole-v1,"CP-ppo-ac-NN(6,6)-(lr=1.0e-5)-(86-params)",classic_NN_6-6,40
27.0,27,77480,CartPole-v1,"CP-ppo-ac-NN(6,6)-(lr=1.0e-5)-(86-params)",classic_NN_6-6,40
42.0,42,77516,CartPole-v1,"CP-ppo-ac-NN(6,6)-(lr=1.0e-5)-(86-params)",classic_NN_6-6,40
26.0,26,77556,CartPole-v1,"CP-ppo-ac-NN(6,6)-(lr=1.0e-5)-(86-params)",classic_NN_6-6,40
22.0,22,77556,CartPole-v1,"CP-ppo-ac-NN(6,6)-(lr=1.0e-5)-(86-params)",classic_NN_6-6,40
40.0,40,77640,CartPole-v1,"CP-ppo-ac-NN(6,6)-(lr=1.0e-5)-(86-params)",classic_NN_6-6,40
21.0,21,77640,CartPole-v1,"CP-ppo-ac-NN(6,6)-(lr=1.0e-5)-(86-params)",classic_NN_6-6,40
34.0,34,77652,CartPole-v1,"CP-ppo-ac-NN(6,6)-(lr=1.0e-5)-(86-params)",classic_NN_6-6,40
27.0,27,77664,CartPole-v1,"CP-ppo-ac-NN(6,6)-(lr=1.0e-5)-(86-params)",classic_NN_6-6,40
10.0,10,77680,CartPole-v1,"CP-ppo-ac-NN(6,6)-(lr=1.0e-5)-(86-params)",classic_NN_6-6,40
23.0,23,77732,CartPole-v1,"CP-ppo-ac-NN(6,6)-(lr=1.0e-5)-(86-params)",classic_NN_6-6,40
13.0,13,77732,CartPole-v1,"CP-ppo-ac-NN(6,6)-(lr=1.0e-5)-(86-params)",classic_NN_6-6,40
31.0,31,77776,CartPole-v1,"CP-ppo-ac-NN(6,6)-(lr=1.0e-5)-(86-params)",classic_NN_6-6,40
18.0,18,77804,CartPole-v1,"CP-ppo-ac-NN(6,6)-(lr=1.0e-5)-(86-params)",classic_NN_6-6,40
43.0,43,77836,CartPole-v1,"CP-ppo-ac-NN(6,6)-(lr=1.0e-5)-(86-params)",classic_NN_6-6,40
27.0,27,77840,CartPole-v1,"CP-ppo-ac-NN(6,6)-(lr=1.0e-5)-(86-params)",classic_NN_6-6,40
21.0,21,77860,CartPole-v1,"CP-ppo-ac-NN(6,6)-(lr=1.0e-5)-(86-params)",classic_NN_6-6,40
18.0,18,77876,CartPole-v1,"CP-ppo-ac-NN(6,6)-(lr=1.0e-5)-(86-params)",classic_NN_6-6,40
9.0,9,77876,CartPole-v1,"CP-ppo-ac-NN(6,6)-(lr=1.0e-5)-(86-params)",classic_NN_6-6,40
18.0,18,77908,CartPole-v1,"CP-ppo-ac-NN(6,6)-(lr=1.0e-5)-(86-params)",classic_NN_6-6,40
22.0,22,77948,CartPole-v1,"CP-ppo-ac-NN(6,6)-(lr=1.0e-5)-(86-params)",classic_NN_6-6,40
19.0,19,77984,CartPole-v1,"CP-ppo-ac-NN(6,6)-(lr=1.0e-5)-(86-params)",classic_NN_6-6,40
31.0,31,78000,CartPole-v1,"CP-ppo-ac-NN(6,6)-(lr=1.0e-5)-(86-params)",classic_NN_6-6,40
16.0,16,78012,CartPole-v1,"CP-ppo-ac-NN(6,6)-(lr=1.0e-5)-(86-params)",classic_NN_6-6,40
37.0,37,78024,CartPole-v1,"CP-ppo-ac-NN(6,6)-(lr=1.0e-5)-(86-params)",classic_NN_6-6,40
18.0,18,78056,CartPole-v1,"CP-ppo-ac-NN(6,6)-(lr=1.0e-5)-(86-params)",classic_NN_6-6,40
12.0,12,78060,CartPole-v1,"CP-ppo-ac-NN(6,6)-(lr=1.0e-5)-(86-params)",classic_NN_6-6,40
16.0,16,78088,CartPole-v1,"CP-ppo-ac-NN(6,6)-(lr=1.0e-5)-(86-params)",classic_NN_6-6,40
30.0,30,78120,CartPole-v1,"CP-ppo-ac-NN(6,6)-(lr=1.0e-5)-(86-params)",classic_NN_6-6,40
9.0,9,78124,CartPole-v1,"CP-ppo-ac-NN(6,6)-(lr=1.0e-5)-(86-params)",classic_NN_6-6,40
23.0,23,78152,CartPole-v1,"CP-ppo-ac-NN(6,6)-(lr=1.0e-5)-(86-params)",classic_NN_6-6,40
25.0,25,78156,CartPole-v1,"CP-ppo-ac-NN(6,6)-(lr=1.0e-5)-(86-params)",classic_NN_6-6,40
18.0,18,78196,CartPole-v1,"CP-ppo-ac-NN(6,6)-(lr=1.0e-5)-(86-params)",classic_NN_6-6,40
21.0,21,78204,CartPole-v1,"CP-ppo-ac-NN(6,6)-(lr=1.0e-5)-(86-params)",classic_NN_6-6,40
18.0,18,78224,CartPole-v1,"CP-ppo-ac-NN(6,6)-(lr=1.0e-5)-(86-params)",classic_NN_6-6,40
14.0,14,78252,CartPole-v1,"CP-ppo-ac-NN(6,6)-(lr=1.0e-5)-(86-params)",classic_NN_6-6,40
14.0,14,78260,CartPole-v1,"CP-ppo-ac-NN(6,6)-(lr=1.0e-5)-(86-params)",classic_NN_6-6,40
12.0,12,78272,CartPole-v1,"CP-ppo-ac-NN(6,6)-(lr=1.0e-5)-(86-params)",classic_NN_6-6,40
15.0,15,78312,CartPole-v1,"CP-ppo-ac-NN(6,6)-(lr=1.0e-5)-(86-params)",classic_NN_6-6,40
42.0,42,78324,CartPole-v1,"CP-ppo-ac-NN(6,6)-(lr=1.0e-5)-(86-params)",classic_NN_6-6,40
19.0,19,78336,CartPole-v1,"CP-ppo-ac-NN(6,6)-(lr=1.0e-5)-(86-params)",classic_NN_6-6,40
13.0,13,78388,CartPole-v1,"CP-ppo-ac-NN(6,6)-(lr=1.0e-5)-(86-params)",classic_NN_6-6,40
31.0,31,78436,CartPole-v1,"CP-ppo-ac-NN(6,6)-(lr=1.0e-5)-(86-params)",classic_NN_6-6,40
42.0,42,78440,CartPole-v1,"CP-ppo-ac-NN(6,6)-(lr=1.0e-5)-(86-params)",classic_NN_6-6,40
16.0,16,78452,CartPole-v1,"CP-ppo-ac-NN(6,6)-(lr=1.0e-5)-(86-params)",classic_NN_6-6,40
32.0,32,78452,CartPole-v1,"CP-ppo-ac-NN(6,6)-(lr=1.0e-5)-(86-params)",classic_NN_6-6,40
15.0,15,78500,CartPole-v1,"CP-ppo-ac-NN(6,6)-(lr=1.0e-5)-(86-params)",classic_NN_6-6,40
24.0,24,78548,CartPole-v1,"CP-ppo-ac-NN(6,6)-(lr=1.0e-5)-(86-params)",classic_NN_6-6,40
17.0,17,78568,CartPole-v1,"CP-ppo-ac-NN(6,6)-(lr=1.0e-5)-(86-params)",classic_NN_6-6,40
34.0,34,78572,CartPole-v1,"CP-ppo-ac-NN(6,6)-(lr=1.0e-5)-(86-params)",classic_NN_6-6,40
13.0,13,78600,CartPole-v1,"CP-ppo-ac-NN(6,6)-(lr=1.0e-5)-(86-params)",classic_NN_6-6,40
22.0,22,78656,CartPole-v1,"CP-ppo-ac-NN(6,6)-(lr=1.0e-5)-(86-params)",classic_NN_6-6,40
22.0,22,78660,CartPole-v1,"CP-ppo-ac-NN(6,6)-(lr=1.0e-5)-(86-params)",classic_NN_6-6,40
57.0,57,78680,CartPole-v1,"CP-ppo-ac-NN(6,6)-(lr=1.0e-5)-(86-params)",classic_NN_6-6,40
26.0,26,78704,CartPole-v1,"CP-ppo-ac-NN(6,6)-(lr=1.0e-5)-(86-params)",classic_NN_6-6,40
17.0,17,78728,CartPole-v1,"CP-ppo-ac-NN(6,6)-(lr=1.0e-5)-(86-params)",classic_NN_6-6,40
12.0,12,78728,CartPole-v1,"CP-ppo-ac-NN(6,6)-(lr=1.0e-5)-(86-params)",classic_NN_6-6,40
29.0,29,78772,CartPole-v1,"CP-ppo-ac-NN(6,6)-(lr=1.0e-5)-(86-params)",classic_NN_6-6,40
13.0,13,78780,CartPole-v1,"CP-ppo-ac-NN(6,6)-(lr=1.0e-5)-(86-params)",classic_NN_6-6,40
19.0,19,78804,CartPole-v1,"CP-ppo-ac-NN(6,6)-(lr=1.0e-5)-(86-params)",classic_NN_6-6,40
29.0,29,78820,CartPole-v1,"CP-ppo-ac-NN(6,6)-(lr=1.0e-5)-(86-params)",classic_NN_6-6,40
18.0,18,78852,CartPole-v1,"CP-ppo-ac-NN(6,6)-(lr=1.0e-5)-(86-params)",classic_NN_6-6,40
14.0,14,78860,CartPole-v1,"CP-ppo-ac-NN(6,6)-(lr=1.0e-5)-(86-params)",classic_NN_6-6,40
12.0,12,78868,CartPole-v1,"CP-ppo-ac-NN(6,6)-(lr=1.0e-5)-(86-params)",classic_NN_6-6,40
29.0,29,78888,CartPole-v1,"CP-ppo-ac-NN(6,6)-(lr=1.0e-5)-(86-params)",classic_NN_6-6,40
8.0,8,78920,CartPole-v1,"CP-ppo-ac-NN(6,6)-(lr=1.0e-5)-(86-params)",classic_NN_6-6,40
25.0,25,78952,CartPole-v1,"CP-ppo-ac-NN(6,6)-(lr=1.0e-5)-(86-params)",classic_NN_6-6,40
24.0,24,78956,CartPole-v1,"CP-ppo-ac-NN(6,6)-(lr=1.0e-5)-(86-params)",classic_NN_6-6,40
29.0,29,78984,CartPole-v1,"CP-ppo-ac-NN(6,6)-(lr=1.0e-5)-(86-params)",classic_NN_6-6,40
9.0,9,78992,CartPole-v1,"CP-ppo-ac-NN(6,6)-(lr=1.0e-5)-(86-params)",classic_NN_6-6,40
14.0,14,79008,CartPole-v1,"CP-ppo-ac-NN(6,6)-(lr=1.0e-5)-(86-params)",classic_NN_6-6,40
25.0,25,79020,CartPole-v1,"CP-ppo-ac-NN(6,6)-(lr=1.0e-5)-(86-params)",classic_NN_6-6,40
22.0,22,79072,CartPole-v1,"CP-ppo-ac-NN(6,6)-(lr=1.0e-5)-(86-params)",classic_NN_6-6,40
21.0,21,79076,CartPole-v1,"CP-ppo-ac-NN(6,6)-(lr=1.0e-5)-(86-params)",classic_NN_6-6,40
18.0,18,79092,CartPole-v1,"CP-ppo-ac-NN(6,6)-(lr=1.0e-5)-(86-params)",classic_NN_6-6,40
16.0,16,79136,CartPole-v1,"CP-ppo-ac-NN(6,6)-(lr=1.0e-5)-(86-params)",classic_NN_6-6,40
26.0,26,79180,CartPole-v1,"CP-ppo-ac-NN(6,6)-(lr=1.0e-5)-(86-params)",classic_NN_6-6,40
18.0,18,79208,CartPole-v1,"CP-ppo-ac-NN(6,6)-(lr=1.0e-5)-(86-params)",classic_NN_6-6,40
34.0,34,79228,CartPole-v1,"CP-ppo-ac-NN(6,6)-(lr=1.0e-5)-(86-params)",classic_NN_6-6,40
59.0,59,79244,CartPole-v1,"CP-ppo-ac-NN(6,6)-(lr=1.0e-5)-(86-params)",classic_NN_6-6,40
21.0,21,79292,CartPole-v1,"CP-ppo-ac-NN(6,6)-(lr=1.0e-5)-(86-params)",classic_NN_6-6,40
28.0,28,79356,CartPole-v1,"CP-ppo-ac-NN(6,6)-(lr=1.0e-5)-(86-params)",classic_NN_6-6,40
46.0,46,79364,CartPole-v1,"CP-ppo-ac-NN(6,6)-(lr=1.0e-5)-(86-params)",classic_NN_6-6,40
31.0,31,79416,CartPole-v1,"CP-ppo-ac-NN(6,6)-(lr=1.0e-5)-(86-params)",classic_NN_6-6,40
47.0,47,79416,CartPole-v1,"CP-ppo-ac-NN(6,6)-(lr=1.0e-5)-(86-params)",classic_NN_6-6,40
14.0,14,79420,CartPole-v1,"CP-ppo-ac-NN(6,6)-(lr=1.0e-5)-(86-params)",classic_NN_6-6,40
26.0,26,79460,CartPole-v1,"CP-ppo-ac-NN(6,6)-(lr=1.0e-5)-(86-params)",classic_NN_6-6,40
12.0,12,79468,CartPole-v1,"CP-ppo-ac-NN(6,6)-(lr=1.0e-5)-(86-params)",classic_NN_6-6,40
17.0,17,79528,CartPole-v1,"CP-ppo-ac-NN(6,6)-(lr=1.0e-5)-(86-params)",classic_NN_6-6,40
37.0,37,79564,CartPole-v1,"CP-ppo-ac-NN(6,6)-(lr=1.0e-5)-(86-params)",classic_NN_6-6,40
26.0,26,79572,CartPole-v1,"CP-ppo-ac-NN(6,6)-(lr=1.0e-5)-(86-params)",classic_NN_6-6,40
50.0,50,79616,CartPole-v1,"CP-ppo-ac-NN(6,6)-(lr=1.0e-5)-(86-params)",classic_NN_6-6,40
23.0,23,79620,CartPole-v1,"CP-ppo-ac-NN(6,6)-(lr=1.0e-5)-(86-params)",classic_NN_6-6,40
18.0,18,79636,CartPole-v1,"CP-ppo-ac-NN(6,6)-(lr=1.0e-5)-(86-params)",classic_NN_6-6,40
12.0,12,79684,CartPole-v1,"CP-ppo-ac-NN(6,6)-(lr=1.0e-5)-(86-params)",classic_NN_6-6,40
12.0,12,79732,CartPole-v1,"CP-ppo-ac-NN(6,6)-(lr=1.0e-5)-(86-params)",classic_NN_6-6,40
30.0,30,79736,CartPole-v1,"CP-ppo-ac-NN(6,6)-(lr=1.0e-5)-(86-params)",classic_NN_6-6,40
41.0,41,79736,CartPole-v1,"CP-ppo-ac-NN(6,6)-(lr=1.0e-5)-(86-params)",classic_NN_6-6,40
29.0,29,79736,CartPole-v1,"CP-ppo-ac-NN(6,6)-(lr=1.0e-5)-(86-params)",classic_NN_6-6,40
10.0,10,79776,CartPole-v1,"CP-ppo-ac-NN(6,6)-(lr=1.0e-5)-(86-params)",classic_NN_6-6,40
14.0,14,79792,CartPole-v1,"CP-ppo-ac-NN(6,6)-(lr=1.0e-5)-(86-params)",classic_NN_6-6,40
15.0,15,79796,CartPole-v1,"CP-ppo-ac-NN(6,6)-(lr=1.0e-5)-(86-params)",classic_NN_6-6,40
11.0,11,79820,CartPole-v1,"CP-ppo-ac-NN(6,6)-(lr=1.0e-5)-(86-params)",classic_NN_6-6,40
23.0,23,79824,CartPole-v1,"CP-ppo-ac-NN(6,6)-(lr=1.0e-5)-(86-params)",classic_NN_6-6,40
22.0,22,79880,CartPole-v1,"CP-ppo-ac-NN(6,6)-(lr=1.0e-5)-(86-params)",classic_NN_6-6,40
22.0,22,79884,CartPole-v1,"CP-ppo-ac-NN(6,6)-(lr=1.0e-5)-(86-params)",classic_NN_6-6,40
17.0,17,79888,CartPole-v1,"CP-ppo-ac-NN(6,6)-(lr=1.0e-5)-(86-params)",classic_NN_6-6,40
17.0,17,79892,CartPole-v1,"CP-ppo-ac-NN(6,6)-(lr=1.0e-5)-(86-params)",classic_NN_6-6,40
14.0,14,79936,CartPole-v1,"CP-ppo-ac-NN(6,6)-(lr=1.0e-5)-(86-params)",classic_NN_6-6,40
13.0,13,79936,CartPole-v1,"CP-ppo-ac-NN(6,6)-(lr=1.0e-5)-(86-params)",classic_NN_6-6,40
26.0,26,79992,CartPole-v1,"CP-ppo-ac-NN(6,6)-(lr=1.0e-5)-(86-params)",classic_NN_6-6,40
30.0,30,80012,CartPole-v1,"CP-ppo-ac-NN(6,6)-(lr=1.0e-5)-(86-params)",classic_NN_6-6,40
27.0,27,80044,CartPole-v1,"CP-ppo-ac-NN(6,6)-(lr=1.0e-5)-(86-params)",classic_NN_6-6,40
20.0,20,80072,CartPole-v1,"CP-ppo-ac-NN(6,6)-(lr=1.0e-5)-(86-params)",classic_NN_6-6,40
49.0,49,80132,CartPole-v1,"CP-ppo-ac-NN(6,6)-(lr=1.0e-5)-(86-params)",classic_NN_6-6,40
15.0,15,80132,CartPole-v1,"CP-ppo-ac-NN(6,6)-(lr=1.0e-5)-(86-params)",classic_NN_6-6,40
22.0,22,80132,CartPole-v1,"CP-ppo-ac-NN(6,6)-(lr=1.0e-5)-(86-params)",classic_NN_6-6,40
40.0,40,80172,CartPole-v1,"CP-ppo-ac-NN(6,6)-(lr=1.0e-5)-(86-params)",classic_NN_6-6,40
17.0,17,80200,CartPole-v1,"CP-ppo-ac-NN(6,6)-(lr=1.0e-5)-(86-params)",classic_NN_6-6,40
13.0,13,80224,CartPole-v1,"CP-ppo-ac-NN(6,6)-(lr=1.0e-5)-(86-params)",classic_NN_6-6,40
24.0,24,80228,CartPole-v1,"CP-ppo-ac-NN(6,6)-(lr=1.0e-5)-(86-params)",classic_NN_6-6,40
17.0,17,80268,CartPole-v1,"CP-ppo-ac-NN(6,6)-(lr=1.0e-5)-(86-params)",classic_NN_6-6,40
19.0,19,80300,CartPole-v1,"CP-ppo-ac-NN(6,6)-(lr=1.0e-5)-(86-params)",classic_NN_6-6,40
22.0,22,80316,CartPole-v1,"CP-ppo-ac-NN(6,6)-(lr=1.0e-5)-(86-params)",classic_NN_6-6,40
19.0,19,80376,CartPole-v1,"CP-ppo-ac-NN(6,6)-(lr=1.0e-5)-(86-params)",classic_NN_6-6,40
16.0,16,80380,CartPole-v1,"CP-ppo-ac-NN(6,6)-(lr=1.0e-5)-(86-params)",classic_NN_6-6,40
32.0,32,80396,CartPole-v1,"CP-ppo-ac-NN(6,6)-(lr=1.0e-5)-(86-params)",classic_NN_6-6,40
11.0,11,80420,CartPole-v1,"CP-ppo-ac-NN(6,6)-(lr=1.0e-5)-(86-params)",classic_NN_6-6,40
73.0,73,80424,CartPole-v1,"CP-ppo-ac-NN(6,6)-(lr=1.0e-5)-(86-params)",classic_NN_6-6,40
11.0,11,80464,CartPole-v1,"CP-ppo-ac-NN(6,6)-(lr=1.0e-5)-(86-params)",classic_NN_6-6,40
12.0,12,80472,CartPole-v1,"CP-ppo-ac-NN(6,6)-(lr=1.0e-5)-(86-params)",classic_NN_6-6,40
26.0,26,80500,CartPole-v1,"CP-ppo-ac-NN(6,6)-(lr=1.0e-5)-(86-params)",classic_NN_6-6,40
16.0,16,80528,CartPole-v1,"CP-ppo-ac-NN(6,6)-(lr=1.0e-5)-(86-params)",classic_NN_6-6,40
44.0,44,80556,CartPole-v1,"CP-ppo-ac-NN(6,6)-(lr=1.0e-5)-(86-params)",classic_NN_6-6,40
12.0,12,80576,CartPole-v1,"CP-ppo-ac-NN(6,6)-(lr=1.0e-5)-(86-params)",classic_NN_6-6,40
27.0,27,80580,CartPole-v1,"CP-ppo-ac-NN(6,6)-(lr=1.0e-5)-(86-params)",classic_NN_6-6,40
15.0,15,80616,CartPole-v1,"CP-ppo-ac-NN(6,6)-(lr=1.0e-5)-(86-params)",classic_NN_6-6,40
12.0,12,80628,CartPole-v1,"CP-ppo-ac-NN(6,6)-(lr=1.0e-5)-(86-params)",classic_NN_6-6,40
33.0,33,80632,CartPole-v1,"CP-ppo-ac-NN(6,6)-(lr=1.0e-5)-(86-params)",classic_NN_6-6,40
24.0,24,80672,CartPole-v1,"CP-ppo-ac-NN(6,6)-(lr=1.0e-5)-(86-params)",classic_NN_6-6,40
20.0,20,80708,CartPole-v1,"CP-ppo-ac-NN(6,6)-(lr=1.0e-5)-(86-params)",classic_NN_6-6,40
10.0,10,80748,CartPole-v1,"CP-ppo-ac-NN(6,6)-(lr=1.0e-5)-(86-params)",classic_NN_6-6,40
34.0,34,80768,CartPole-v1,"CP-ppo-ac-NN(6,6)-(lr=1.0e-5)-(86-params)",classic_NN_6-6,40
39.0,39,80772,CartPole-v1,"CP-ppo-ac-NN(6,6)-(lr=1.0e-5)-(86-params)",classic_NN_6-6,40
29.0,29,80864,CartPole-v1,"CP-ppo-ac-NN(6,6)-(lr=1.0e-5)-(86-params)",classic_NN_6-6,40
11.0,11,80908,CartPole-v1,"CP-ppo-ac-NN(6,6)-(lr=1.0e-5)-(86-params)",classic_NN_6-6,40
45.0,45,80952,CartPole-v1,"CP-ppo-ac-NN(6,6)-(lr=1.0e-5)-(86-params)",classic_NN_6-6,40
47.0,47,80956,CartPole-v1,"CP-ppo-ac-NN(6,6)-(lr=1.0e-5)-(86-params)",classic_NN_6-6,40
18.0,18,80980,CartPole-v1,"CP-ppo-ac-NN(6,6)-(lr=1.0e-5)-(86-params)",classic_NN_6-6,40
80.0,80,80992,CartPole-v1,"CP-ppo-ac-NN(6,6)-(lr=1.0e-5)-(86-params)",classic_NN_6-6,40
14.0,14,81012,CartPole-v1,"CP-ppo-ac-NN(6,6)-(lr=1.0e-5)-(86-params)",classic_NN_6-6,40
13.0,13,81044,CartPole-v1,"CP-ppo-ac-NN(6,6)-(lr=1.0e-5)-(86-params)",classic_NN_6-6,40
26.0,26,81056,CartPole-v1,"CP-ppo-ac-NN(6,6)-(lr=1.0e-5)-(86-params)",classic_NN_6-6,40
19.0,19,81056,CartPole-v1,"CP-ppo-ac-NN(6,6)-(lr=1.0e-5)-(86-params)",classic_NN_6-6,40
12.0,12,81092,CartPole-v1,"CP-ppo-ac-NN(6,6)-(lr=1.0e-5)-(86-params)",classic_NN_6-6,40
22.0,22,81100,CartPole-v1,"CP-ppo-ac-NN(6,6)-(lr=1.0e-5)-(86-params)",classic_NN_6-6,40
14.0,14,81148,CartPole-v1,"CP-ppo-ac-NN(6,6)-(lr=1.0e-5)-(86-params)",classic_NN_6-6,40
30.0,30,81176,CartPole-v1,"CP-ppo-ac-NN(6,6)-(lr=1.0e-5)-(86-params)",classic_NN_6-6,40
22.0,22,81188,CartPole-v1,"CP-ppo-ac-NN(6,6)-(lr=1.0e-5)-(86-params)",classic_NN_6-6,40
16.0,16,81212,CartPole-v1,"CP-ppo-ac-NN(6,6)-(lr=1.0e-5)-(86-params)",classic_NN_6-6,40
16.0,16,81240,CartPole-v1,"CP-ppo-ac-NN(6,6)-(lr=1.0e-5)-(86-params)",classic_NN_6-6,40
47.0,47,81244,CartPole-v1,"CP-ppo-ac-NN(6,6)-(lr=1.0e-5)-(86-params)",classic_NN_6-6,40
14.0,14,81244,CartPole-v1,"CP-ppo-ac-NN(6,6)-(lr=1.0e-5)-(86-params)",classic_NN_6-6,40
12.0,12,81292,CartPole-v1,"CP-ppo-ac-NN(6,6)-(lr=1.0e-5)-(86-params)",classic_NN_6-6,40
22.0,22,81300,CartPole-v1,"CP-ppo-ac-NN(6,6)-(lr=1.0e-5)-(86-params)",classic_NN_6-6,40
29.0,29,81356,CartPole-v1,"CP-ppo-ac-NN(6,6)-(lr=1.0e-5)-(86-params)",classic_NN_6-6,40
18.0,18,81364,CartPole-v1,"CP-ppo-ac-NN(6,6)-(lr=1.0e-5)-(86-params)",classic_NN_6-6,40
21.0,21,81384,CartPole-v1,"CP-ppo-ac-NN(6,6)-(lr=1.0e-5)-(86-params)",classic_NN_6-6,40
12.0,12,81412,CartPole-v1,"CP-ppo-ac-NN(6,6)-(lr=1.0e-5)-(86-params)",classic_NN_6-6,40
12.0,12,81432,CartPole-v1,"CP-ppo-ac-NN(6,6)-(lr=1.0e-5)-(86-params)",classic_NN_6-6,40
21.0,21,81440,CartPole-v1,"CP-ppo-ac-NN(6,6)-(lr=1.0e-5)-(86-params)",classic_NN_6-6,40
29.0,29,81528,CartPole-v1,"CP-ppo-ac-NN(6,6)-(lr=1.0e-5)-(86-params)",classic_NN_6-6,40
30.0,30,81552,CartPole-v1,"CP-ppo-ac-NN(6,6)-(lr=1.0e-5)-(86-params)",classic_NN_6-6,40
82.0,82,81572,CartPole-v1,"CP-ppo-ac-NN(6,6)-(lr=1.0e-5)-(86-params)",classic_NN_6-6,40
19.0,19,81604,CartPole-v1,"CP-ppo-ac-NN(6,6)-(lr=1.0e-5)-(86-params)",classic_NN_6-6,40
44.0,44,81616,CartPole-v1,"CP-ppo-ac-NN(6,6)-(lr=1.0e-5)-(86-params)",classic_NN_6-6,40
15.0,15,81632,CartPole-v1,"CP-ppo-ac-NN(6,6)-(lr=1.0e-5)-(86-params)",classic_NN_6-6,40
11.0,11,81648,CartPole-v1,"CP-ppo-ac-NN(6,6)-(lr=1.0e-5)-(86-params)",classic_NN_6-6,40
25.0,25,81652,CartPole-v1,"CP-ppo-ac-NN(6,6)-(lr=1.0e-5)-(86-params)",classic_NN_6-6,40
14.0,14,81672,CartPole-v1,"CP-ppo-ac-NN(6,6)-(lr=1.0e-5)-(86-params)",classic_NN_6-6,40
16.0,16,81696,CartPole-v1,"CP-ppo-ac-NN(6,6)-(lr=1.0e-5)-(86-params)",classic_NN_6-6,40
12.0,12,81744,CartPole-v1,"CP-ppo-ac-NN(6,6)-(lr=1.0e-5)-(86-params)",classic_NN_6-6,40
22.0,22,81760,CartPole-v1,"CP-ppo-ac-NN(6,6)-(lr=1.0e-5)-(86-params)",classic_NN_6-6,40
24.0,24,81840,CartPole-v1,"CP-ppo-ac-NN(6,6)-(lr=1.0e-5)-(86-params)",classic_NN_6-6,40
58.0,58,81880,CartPole-v1,"CP-ppo-ac-NN(6,6)-(lr=1.0e-5)-(86-params)",classic_NN_6-6,40
58.0,58,81884,CartPole-v1,"CP-ppo-ac-NN(6,6)-(lr=1.0e-5)-(86-params)",classic_NN_6-6,40
15.0,15,81900,CartPole-v1,"CP-ppo-ac-NN(6,6)-(lr=1.0e-5)-(86-params)",classic_NN_6-6,40
15.0,15,81944,CartPole-v1,"CP-ppo-ac-NN(6,6)-(lr=1.0e-5)-(86-params)",classic_NN_6-6,40
48.0,48,81952,CartPole-v1,"CP-ppo-ac-NN(6,6)-(lr=1.0e-5)-(86-params)",classic_NN_6-6,40
11.0,11,81996,CartPole-v1,"CP-ppo-ac-NN(6,6)-(lr=1.0e-5)-(86-params)",classic_NN_6-6,40
32.0,32,82008,CartPole-v1,"CP-ppo-ac-NN(6,6)-(lr=1.0e-5)-(86-params)",classic_NN_6-6,40
17.0,17,82012,CartPole-v1,"CP-ppo-ac-NN(6,6)-(lr=1.0e-5)-(86-params)",classic_NN_6-6,40
31.0,31,82024,CartPole-v1,"CP-ppo-ac-NN(6,6)-(lr=1.0e-5)-(86-params)",classic_NN_6-6,40
12.0,12,82044,CartPole-v1,"CP-ppo-ac-NN(6,6)-(lr=1.0e-5)-(86-params)",classic_NN_6-6,40
15.0,15,82084,CartPole-v1,"CP-ppo-ac-NN(6,6)-(lr=1.0e-5)-(86-params)",classic_NN_6-6,40
21.0,21,82092,CartPole-v1,"CP-ppo-ac-NN(6,6)-(lr=1.0e-5)-(86-params)",classic_NN_6-6,40
16.0,16,82148,CartPole-v1,"CP-ppo-ac-NN(6,6)-(lr=1.0e-5)-(86-params)",classic_NN_6-6,40
27.0,27,82152,CartPole-v1,"CP-ppo-ac-NN(6,6)-(lr=1.0e-5)-(86-params)",classic_NN_6-6,40
36.0,36,82156,CartPole-v1,"CP-ppo-ac-NN(6,6)-(lr=1.0e-5)-(86-params)",classic_NN_6-6,40
16.0,16,82212,CartPole-v1,"CP-ppo-ac-NN(6,6)-(lr=1.0e-5)-(86-params)",classic_NN_6-6,40
40.0,40,82252,CartPole-v1,"CP-ppo-ac-NN(6,6)-(lr=1.0e-5)-(86-params)",classic_NN_6-6,40
15.0,15,82272,CartPole-v1,"CP-ppo-ac-NN(6,6)-(lr=1.0e-5)-(86-params)",classic_NN_6-6,40
10.0,10,82292,CartPole-v1,"CP-ppo-ac-NN(6,6)-(lr=1.0e-5)-(86-params)",classic_NN_6-6,40
35.0,35,82296,CartPole-v1,"CP-ppo-ac-NN(6,6)-(lr=1.0e-5)-(86-params)",classic_NN_6-6,40
40.0,40,82312,CartPole-v1,"CP-ppo-ac-NN(6,6)-(lr=1.0e-5)-(86-params)",classic_NN_6-6,40
21.0,21,82376,CartPole-v1,"CP-ppo-ac-NN(6,6)-(lr=1.0e-5)-(86-params)",classic_NN_6-6,40
21.0,21,82396,CartPole-v1,"CP-ppo-ac-NN(6,6)-(lr=1.0e-5)-(86-params)",classic_NN_6-6,40
17.0,17,82444,CartPole-v1,"CP-ppo-ac-NN(6,6)-(lr=1.0e-5)-(86-params)",classic_NN_6-6,40
50.0,50,82472,CartPole-v1,"CP-ppo-ac-NN(6,6)-(lr=1.0e-5)-(86-params)",classic_NN_6-6,40
45.0,45,82476,CartPole-v1,"CP-ppo-ac-NN(6,6)-(lr=1.0e-5)-(86-params)",classic_NN_6-6,40
20.0,20,82476,CartPole-v1,"CP-ppo-ac-NN(6,6)-(lr=1.0e-5)-(86-params)",classic_NN_6-6,40
13.0,13,82524,CartPole-v1,"CP-ppo-ac-NN(6,6)-(lr=1.0e-5)-(86-params)",classic_NN_6-6,40
17.0,17,82544,CartPole-v1,"CP-ppo-ac-NN(6,6)-(lr=1.0e-5)-(86-params)",classic_NN_6-6,40
31.0,31,82568,CartPole-v1,"CP-ppo-ac-NN(6,6)-(lr=1.0e-5)-(86-params)",classic_NN_6-6,40
25.0,25,82576,CartPole-v1,"CP-ppo-ac-NN(6,6)-(lr=1.0e-5)-(86-params)",classic_NN_6-6,40
14.0,14,82580,CartPole-v1,"CP-ppo-ac-NN(6,6)-(lr=1.0e-5)-(86-params)",classic_NN_6-6,40
18.0,18,82640,CartPole-v1,"CP-ppo-ac-NN(6,6)-(lr=1.0e-5)-(86-params)",classic_NN_6-6,40
24.0,24,82672,CartPole-v1,"CP-ppo-ac-NN(6,6)-(lr=1.0e-5)-(86-params)",classic_NN_6-6,40
35.0,35,82720,CartPole-v1,"CP-ppo-ac-NN(6,6)-(lr=1.0e-5)-(86-params)",classic_NN_6-6,40
23.0,23,82732,CartPole-v1,"CP-ppo-ac-NN(6,6)-(lr=1.0e-5)-(86-params)",classic_NN_6-6,40
27.0,27,82780,CartPole-v1,"CP-ppo-ac-NN(6,6)-(lr=1.0e-5)-(86-params)",classic_NN_6-6,40
63.0,63,82796,CartPole-v1,"CP-ppo-ac-NN(6,6)-(lr=1.0e-5)-(86-params)",classic_NN_6-6,40
22.0,22,82808,CartPole-v1,"CP-ppo-ac-NN(6,6)-(lr=1.0e-5)-(86-params)",classic_NN_6-6,40
12.0,12,82828,CartPole-v1,"CP-ppo-ac-NN(6,6)-(lr=1.0e-5)-(86-params)",classic_NN_6-6,40
15.0,15,82856,CartPole-v1,"CP-ppo-ac-NN(6,6)-(lr=1.0e-5)-(86-params)",classic_NN_6-6,40
34.0,34,82868,CartPole-v1,"CP-ppo-ac-NN(6,6)-(lr=1.0e-5)-(86-params)",classic_NN_6-6,40
16.0,16,82892,CartPole-v1,"CP-ppo-ac-NN(6,6)-(lr=1.0e-5)-(86-params)",classic_NN_6-6,40
24.0,24,82904,CartPole-v1,"CP-ppo-ac-NN(6,6)-(lr=1.0e-5)-(86-params)",classic_NN_6-6,40
16.0,16,82920,CartPole-v1,"CP-ppo-ac-NN(6,6)-(lr=1.0e-5)-(86-params)",classic_NN_6-6,40
10.0,10,82932,CartPole-v1,"CP-ppo-ac-NN(6,6)-(lr=1.0e-5)-(86-params)",classic_NN_6-6,40
10.0,10,82944,CartPole-v1,"CP-ppo-ac-NN(6,6)-(lr=1.0e-5)-(86-params)",classic_NN_6-6,40
19.0,19,82944,CartPole-v1,"CP-ppo-ac-NN(6,6)-(lr=1.0e-5)-(86-params)",classic_NN_6-6,40
14.0,14,83000,CartPole-v1,"CP-ppo-ac-NN(6,6)-(lr=1.0e-5)-(86-params)",classic_NN_6-6,40
19.0,19,83008,CartPole-v1,"CP-ppo-ac-NN(6,6)-(lr=1.0e-5)-(86-params)",classic_NN_6-6,40
26.0,26,83048,CartPole-v1,"CP-ppo-ac-NN(6,6)-(lr=1.0e-5)-(86-params)",classic_NN_6-6,40
49.0,49,83116,CartPole-v1,"CP-ppo-ac-NN(6,6)-(lr=1.0e-5)-(86-params)",classic_NN_6-6,40
20.0,20,83128,CartPole-v1,"CP-ppo-ac-NN(6,6)-(lr=1.0e-5)-(86-params)",classic_NN_6-6,40
40.0,40,83168,CartPole-v1,"CP-ppo-ac-NN(6,6)-(lr=1.0e-5)-(86-params)",classic_NN_6-6,40
14.0,14,83172,CartPole-v1,"CP-ppo-ac-NN(6,6)-(lr=1.0e-5)-(86-params)",classic_NN_6-6,40
13.0,13,83180,CartPole-v1,"CP-ppo-ac-NN(6,6)-(lr=1.0e-5)-(86-params)",classic_NN_6-6,40
12.0,12,83228,CartPole-v1,"CP-ppo-ac-NN(6,6)-(lr=1.0e-5)-(86-params)",classic_NN_6-6,40
29.0,29,83284,CartPole-v1,"CP-ppo-ac-NN(6,6)-(lr=1.0e-5)-(86-params)",classic_NN_6-6,40
78.0,78,83312,CartPole-v1,"CP-ppo-ac-NN(6,6)-(lr=1.0e-5)-(86-params)",classic_NN_6-6,40
22.0,22,83316,CartPole-v1,"CP-ppo-ac-NN(6,6)-(lr=1.0e-5)-(86-params)",classic_NN_6-6,40
16.0,16,83348,CartPole-v1,"CP-ppo-ac-NN(6,6)-(lr=1.0e-5)-(86-params)",classic_NN_6-6,40
29.0,29,83432,CartPole-v1,"CP-ppo-ac-NN(6,6)-(lr=1.0e-5)-(86-params)",classic_NN_6-6,40
66.0,66,83436,CartPole-v1,"CP-ppo-ac-NN(6,6)-(lr=1.0e-5)-(86-params)",classic_NN_6-6,40
42.0,42,83480,CartPole-v1,"CP-ppo-ac-NN(6,6)-(lr=1.0e-5)-(86-params)",classic_NN_6-6,40
13.0,13,83488,CartPole-v1,"CP-ppo-ac-NN(6,6)-(lr=1.0e-5)-(86-params)",classic_NN_6-6,40
37.0,37,83496,CartPole-v1,"CP-ppo-ac-NN(6,6)-(lr=1.0e-5)-(86-params)",classic_NN_6-6,40
30.0,30,83552,CartPole-v1,"CP-ppo-ac-NN(6,6)-(lr=1.0e-5)-(86-params)",classic_NN_6-6,40
19.0,19,83564,CartPole-v1,"CP-ppo-ac-NN(6,6)-(lr=1.0e-5)-(86-params)",classic_NN_6-6,40
21.0,21,83564,CartPole-v1,"CP-ppo-ac-NN(6,6)-(lr=1.0e-5)-(86-params)",classic_NN_6-6,40
25.0,25,83596,CartPole-v1,"CP-ppo-ac-NN(6,6)-(lr=1.0e-5)-(86-params)",classic_NN_6-6,40
13.0,13,83648,CartPole-v1,"CP-ppo-ac-NN(6,6)-(lr=1.0e-5)-(86-params)",classic_NN_6-6,40
38.0,38,83716,CartPole-v1,"CP-ppo-ac-NN(6,6)-(lr=1.0e-5)-(86-params)",classic_NN_6-6,40
17.0,17,83784,CartPole-v1,"CP-ppo-ac-NN(6,6)-(lr=1.0e-5)-(86-params)",classic_NN_6-6,40
62.0,62,83800,CartPole-v1,"CP-ppo-ac-NN(6,6)-(lr=1.0e-5)-(86-params)",classic_NN_6-6,40
61.0,61,83808,CartPole-v1,"CP-ppo-ac-NN(6,6)-(lr=1.0e-5)-(86-params)",classic_NN_6-6,40
15.0,15,83844,CartPole-v1,"CP-ppo-ac-NN(6,6)-(lr=1.0e-5)-(86-params)",classic_NN_6-6,40
51.0,51,83852,CartPole-v1,"CP-ppo-ac-NN(6,6)-(lr=1.0e-5)-(86-params)",classic_NN_6-6,40
12.0,12,83856,CartPole-v1,"CP-ppo-ac-NN(6,6)-(lr=1.0e-5)-(86-params)",classic_NN_6-6,40
12.0,12,83904,CartPole-v1,"CP-ppo-ac-NN(6,6)-(lr=1.0e-5)-(86-params)",classic_NN_6-6,40
13.0,13,83904,CartPole-v1,"CP-ppo-ac-NN(6,6)-(lr=1.0e-5)-(86-params)",classic_NN_6-6,40
24.0,24,83940,CartPole-v1,"CP-ppo-ac-NN(6,6)-(lr=1.0e-5)-(86-params)",classic_NN_6-6,40
12.0,12,83988,CartPole-v1,"CP-ppo-ac-NN(6,6)-(lr=1.0e-5)-(86-params)",classic_NN_6-6,40
48.0,48,83992,CartPole-v1,"CP-ppo-ac-NN(6,6)-(lr=1.0e-5)-(86-params)",classic_NN_6-6,40
30.0,30,84024,CartPole-v1,"CP-ppo-ac-NN(6,6)-(lr=1.0e-5)-(86-params)",classic_NN_6-6,40
37.0,37,84052,CartPole-v1,"CP-ppo-ac-NN(6,6)-(lr=1.0e-5)-(86-params)",classic_NN_6-6,40
15.0,15,84052,CartPole-v1,"CP-ppo-ac-NN(6,6)-(lr=1.0e-5)-(86-params)",classic_NN_6-6,40
22.0,22,84076,CartPole-v1,"CP-ppo-ac-NN(6,6)-(lr=1.0e-5)-(86-params)",classic_NN_6-6,40
16.0,16,84088,CartPole-v1,"CP-ppo-ac-NN(6,6)-(lr=1.0e-5)-(86-params)",classic_NN_6-6,40
20.0,20,84132,CartPole-v1,"CP-ppo-ac-NN(6,6)-(lr=1.0e-5)-(86-params)",classic_NN_6-6,40
15.0,15,84136,CartPole-v1,"CP-ppo-ac-NN(6,6)-(lr=1.0e-5)-(86-params)",classic_NN_6-6,40
18.0,18,84160,CartPole-v1,"CP-ppo-ac-NN(6,6)-(lr=1.0e-5)-(86-params)",classic_NN_6-6,40
10.0,10,84172,CartPole-v1,"CP-ppo-ac-NN(6,6)-(lr=1.0e-5)-(86-params)",classic_NN_6-6,40
12.0,12,84184,CartPole-v1,"CP-ppo-ac-NN(6,6)-(lr=1.0e-5)-(86-params)",classic_NN_6-6,40
36.0,36,84196,CartPole-v1,"CP-ppo-ac-NN(6,6)-(lr=1.0e-5)-(86-params)",classic_NN_6-6,40
15.0,15,84220,CartPole-v1,"CP-ppo-ac-NN(6,6)-(lr=1.0e-5)-(86-params)",classic_NN_6-6,40
14.0,14,84228,CartPole-v1,"CP-ppo-ac-NN(6,6)-(lr=1.0e-5)-(86-params)",classic_NN_6-6,40
21.0,21,84280,CartPole-v1,"CP-ppo-ac-NN(6,6)-(lr=1.0e-5)-(86-params)",classic_NN_6-6,40
17.0,17,84288,CartPole-v1,"CP-ppo-ac-NN(6,6)-(lr=1.0e-5)-(86-params)",classic_NN_6-6,40
18.0,18,84300,CartPole-v1,"CP-ppo-ac-NN(6,6)-(lr=1.0e-5)-(86-params)",classic_NN_6-6,40
33.0,33,84316,CartPole-v1,"CP-ppo-ac-NN(6,6)-(lr=1.0e-5)-(86-params)",classic_NN_6-6,40
22.0,22,84388,CartPole-v1,"CP-ppo-ac-NN(6,6)-(lr=1.0e-5)-(86-params)",classic_NN_6-6,40
33.0,33,84412,CartPole-v1,"CP-ppo-ac-NN(6,6)-(lr=1.0e-5)-(86-params)",classic_NN_6-6,40
25.0,25,84416,CartPole-v1,"CP-ppo-ac-NN(6,6)-(lr=1.0e-5)-(86-params)",classic_NN_6-6,40
35.0,35,84428,CartPole-v1,"CP-ppo-ac-NN(6,6)-(lr=1.0e-5)-(86-params)",classic_NN_6-6,40
18.0,18,84460,CartPole-v1,"CP-ppo-ac-NN(6,6)-(lr=1.0e-5)-(86-params)",classic_NN_6-6,40
17.0,17,84496,CartPole-v1,"CP-ppo-ac-NN(6,6)-(lr=1.0e-5)-(86-params)",classic_NN_6-6,40
28.0,28,84524,CartPole-v1,"CP-ppo-ac-NN(6,6)-(lr=1.0e-5)-(86-params)",classic_NN_6-6,40
28.0,28,84528,CartPole-v1,"CP-ppo-ac-NN(6,6)-(lr=1.0e-5)-(86-params)",classic_NN_6-6,40
10.0,10,84536,CartPole-v1,"CP-ppo-ac-NN(6,6)-(lr=1.0e-5)-(86-params)",classic_NN_6-6,40
9.0,9,84560,CartPole-v1,"CP-ppo-ac-NN(6,6)-(lr=1.0e-5)-(86-params)",classic_NN_6-6,40
19.0,19,84604,CartPole-v1,"CP-ppo-ac-NN(6,6)-(lr=1.0e-5)-(86-params)",classic_NN_6-6,40
38.0,38,84612,CartPole-v1,"CP-ppo-ac-NN(6,6)-(lr=1.0e-5)-(86-params)",classic_NN_6-6,40
23.0,23,84628,CartPole-v1,"CP-ppo-ac-NN(6,6)-(lr=1.0e-5)-(86-params)",classic_NN_6-6,40
28.0,28,84672,CartPole-v1,"CP-ppo-ac-NN(6,6)-(lr=1.0e-5)-(86-params)",classic_NN_6-6,40
16.0,16,84676,CartPole-v1,"CP-ppo-ac-NN(6,6)-(lr=1.0e-5)-(86-params)",classic_NN_6-6,40
15.0,15,84688,CartPole-v1,"CP-ppo-ac-NN(6,6)-(lr=1.0e-5)-(86-params)",classic_NN_6-6,40
24.0,24,84700,CartPole-v1,"CP-ppo-ac-NN(6,6)-(lr=1.0e-5)-(86-params)",classic_NN_6-6,40
15.0,15,84732,CartPole-v1,"CP-ppo-ac-NN(6,6)-(lr=1.0e-5)-(86-params)",classic_NN_6-6,40
13.0,13,84752,CartPole-v1,"CP-ppo-ac-NN(6,6)-(lr=1.0e-5)-(86-params)",classic_NN_6-6,40
22.0,22,84764,CartPole-v1,"CP-ppo-ac-NN(6,6)-(lr=1.0e-5)-(86-params)",classic_NN_6-6,40
22.0,22,84820,CartPole-v1,"CP-ppo-ac-NN(6,6)-(lr=1.0e-5)-(86-params)",classic_NN_6-6,40
17.0,17,84832,CartPole-v1,"CP-ppo-ac-NN(6,6)-(lr=1.0e-5)-(86-params)",classic_NN_6-6,40
28.0,28,84864,CartPole-v1,"CP-ppo-ac-NN(6,6)-(lr=1.0e-5)-(86-params)",classic_NN_6-6,40
25.0,25,84920,CartPole-v1,"CP-ppo-ac-NN(6,6)-(lr=1.0e-5)-(86-params)",classic_NN_6-6,40
59.0,59,84924,CartPole-v1,"CP-ppo-ac-NN(6,6)-(lr=1.0e-5)-(86-params)",classic_NN_6-6,40
16.0,16,84928,CartPole-v1,"CP-ppo-ac-NN(6,6)-(lr=1.0e-5)-(86-params)",classic_NN_6-6,40
27.0,27,84940,CartPole-v1,"CP-ppo-ac-NN(6,6)-(lr=1.0e-5)-(86-params)",classic_NN_6-6,40
14.0,14,84976,CartPole-v1,"CP-ppo-ac-NN(6,6)-(lr=1.0e-5)-(86-params)",classic_NN_6-6,40
21.0,21,85008,CartPole-v1,"CP-ppo-ac-NN(6,6)-(lr=1.0e-5)-(86-params)",classic_NN_6-6,40
12.0,12,85024,CartPole-v1,"CP-ppo-ac-NN(6,6)-(lr=1.0e-5)-(86-params)",classic_NN_6-6,40
32.0,32,85056,CartPole-v1,"CP-ppo-ac-NN(6,6)-(lr=1.0e-5)-(86-params)",classic_NN_6-6,40
15.0,15,85084,CartPole-v1,"CP-ppo-ac-NN(6,6)-(lr=1.0e-5)-(86-params)",classic_NN_6-6,40
20.0,20,85088,CartPole-v1,"CP-ppo-ac-NN(6,6)-(lr=1.0e-5)-(86-params)",classic_NN_6-6,40
45.0,45,85120,CartPole-v1,"CP-ppo-ac-NN(6,6)-(lr=1.0e-5)-(86-params)",classic_NN_6-6,40
13.0,13,85136,CartPole-v1,"CP-ppo-ac-NN(6,6)-(lr=1.0e-5)-(86-params)",classic_NN_6-6,40
11.0,11,85164,CartPole-v1,"CP-ppo-ac-NN(6,6)-(lr=1.0e-5)-(86-params)",classic_NN_6-6,40
24.0,24,85232,CartPole-v1,"CP-ppo-ac-NN(6,6)-(lr=1.0e-5)-(86-params)",classic_NN_6-6,40
40.0,40,85248,CartPole-v1,"CP-ppo-ac-NN(6,6)-(lr=1.0e-5)-(86-params)",classic_NN_6-6,40
52.0,52,85264,CartPole-v1,"CP-ppo-ac-NN(6,6)-(lr=1.0e-5)-(86-params)",classic_NN_6-6,40
29.0,29,85280,CartPole-v1,"CP-ppo-ac-NN(6,6)-(lr=1.0e-5)-(86-params)",classic_NN_6-6,40
18.0,18,85304,CartPole-v1,"CP-ppo-ac-NN(6,6)-(lr=1.0e-5)-(86-params)",classic_NN_6-6,40
22.0,22,85336,CartPole-v1,"CP-ppo-ac-NN(6,6)-(lr=1.0e-5)-(86-params)",classic_NN_6-6,40
13.0,13,85388,CartPole-v1,"CP-ppo-ac-NN(6,6)-(lr=1.0e-5)-(86-params)",classic_NN_6-6,40
25.0,25,85404,CartPole-v1,"CP-ppo-ac-NN(6,6)-(lr=1.0e-5)-(86-params)",classic_NN_6-6,40
13.0,13,85456,CartPole-v1,"CP-ppo-ac-NN(6,6)-(lr=1.0e-5)-(86-params)",classic_NN_6-6,40
17.0,17,85456,CartPole-v1,"CP-ppo-ac-NN(6,6)-(lr=1.0e-5)-(86-params)",classic_NN_6-6,40
45.0,45,85460,CartPole-v1,"CP-ppo-ac-NN(6,6)-(lr=1.0e-5)-(86-params)",classic_NN_6-6,40
57.0,57,85492,CartPole-v1,"CP-ppo-ac-NN(6,6)-(lr=1.0e-5)-(86-params)",classic_NN_6-6,40
13.0,13,85512,CartPole-v1,"CP-ppo-ac-NN(6,6)-(lr=1.0e-5)-(86-params)",classic_NN_6-6,40
20.0,20,85536,CartPole-v1,"CP-ppo-ac-NN(6,6)-(lr=1.0e-5)-(86-params)",classic_NN_6-6,40
18.0,18,85564,CartPole-v1,"CP-ppo-ac-NN(6,6)-(lr=1.0e-5)-(86-params)",classic_NN_6-6,40
19.0,19,85588,CartPole-v1,"CP-ppo-ac-NN(6,6)-(lr=1.0e-5)-(86-params)",classic_NN_6-6,40
34.0,34,85592,CartPole-v1,"CP-ppo-ac-NN(6,6)-(lr=1.0e-5)-(86-params)",classic_NN_6-6,40
26.0,26,85640,CartPole-v1,"CP-ppo-ac-NN(6,6)-(lr=1.0e-5)-(86-params)",classic_NN_6-6,40
17.0,17,85656,CartPole-v1,"CP-ppo-ac-NN(6,6)-(lr=1.0e-5)-(86-params)",classic_NN_6-6,40
10.0,10,85680,CartPole-v1,"CP-ppo-ac-NN(6,6)-(lr=1.0e-5)-(86-params)",classic_NN_6-6,40
36.0,36,85708,CartPole-v1,"CP-ppo-ac-NN(6,6)-(lr=1.0e-5)-(86-params)",classic_NN_6-6,40
15.0,15,85716,CartPole-v1,"CP-ppo-ac-NN(6,6)-(lr=1.0e-5)-(86-params)",classic_NN_6-6,40
40.0,40,85752,CartPole-v1,"CP-ppo-ac-NN(6,6)-(lr=1.0e-5)-(86-params)",classic_NN_6-6,40
23.0,23,85772,CartPole-v1,"CP-ppo-ac-NN(6,6)-(lr=1.0e-5)-(86-params)",classic_NN_6-6,40
27.0,27,85816,CartPole-v1,"CP-ppo-ac-NN(6,6)-(lr=1.0e-5)-(86-params)",classic_NN_6-6,40
26.0,26,85820,CartPole-v1,"CP-ppo-ac-NN(6,6)-(lr=1.0e-5)-(86-params)",classic_NN_6-6,40
23.0,23,85864,CartPole-v1,"CP-ppo-ac-NN(6,6)-(lr=1.0e-5)-(86-params)",classic_NN_6-6,40
25.0,25,85916,CartPole-v1,"CP-ppo-ac-NN(6,6)-(lr=1.0e-5)-(86-params)",classic_NN_6-6,40
52.0,52,85960,CartPole-v1,"CP-ppo-ac-NN(6,6)-(lr=1.0e-5)-(86-params)",classic_NN_6-6,40
35.0,35,85960,CartPole-v1,"CP-ppo-ac-NN(6,6)-(lr=1.0e-5)-(86-params)",classic_NN_6-6,40
32.0,32,85992,CartPole-v1,"CP-ppo-ac-NN(6,6)-(lr=1.0e-5)-(86-params)",classic_NN_6-6,40
9.0,9,85996,CartPole-v1,"CP-ppo-ac-NN(6,6)-(lr=1.0e-5)-(86-params)",classic_NN_6-6,40
10.0,10,86036,CartPole-v1,"CP-ppo-ac-NN(6,6)-(lr=1.0e-5)-(86-params)",classic_NN_6-6,40
12.0,12,86040,CartPole-v1,"CP-ppo-ac-NN(6,6)-(lr=1.0e-5)-(86-params)",classic_NN_6-6,40
21.0,21,86044,CartPole-v1,"CP-ppo-ac-NN(6,6)-(lr=1.0e-5)-(86-params)",classic_NN_6-6,40
37.0,37,86064,CartPole-v1,"CP-ppo-ac-NN(6,6)-(lr=1.0e-5)-(86-params)",classic_NN_6-6,40
15.0,15,86100,CartPole-v1,"CP-ppo-ac-NN(6,6)-(lr=1.0e-5)-(86-params)",classic_NN_6-6,40
24.0,24,86132,CartPole-v1,"CP-ppo-ac-NN(6,6)-(lr=1.0e-5)-(86-params)",classic_NN_6-6,40
20.0,20,86180,CartPole-v1,"CP-ppo-ac-NN(6,6)-(lr=1.0e-5)-(86-params)",classic_NN_6-6,40
14.0,14,86188,CartPole-v1,"CP-ppo-ac-NN(6,6)-(lr=1.0e-5)-(86-params)",classic_NN_6-6,40
43.0,43,86216,CartPole-v1,"CP-ppo-ac-NN(6,6)-(lr=1.0e-5)-(86-params)",classic_NN_6-6,40
39.0,39,86220,CartPole-v1,"CP-ppo-ac-NN(6,6)-(lr=1.0e-5)-(86-params)",classic_NN_6-6,40
21.0,21,86272,CartPole-v1,"CP-ppo-ac-NN(6,6)-(lr=1.0e-5)-(86-params)",classic_NN_6-6,40
26.0,26,86284,CartPole-v1,"CP-ppo-ac-NN(6,6)-(lr=1.0e-5)-(86-params)",classic_NN_6-6,40
18.0,18,86292,CartPole-v1,"CP-ppo-ac-NN(6,6)-(lr=1.0e-5)-(86-params)",classic_NN_6-6,40
22.0,22,86304,CartPole-v1,"CP-ppo-ac-NN(6,6)-(lr=1.0e-5)-(86-params)",classic_NN_6-6,40
18.0,18,86344,CartPole-v1,"CP-ppo-ac-NN(6,6)-(lr=1.0e-5)-(86-params)",classic_NN_6-6,40
20.0,20,86364,CartPole-v1,"CP-ppo-ac-NN(6,6)-(lr=1.0e-5)-(86-params)",classic_NN_6-6,40
13.0,13,86396,CartPole-v1,"CP-ppo-ac-NN(6,6)-(lr=1.0e-5)-(86-params)",classic_NN_6-6,40
30.0,30,86424,CartPole-v1,"CP-ppo-ac-NN(6,6)-(lr=1.0e-5)-(86-params)",classic_NN_6-6,40
17.0,17,86432,CartPole-v1,"CP-ppo-ac-NN(6,6)-(lr=1.0e-5)-(86-params)",classic_NN_6-6,40
39.0,39,86448,CartPole-v1,"CP-ppo-ac-NN(6,6)-(lr=1.0e-5)-(86-params)",classic_NN_6-6,40
14.0,14,86452,CartPole-v1,"CP-ppo-ac-NN(6,6)-(lr=1.0e-5)-(86-params)",classic_NN_6-6,40
15.0,15,86484,CartPole-v1,"CP-ppo-ac-NN(6,6)-(lr=1.0e-5)-(86-params)",classic_NN_6-6,40
15.0,15,86512,CartPole-v1,"CP-ppo-ac-NN(6,6)-(lr=1.0e-5)-(86-params)",classic_NN_6-6,40
14.0,14,86540,CartPole-v1,"CP-ppo-ac-NN(6,6)-(lr=1.0e-5)-(86-params)",classic_NN_6-6,40
42.0,42,86600,CartPole-v1,"CP-ppo-ac-NN(6,6)-(lr=1.0e-5)-(86-params)",classic_NN_6-6,40
26.0,26,86616,CartPole-v1,"CP-ppo-ac-NN(6,6)-(lr=1.0e-5)-(86-params)",classic_NN_6-6,40
35.0,35,86680,CartPole-v1,"CP-ppo-ac-NN(6,6)-(lr=1.0e-5)-(86-params)",classic_NN_6-6,40
61.0,61,86692,CartPole-v1,"CP-ppo-ac-NN(6,6)-(lr=1.0e-5)-(86-params)",classic_NN_6-6,40
11.0,11,86724,CartPole-v1,"CP-ppo-ac-NN(6,6)-(lr=1.0e-5)-(86-params)",classic_NN_6-6,40
30.0,30,86736,CartPole-v1,"CP-ppo-ac-NN(6,6)-(lr=1.0e-5)-(86-params)",classic_NN_6-6,40
39.0,39,86756,CartPole-v1,"CP-ppo-ac-NN(6,6)-(lr=1.0e-5)-(86-params)",classic_NN_6-6,40
18.0,18,86796,CartPole-v1,"CP-ppo-ac-NN(6,6)-(lr=1.0e-5)-(86-params)",classic_NN_6-6,40
18.0,18,86808,CartPole-v1,"CP-ppo-ac-NN(6,6)-(lr=1.0e-5)-(86-params)",classic_NN_6-6,40
31.0,31,86816,CartPole-v1,"CP-ppo-ac-NN(6,6)-(lr=1.0e-5)-(86-params)",classic_NN_6-6,40
16.0,16,86820,CartPole-v1,"CP-ppo-ac-NN(6,6)-(lr=1.0e-5)-(86-params)",classic_NN_6-6,40
15.0,15,86880,CartPole-v1,"CP-ppo-ac-NN(6,6)-(lr=1.0e-5)-(86-params)",classic_NN_6-6,40
19.0,19,86892,CartPole-v1,"CP-ppo-ac-NN(6,6)-(lr=1.0e-5)-(86-params)",classic_NN_6-6,40
25.0,25,86908,CartPole-v1,"CP-ppo-ac-NN(6,6)-(lr=1.0e-5)-(86-params)",classic_NN_6-6,40
10.0,10,86932,CartPole-v1,"CP-ppo-ac-NN(6,6)-(lr=1.0e-5)-(86-params)",classic_NN_6-6,40
17.0,17,86948,CartPole-v1,"CP-ppo-ac-NN(6,6)-(lr=1.0e-5)-(86-params)",classic_NN_6-6,40
9.0,9,86968,CartPole-v1,"CP-ppo-ac-NN(6,6)-(lr=1.0e-5)-(86-params)",classic_NN_6-6,40
17.0,17,86976,CartPole-v1,"CP-ppo-ac-NN(6,6)-(lr=1.0e-5)-(86-params)",classic_NN_6-6,40
46.0,46,86980,CartPole-v1,"CP-ppo-ac-NN(6,6)-(lr=1.0e-5)-(86-params)",classic_NN_6-6,40
14.0,14,87024,CartPole-v1,"CP-ppo-ac-NN(6,6)-(lr=1.0e-5)-(86-params)",classic_NN_6-6,40
12.0,12,87024,CartPole-v1,"CP-ppo-ac-NN(6,6)-(lr=1.0e-5)-(86-params)",classic_NN_6-6,40
22.0,22,87036,CartPole-v1,"CP-ppo-ac-NN(6,6)-(lr=1.0e-5)-(86-params)",classic_NN_6-6,40
16.0,16,87044,CartPole-v1,"CP-ppo-ac-NN(6,6)-(lr=1.0e-5)-(86-params)",classic_NN_6-6,40
17.0,17,87092,CartPole-v1,"CP-ppo-ac-NN(6,6)-(lr=1.0e-5)-(86-params)",classic_NN_6-6,40
12.0,12,87092,CartPole-v1,"CP-ppo-ac-NN(6,6)-(lr=1.0e-5)-(86-params)",classic_NN_6-6,40
10.0,10,87132,CartPole-v1,"CP-ppo-ac-NN(6,6)-(lr=1.0e-5)-(86-params)",classic_NN_6-6,40
29.0,29,87152,CartPole-v1,"CP-ppo-ac-NN(6,6)-(lr=1.0e-5)-(86-params)",classic_NN_6-6,40
10.0,10,87172,CartPole-v1,"CP-ppo-ac-NN(6,6)-(lr=1.0e-5)-(86-params)",classic_NN_6-6,40
48.0,48,87216,CartPole-v1,"CP-ppo-ac-NN(6,6)-(lr=1.0e-5)-(86-params)",classic_NN_6-6,40
44.0,44,87268,CartPole-v1,"CP-ppo-ac-NN(6,6)-(lr=1.0e-5)-(86-params)",classic_NN_6-6,40
20.0,20,87296,CartPole-v1,"CP-ppo-ac-NN(6,6)-(lr=1.0e-5)-(86-params)",classic_NN_6-6,40
37.0,37,87300,CartPole-v1,"CP-ppo-ac-NN(6,6)-(lr=1.0e-5)-(86-params)",classic_NN_6-6,40
13.0,13,87320,CartPole-v1,"CP-ppo-ac-NN(6,6)-(lr=1.0e-5)-(86-params)",classic_NN_6-6,40
11.0,11,87344,CartPole-v1,"CP-ppo-ac-NN(6,6)-(lr=1.0e-5)-(86-params)",classic_NN_6-6,40
46.0,46,87356,CartPole-v1,"CP-ppo-ac-NN(6,6)-(lr=1.0e-5)-(86-params)",classic_NN_6-6,40
21.0,21,87380,CartPole-v1,"CP-ppo-ac-NN(6,6)-(lr=1.0e-5)-(86-params)",classic_NN_6-6,40
19.0,19,87396,CartPole-v1,"CP-ppo-ac-NN(6,6)-(lr=1.0e-5)-(86-params)",classic_NN_6-6,40
16.0,16,87408,CartPole-v1,"CP-ppo-ac-NN(6,6)-(lr=1.0e-5)-(86-params)",classic_NN_6-6,40
15.0,15,87416,CartPole-v1,"CP-ppo-ac-NN(6,6)-(lr=1.0e-5)-(86-params)",classic_NN_6-6,40
17.0,17,87476,CartPole-v1,"CP-ppo-ac-NN(6,6)-(lr=1.0e-5)-(86-params)",classic_NN_6-6,40
25.0,25,87496,CartPole-v1,"CP-ppo-ac-NN(6,6)-(lr=1.0e-5)-(86-params)",classic_NN_6-6,40
32.0,32,87508,CartPole-v1,"CP-ppo-ac-NN(6,6)-(lr=1.0e-5)-(86-params)",classic_NN_6-6,40
32.0,32,87544,CartPole-v1,"CP-ppo-ac-NN(6,6)-(lr=1.0e-5)-(86-params)",classic_NN_6-6,40
28.0,28,87588,CartPole-v1,"CP-ppo-ac-NN(6,6)-(lr=1.0e-5)-(86-params)",classic_NN_6-6,40
22.0,22,87596,CartPole-v1,"CP-ppo-ac-NN(6,6)-(lr=1.0e-5)-(86-params)",classic_NN_6-6,40
22.0,22,87632,CartPole-v1,"CP-ppo-ac-NN(6,6)-(lr=1.0e-5)-(86-params)",classic_NN_6-6,40
36.0,36,87640,CartPole-v1,"CP-ppo-ac-NN(6,6)-(lr=1.0e-5)-(86-params)",classic_NN_6-6,40
23.0,23,87688,CartPole-v1,"CP-ppo-ac-NN(6,6)-(lr=1.0e-5)-(86-params)",classic_NN_6-6,40
14.0,14,87688,CartPole-v1,"CP-ppo-ac-NN(6,6)-(lr=1.0e-5)-(86-params)",classic_NN_6-6,40
27.0,27,87696,CartPole-v1,"CP-ppo-ac-NN(6,6)-(lr=1.0e-5)-(86-params)",classic_NN_6-6,40
14.0,14,87752,CartPole-v1,"CP-ppo-ac-NN(6,6)-(lr=1.0e-5)-(86-params)",classic_NN_6-6,40
30.0,30,87760,CartPole-v1,"CP-ppo-ac-NN(6,6)-(lr=1.0e-5)-(86-params)",classic_NN_6-6,40
21.0,21,87772,CartPole-v1,"CP-ppo-ac-NN(6,6)-(lr=1.0e-5)-(86-params)",classic_NN_6-6,40
30.0,30,87808,CartPole-v1,"CP-ppo-ac-NN(6,6)-(lr=1.0e-5)-(86-params)",classic_NN_6-6,40
14.0,14,87816,CartPole-v1,"CP-ppo-ac-NN(6,6)-(lr=1.0e-5)-(86-params)",classic_NN_6-6,40
11.0,11,87816,CartPole-v1,"CP-ppo-ac-NN(6,6)-(lr=1.0e-5)-(86-params)",classic_NN_6-6,40
12.0,12,87864,CartPole-v1,"CP-ppo-ac-NN(6,6)-(lr=1.0e-5)-(86-params)",classic_NN_6-6,40
15.0,15,87868,CartPole-v1,"CP-ppo-ac-NN(6,6)-(lr=1.0e-5)-(86-params)",classic_NN_6-6,40
37.0,37,87900,CartPole-v1,"CP-ppo-ac-NN(6,6)-(lr=1.0e-5)-(86-params)",classic_NN_6-6,40
8.0,8,87900,CartPole-v1,"CP-ppo-ac-NN(6,6)-(lr=1.0e-5)-(86-params)",classic_NN_6-6,40
12.0,12,87912,CartPole-v1,"CP-ppo-ac-NN(6,6)-(lr=1.0e-5)-(86-params)",classic_NN_6-6,40
13.0,13,87964,CartPole-v1,"CP-ppo-ac-NN(6,6)-(lr=1.0e-5)-(86-params)",classic_NN_6-6,40
42.0,42,87984,CartPole-v1,"CP-ppo-ac-NN(6,6)-(lr=1.0e-5)-(86-params)",classic_NN_6-6,40
23.0,23,87992,CartPole-v1,"CP-ppo-ac-NN(6,6)-(lr=1.0e-5)-(86-params)",classic_NN_6-6,40
29.0,29,88016,CartPole-v1,"CP-ppo-ac-NN(6,6)-(lr=1.0e-5)-(86-params)",classic_NN_6-6,40
19.0,19,88040,CartPole-v1,"CP-ppo-ac-NN(6,6)-(lr=1.0e-5)-(86-params)",classic_NN_6-6,40
22.0,22,88080,CartPole-v1,"CP-ppo-ac-NN(6,6)-(lr=1.0e-5)-(86-params)",classic_NN_6-6,40
26.0,26,88088,CartPole-v1,"CP-ppo-ac-NN(6,6)-(lr=1.0e-5)-(86-params)",classic_NN_6-6,40
19.0,19,88092,CartPole-v1,"CP-ppo-ac-NN(6,6)-(lr=1.0e-5)-(86-params)",classic_NN_6-6,40
19.0,19,88116,CartPole-v1,"CP-ppo-ac-NN(6,6)-(lr=1.0e-5)-(86-params)",classic_NN_6-6,40
17.0,17,88156,CartPole-v1,"CP-ppo-ac-NN(6,6)-(lr=1.0e-5)-(86-params)",classic_NN_6-6,40
18.0,18,88164,CartPole-v1,"CP-ppo-ac-NN(6,6)-(lr=1.0e-5)-(86-params)",classic_NN_6-6,40
14.0,14,88172,CartPole-v1,"CP-ppo-ac-NN(6,6)-(lr=1.0e-5)-(86-params)",classic_NN_6-6,40
14.0,14,88212,CartPole-v1,"CP-ppo-ac-NN(6,6)-(lr=1.0e-5)-(86-params)",classic_NN_6-6,40
42.0,42,88248,CartPole-v1,"CP-ppo-ac-NN(6,6)-(lr=1.0e-5)-(86-params)",classic_NN_6-6,40
26.0,26,88268,CartPole-v1,"CP-ppo-ac-NN(6,6)-(lr=1.0e-5)-(86-params)",classic_NN_6-6,40
33.0,33,88304,CartPole-v1,"CP-ppo-ac-NN(6,6)-(lr=1.0e-5)-(86-params)",classic_NN_6-6,40
26.0,26,88316,CartPole-v1,"CP-ppo-ac-NN(6,6)-(lr=1.0e-5)-(86-params)",classic_NN_6-6,40
38.0,38,88420,CartPole-v1,"CP-ppo-ac-NN(6,6)-(lr=1.0e-5)-(86-params)",classic_NN_6-6,40
30.0,30,88424,CartPole-v1,"CP-ppo-ac-NN(6,6)-(lr=1.0e-5)-(86-params)",classic_NN_6-6,40
29.0,29,88432,CartPole-v1,"CP-ppo-ac-NN(6,6)-(lr=1.0e-5)-(86-params)",classic_NN_6-6,40
15.0,15,88480,CartPole-v1,"CP-ppo-ac-NN(6,6)-(lr=1.0e-5)-(86-params)",classic_NN_6-6,40
24.0,24,88520,CartPole-v1,"CP-ppo-ac-NN(6,6)-(lr=1.0e-5)-(86-params)",classic_NN_6-6,40
70.0,70,88528,CartPole-v1,"CP-ppo-ac-NN(6,6)-(lr=1.0e-5)-(86-params)",classic_NN_6-6,40
13.0,13,88580,CartPole-v1,"CP-ppo-ac-NN(6,6)-(lr=1.0e-5)-(86-params)",classic_NN_6-6,40
32.0,32,88608,CartPole-v1,"CP-ppo-ac-NN(6,6)-(lr=1.0e-5)-(86-params)",classic_NN_6-6,40
52.0,52,88640,CartPole-v1,"CP-ppo-ac-NN(6,6)-(lr=1.0e-5)-(86-params)",classic_NN_6-6,40
14.0,14,88664,CartPole-v1,"CP-ppo-ac-NN(6,6)-(lr=1.0e-5)-(86-params)",classic_NN_6-6,40
27.0,27,88688,CartPole-v1,"CP-ppo-ac-NN(6,6)-(lr=1.0e-5)-(86-params)",classic_NN_6-6,40
52.0,52,88728,CartPole-v1,"CP-ppo-ac-NN(6,6)-(lr=1.0e-5)-(86-params)",classic_NN_6-6,40
31.0,31,88788,CartPole-v1,"CP-ppo-ac-NN(6,6)-(lr=1.0e-5)-(86-params)",classic_NN_6-6,40
27.0,27,88796,CartPole-v1,"CP-ppo-ac-NN(6,6)-(lr=1.0e-5)-(86-params)",classic_NN_6-6,40
39.0,39,88796,CartPole-v1,"CP-ppo-ac-NN(6,6)-(lr=1.0e-5)-(86-params)",classic_NN_6-6,40
19.0,19,88804,CartPole-v1,"CP-ppo-ac-NN(6,6)-(lr=1.0e-5)-(86-params)",classic_NN_6-6,40
11.0,11,88840,CartPole-v1,"CP-ppo-ac-NN(6,6)-(lr=1.0e-5)-(86-params)",classic_NN_6-6,40
18.0,18,88868,CartPole-v1,"CP-ppo-ac-NN(6,6)-(lr=1.0e-5)-(86-params)",classic_NN_6-6,40
18.0,18,88876,CartPole-v1,"CP-ppo-ac-NN(6,6)-(lr=1.0e-5)-(86-params)",classic_NN_6-6,40
11.0,11,88912,CartPole-v1,"CP-ppo-ac-NN(6,6)-(lr=1.0e-5)-(86-params)",classic_NN_6-6,40
38.0,38,88940,CartPole-v1,"CP-ppo-ac-NN(6,6)-(lr=1.0e-5)-(86-params)",classic_NN_6-6,40
18.0,18,88948,CartPole-v1,"CP-ppo-ac-NN(6,6)-(lr=1.0e-5)-(86-params)",classic_NN_6-6,40
44.0,44,89016,CartPole-v1,"CP-ppo-ac-NN(6,6)-(lr=1.0e-5)-(86-params)",classic_NN_6-6,40
26.0,26,89016,CartPole-v1,"CP-ppo-ac-NN(6,6)-(lr=1.0e-5)-(86-params)",classic_NN_6-6,40
32.0,32,89068,CartPole-v1,"CP-ppo-ac-NN(6,6)-(lr=1.0e-5)-(86-params)",classic_NN_6-6,40
13.0,13,89068,CartPole-v1,"CP-ppo-ac-NN(6,6)-(lr=1.0e-5)-(86-params)",classic_NN_6-6,40
34.0,34,89084,CartPole-v1,"CP-ppo-ac-NN(6,6)-(lr=1.0e-5)-(86-params)",classic_NN_6-6,40
21.0,21,89152,CartPole-v1,"CP-ppo-ac-NN(6,6)-(lr=1.0e-5)-(86-params)",classic_NN_6-6,40
22.0,22,89172,CartPole-v1,"CP-ppo-ac-NN(6,6)-(lr=1.0e-5)-(86-params)",classic_NN_6-6,40
13.0,13,89204,CartPole-v1,"CP-ppo-ac-NN(6,6)-(lr=1.0e-5)-(86-params)",classic_NN_6-6,40
52.0,52,89224,CartPole-v1,"CP-ppo-ac-NN(6,6)-(lr=1.0e-5)-(86-params)",classic_NN_6-6,40
16.0,16,89288,CartPole-v1,"CP-ppo-ac-NN(6,6)-(lr=1.0e-5)-(86-params)",classic_NN_6-6,40
31.0,31,89296,CartPole-v1,"CP-ppo-ac-NN(6,6)-(lr=1.0e-5)-(86-params)",classic_NN_6-6,40
14.0,14,89344,CartPole-v1,"CP-ppo-ac-NN(6,6)-(lr=1.0e-5)-(86-params)",classic_NN_6-6,40
38.0,38,89356,CartPole-v1,"CP-ppo-ac-NN(6,6)-(lr=1.0e-5)-(86-params)",classic_NN_6-6,40
24.0,24,89392,CartPole-v1,"CP-ppo-ac-NN(6,6)-(lr=1.0e-5)-(86-params)",classic_NN_6-6,40
85.0,85,89408,CartPole-v1,"CP-ppo-ac-NN(6,6)-(lr=1.0e-5)-(86-params)",classic_NN_6-6,40
14.0,14,89412,CartPole-v1,"CP-ppo-ac-NN(6,6)-(lr=1.0e-5)-(86-params)",classic_NN_6-6,40
21.0,21,89428,CartPole-v1,"CP-ppo-ac-NN(6,6)-(lr=1.0e-5)-(86-params)",classic_NN_6-6,40
14.0,14,89468,CartPole-v1,"CP-ppo-ac-NN(6,6)-(lr=1.0e-5)-(86-params)",classic_NN_6-6,40
14.0,14,89484,CartPole-v1,"CP-ppo-ac-NN(6,6)-(lr=1.0e-5)-(86-params)",classic_NN_6-6,40
27.0,27,89516,CartPole-v1,"CP-ppo-ac-NN(6,6)-(lr=1.0e-5)-(86-params)",classic_NN_6-6,40
16.0,16,89532,CartPole-v1,"CP-ppo-ac-NN(6,6)-(lr=1.0e-5)-(86-params)",classic_NN_6-6,40
15.0,15,89544,CartPole-v1,"CP-ppo-ac-NN(6,6)-(lr=1.0e-5)-(86-params)",classic_NN_6-6,40
13.0,13,89568,CartPole-v1,"CP-ppo-ac-NN(6,6)-(lr=1.0e-5)-(86-params)",classic_NN_6-6,40
45.0,45,89572,CartPole-v1,"CP-ppo-ac-NN(6,6)-(lr=1.0e-5)-(86-params)",classic_NN_6-6,40
12.0,12,89592,CartPole-v1,"CP-ppo-ac-NN(6,6)-(lr=1.0e-5)-(86-params)",classic_NN_6-6,40
17.0,17,89660,CartPole-v1,"CP-ppo-ac-NN(6,6)-(lr=1.0e-5)-(86-params)",classic_NN_6-6,40
33.0,33,89664,CartPole-v1,"CP-ppo-ac-NN(6,6)-(lr=1.0e-5)-(86-params)",classic_NN_6-6,40
32.0,32,89696,CartPole-v1,"CP-ppo-ac-NN(6,6)-(lr=1.0e-5)-(86-params)",classic_NN_6-6,40
14.0,14,89720,CartPole-v1,"CP-ppo-ac-NN(6,6)-(lr=1.0e-5)-(86-params)",classic_NN_6-6,40
37.0,37,89720,CartPole-v1,"CP-ppo-ac-NN(6,6)-(lr=1.0e-5)-(86-params)",classic_NN_6-6,40
17.0,17,89728,CartPole-v1,"CP-ppo-ac-NN(6,6)-(lr=1.0e-5)-(86-params)",classic_NN_6-6,40
14.0,14,89776,CartPole-v1,"CP-ppo-ac-NN(6,6)-(lr=1.0e-5)-(86-params)",classic_NN_6-6,40
24.0,24,89792,CartPole-v1,"CP-ppo-ac-NN(6,6)-(lr=1.0e-5)-(86-params)",classic_NN_6-6,40
23.0,23,89812,CartPole-v1,"CP-ppo-ac-NN(6,6)-(lr=1.0e-5)-(86-params)",classic_NN_6-6,40
25.0,25,89828,CartPole-v1,"CP-ppo-ac-NN(6,6)-(lr=1.0e-5)-(86-params)",classic_NN_6-6,40
12.0,12,89840,CartPole-v1,"CP-ppo-ac-NN(6,6)-(lr=1.0e-5)-(86-params)",classic_NN_6-6,40
21.0,21,89860,CartPole-v1,"CP-ppo-ac-NN(6,6)-(lr=1.0e-5)-(86-params)",classic_NN_6-6,40
15.0,15,89900,CartPole-v1,"CP-ppo-ac-NN(6,6)-(lr=1.0e-5)-(86-params)",classic_NN_6-6,40
23.0,23,89904,CartPole-v1,"CP-ppo-ac-NN(6,6)-(lr=1.0e-5)-(86-params)",classic_NN_6-6,40
12.0,12,89908,CartPole-v1,"CP-ppo-ac-NN(6,6)-(lr=1.0e-5)-(86-params)",classic_NN_6-6,40
14.0,14,89956,CartPole-v1,"CP-ppo-ac-NN(6,6)-(lr=1.0e-5)-(86-params)",classic_NN_6-6,40
36.0,36,89972,CartPole-v1,"CP-ppo-ac-NN(6,6)-(lr=1.0e-5)-(86-params)",classic_NN_6-6,40
19.0,19,89980,CartPole-v1,"CP-ppo-ac-NN(6,6)-(lr=1.0e-5)-(86-params)",classic_NN_6-6,40
28.0,28,90020,CartPole-v1,"CP-ppo-ac-NN(6,6)-(lr=1.0e-5)-(86-params)",classic_NN_6-6,40
21.0,21,90056,CartPole-v1,"CP-ppo-ac-NN(6,6)-(lr=1.0e-5)-(86-params)",classic_NN_6-6,40
29.0,29,90096,CartPole-v1,"CP-ppo-ac-NN(6,6)-(lr=1.0e-5)-(86-params)",classic_NN_6-6,40
13.0,13,90108,CartPole-v1,"CP-ppo-ac-NN(6,6)-(lr=1.0e-5)-(86-params)",classic_NN_6-6,40
22.0,22,90108,CartPole-v1,"CP-ppo-ac-NN(6,6)-(lr=1.0e-5)-(86-params)",classic_NN_6-6,40
43.0,43,90128,CartPole-v1,"CP-ppo-ac-NN(6,6)-(lr=1.0e-5)-(86-params)",classic_NN_6-6,40
13.0,13,90160,CartPole-v1,"CP-ppo-ac-NN(6,6)-(lr=1.0e-5)-(86-params)",classic_NN_6-6,40
18.0,18,90168,CartPole-v1,"CP-ppo-ac-NN(6,6)-(lr=1.0e-5)-(86-params)",classic_NN_6-6,40
18.0,18,90180,CartPole-v1,"CP-ppo-ac-NN(6,6)-(lr=1.0e-5)-(86-params)",classic_NN_6-6,40
16.0,16,90192,CartPole-v1,"CP-ppo-ac-NN(6,6)-(lr=1.0e-5)-(86-params)",classic_NN_6-6,40
12.0,12,90208,CartPole-v1,"CP-ppo-ac-NN(6,6)-(lr=1.0e-5)-(86-params)",classic_NN_6-6,40
23.0,23,90272,CartPole-v1,"CP-ppo-ac-NN(6,6)-(lr=1.0e-5)-(86-params)",classic_NN_6-6,40
23.0,23,90300,CartPole-v1,"CP-ppo-ac-NN(6,6)-(lr=1.0e-5)-(86-params)",classic_NN_6-6,40
36.0,36,90312,CartPole-v1,"CP-ppo-ac-NN(6,6)-(lr=1.0e-5)-(86-params)",classic_NN_6-6,40
35.0,35,90332,CartPole-v1,"CP-ppo-ac-NN(6,6)-(lr=1.0e-5)-(86-params)",classic_NN_6-6,40
16.0,16,90336,CartPole-v1,"CP-ppo-ac-NN(6,6)-(lr=1.0e-5)-(86-params)",classic_NN_6-6,40
12.0,12,90360,CartPole-v1,"CP-ppo-ac-NN(6,6)-(lr=1.0e-5)-(86-params)",classic_NN_6-6,40
11.0,11,90380,CartPole-v1,"CP-ppo-ac-NN(6,6)-(lr=1.0e-5)-(86-params)",classic_NN_6-6,40
19.0,19,90408,CartPole-v1,"CP-ppo-ac-NN(6,6)-(lr=1.0e-5)-(86-params)",classic_NN_6-6,40
35.0,35,90440,CartPole-v1,"CP-ppo-ac-NN(6,6)-(lr=1.0e-5)-(86-params)",classic_NN_6-6,40
26.0,26,90464,CartPole-v1,"CP-ppo-ac-NN(6,6)-(lr=1.0e-5)-(86-params)",classic_NN_6-6,40
16.0,16,90472,CartPole-v1,"CP-ppo-ac-NN(6,6)-(lr=1.0e-5)-(86-params)",classic_NN_6-6,40
10.0,10,90480,CartPole-v1,"CP-ppo-ac-NN(6,6)-(lr=1.0e-5)-(86-params)",classic_NN_6-6,40
29.0,29,90496,CartPole-v1,"CP-ppo-ac-NN(6,6)-(lr=1.0e-5)-(86-params)",classic_NN_6-6,40
16.0,16,90528,CartPole-v1,"CP-ppo-ac-NN(6,6)-(lr=1.0e-5)-(86-params)",classic_NN_6-6,40
14.0,14,90552,CartPole-v1,"CP-ppo-ac-NN(6,6)-(lr=1.0e-5)-(86-params)",classic_NN_6-6,40
20.0,20,90560,CartPole-v1,"CP-ppo-ac-NN(6,6)-(lr=1.0e-5)-(86-params)",classic_NN_6-6,40
10.0,10,90568,CartPole-v1,"CP-ppo-ac-NN(6,6)-(lr=1.0e-5)-(86-params)",classic_NN_6-6,40
25.0,25,90572,CartPole-v1,"CP-ppo-ac-NN(6,6)-(lr=1.0e-5)-(86-params)",classic_NN_6-6,40
14.0,14,90616,CartPole-v1,"CP-ppo-ac-NN(6,6)-(lr=1.0e-5)-(86-params)",classic_NN_6-6,40
24.0,24,90648,CartPole-v1,"CP-ppo-ac-NN(6,6)-(lr=1.0e-5)-(86-params)",classic_NN_6-6,40
33.0,33,90700,CartPole-v1,"CP-ppo-ac-NN(6,6)-(lr=1.0e-5)-(86-params)",classic_NN_6-6,40
14.0,14,90704,CartPole-v1,"CP-ppo-ac-NN(6,6)-(lr=1.0e-5)-(86-params)",classic_NN_6-6,40
37.0,37,90720,CartPole-v1,"CP-ppo-ac-NN(6,6)-(lr=1.0e-5)-(86-params)",classic_NN_6-6,40
18.0,18,90772,CartPole-v1,"CP-ppo-ac-NN(6,6)-(lr=1.0e-5)-(86-params)",classic_NN_6-6,40
15.0,15,90780,CartPole-v1,"CP-ppo-ac-NN(6,6)-(lr=1.0e-5)-(86-params)",classic_NN_6-6,40
46.0,46,90800,CartPole-v1,"CP-ppo-ac-NN(6,6)-(lr=1.0e-5)-(86-params)",classic_NN_6-6,40
30.0,30,90824,CartPole-v1,"CP-ppo-ac-NN(6,6)-(lr=1.0e-5)-(86-params)",classic_NN_6-6,40
15.0,15,90840,CartPole-v1,"CP-ppo-ac-NN(6,6)-(lr=1.0e-5)-(86-params)",classic_NN_6-6,40
21.0,21,90856,CartPole-v1,"CP-ppo-ac-NN(6,6)-(lr=1.0e-5)-(86-params)",classic_NN_6-6,40
22.0,22,90928,CartPole-v1,"CP-ppo-ac-NN(6,6)-(lr=1.0e-5)-(86-params)",classic_NN_6-6,40
26.0,26,90960,CartPole-v1,"CP-ppo-ac-NN(6,6)-(lr=1.0e-5)-(86-params)",classic_NN_6-6,40
36.0,36,90968,CartPole-v1,"CP-ppo-ac-NN(6,6)-(lr=1.0e-5)-(86-params)",classic_NN_6-6,40
12.0,12,90976,CartPole-v1,"CP-ppo-ac-NN(6,6)-(lr=1.0e-5)-(86-params)",classic_NN_6-6,40
48.0,48,90992,CartPole-v1,"CP-ppo-ac-NN(6,6)-(lr=1.0e-5)-(86-params)",classic_NN_6-6,40
19.0,19,91036,CartPole-v1,"CP-ppo-ac-NN(6,6)-(lr=1.0e-5)-(86-params)",classic_NN_6-6,40
23.0,23,91084,CartPole-v1,"CP-ppo-ac-NN(6,6)-(lr=1.0e-5)-(86-params)",classic_NN_6-6,40
28.0,28,91088,CartPole-v1,"CP-ppo-ac-NN(6,6)-(lr=1.0e-5)-(86-params)",classic_NN_6-6,40
35.0,35,91108,CartPole-v1,"CP-ppo-ac-NN(6,6)-(lr=1.0e-5)-(86-params)",classic_NN_6-6,40
15.0,15,91144,CartPole-v1,"CP-ppo-ac-NN(6,6)-(lr=1.0e-5)-(86-params)",classic_NN_6-6,40
17.0,17,91156,CartPole-v1,"CP-ppo-ac-NN(6,6)-(lr=1.0e-5)-(86-params)",classic_NN_6-6,40
32.0,32,91164,CartPole-v1,"CP-ppo-ac-NN(6,6)-(lr=1.0e-5)-(86-params)",classic_NN_6-6,40
12.0,12,91204,CartPole-v1,"CP-ppo-ac-NN(6,6)-(lr=1.0e-5)-(86-params)",classic_NN_6-6,40
16.0,16,91208,CartPole-v1,"CP-ppo-ac-NN(6,6)-(lr=1.0e-5)-(86-params)",classic_NN_6-6,40
17.0,17,91232,CartPole-v1,"CP-ppo-ac-NN(6,6)-(lr=1.0e-5)-(86-params)",classic_NN_6-6,40
13.0,13,91260,CartPole-v1,"CP-ppo-ac-NN(6,6)-(lr=1.0e-5)-(86-params)",classic_NN_6-6,40
12.0,12,91280,CartPole-v1,"CP-ppo-ac-NN(6,6)-(lr=1.0e-5)-(86-params)",classic_NN_6-6,40
50.0,50,91308,CartPole-v1,"CP-ppo-ac-NN(6,6)-(lr=1.0e-5)-(86-params)",classic_NN_6-6,40
37.0,37,91352,CartPole-v1,"CP-ppo-ac-NN(6,6)-(lr=1.0e-5)-(86-params)",classic_NN_6-6,40
21.0,21,91364,CartPole-v1,"CP-ppo-ac-NN(6,6)-(lr=1.0e-5)-(86-params)",classic_NN_6-6,40
24.0,24,91404,CartPole-v1,"CP-ppo-ac-NN(6,6)-(lr=1.0e-5)-(86-params)",classic_NN_6-6,40
37.0,37,91408,CartPole-v1,"CP-ppo-ac-NN(6,6)-(lr=1.0e-5)-(86-params)",classic_NN_6-6,40
16.0,16,91428,CartPole-v1,"CP-ppo-ac-NN(6,6)-(lr=1.0e-5)-(86-params)",classic_NN_6-6,40
32.0,32,91480,CartPole-v1,"CP-ppo-ac-NN(6,6)-(lr=1.0e-5)-(86-params)",classic_NN_6-6,40
18.0,18,91480,CartPole-v1,"CP-ppo-ac-NN(6,6)-(lr=1.0e-5)-(86-params)",classic_NN_6-6,40
21.0,21,91564,CartPole-v1,"CP-ppo-ac-NN(6,6)-(lr=1.0e-5)-(86-params)",classic_NN_6-6,40
48.0,48,91596,CartPole-v1,"CP-ppo-ac-NN(6,6)-(lr=1.0e-5)-(86-params)",classic_NN_6-6,40
43.0,43,91600,CartPole-v1,"CP-ppo-ac-NN(6,6)-(lr=1.0e-5)-(86-params)",classic_NN_6-6,40
19.0,19,91640,CartPole-v1,"CP-ppo-ac-NN(6,6)-(lr=1.0e-5)-(86-params)",classic_NN_6-6,40
9.0,9,91676,CartPole-v1,"CP-ppo-ac-NN(6,6)-(lr=1.0e-5)-(86-params)",classic_NN_6-6,40
60.0,60,91720,CartPole-v1,"CP-ppo-ac-NN(6,6)-(lr=1.0e-5)-(86-params)",classic_NN_6-6,40
31.0,31,91724,CartPole-v1,"CP-ppo-ac-NN(6,6)-(lr=1.0e-5)-(86-params)",classic_NN_6-6,40
37.0,37,91744,CartPole-v1,"CP-ppo-ac-NN(6,6)-(lr=1.0e-5)-(86-params)",classic_NN_6-6,40
20.0,20,91756,CartPole-v1,"CP-ppo-ac-NN(6,6)-(lr=1.0e-5)-(86-params)",classic_NN_6-6,40
12.0,12,91772,CartPole-v1,"CP-ppo-ac-NN(6,6)-(lr=1.0e-5)-(86-params)",classic_NN_6-6,40
11.0,11,91788,CartPole-v1,"CP-ppo-ac-NN(6,6)-(lr=1.0e-5)-(86-params)",classic_NN_6-6,40
11.0,11,91800,CartPole-v1,"CP-ppo-ac-NN(6,6)-(lr=1.0e-5)-(86-params)",classic_NN_6-6,40
34.0,34,91856,CartPole-v1,"CP-ppo-ac-NN(6,6)-(lr=1.0e-5)-(86-params)",classic_NN_6-6,40
22.0,22,91876,CartPole-v1,"CP-ppo-ac-NN(6,6)-(lr=1.0e-5)-(86-params)",classic_NN_6-6,40
25.0,25,91900,CartPole-v1,"CP-ppo-ac-NN(6,6)-(lr=1.0e-5)-(86-params)",classic_NN_6-6,40
33.0,33,91904,CartPole-v1,"CP-ppo-ac-NN(6,6)-(lr=1.0e-5)-(86-params)",classic_NN_6-6,40
16.0,16,91920,CartPole-v1,"CP-ppo-ac-NN(6,6)-(lr=1.0e-5)-(86-params)",classic_NN_6-6,40
22.0,22,91964,CartPole-v1,"CP-ppo-ac-NN(6,6)-(lr=1.0e-5)-(86-params)",classic_NN_6-6,40
16.0,16,91964,CartPole-v1,"CP-ppo-ac-NN(6,6)-(lr=1.0e-5)-(86-params)",classic_NN_6-6,40
15.0,15,91980,CartPole-v1,"CP-ppo-ac-NN(6,6)-(lr=1.0e-5)-(86-params)",classic_NN_6-6,40
12.0,12,92028,CartPole-v1,"CP-ppo-ac-NN(6,6)-(lr=1.0e-5)-(86-params)",classic_NN_6-6,40
17.0,17,92032,CartPole-v1,"CP-ppo-ac-NN(6,6)-(lr=1.0e-5)-(86-params)",classic_NN_6-6,40
37.0,37,92052,CartPole-v1,"CP-ppo-ac-NN(6,6)-(lr=1.0e-5)-(86-params)",classic_NN_6-6,40
23.0,23,92056,CartPole-v1,"CP-ppo-ac-NN(6,6)-(lr=1.0e-5)-(86-params)",classic_NN_6-6,40
17.0,17,92100,CartPole-v1,"CP-ppo-ac-NN(6,6)-(lr=1.0e-5)-(86-params)",classic_NN_6-6,40
19.0,19,92104,CartPole-v1,"CP-ppo-ac-NN(6,6)-(lr=1.0e-5)-(86-params)",classic_NN_6-6,40
14.0,14,92112,CartPole-v1,"CP-ppo-ac-NN(6,6)-(lr=1.0e-5)-(86-params)",classic_NN_6-6,40
17.0,17,92120,CartPole-v1,"CP-ppo-ac-NN(6,6)-(lr=1.0e-5)-(86-params)",classic_NN_6-6,40
13.0,13,92172,CartPole-v1,"CP-ppo-ac-NN(6,6)-(lr=1.0e-5)-(86-params)",classic_NN_6-6,40
24.0,24,92196,CartPole-v1,"CP-ppo-ac-NN(6,6)-(lr=1.0e-5)-(86-params)",classic_NN_6-6,40
30.0,30,92224,CartPole-v1,"CP-ppo-ac-NN(6,6)-(lr=1.0e-5)-(86-params)",classic_NN_6-6,40
9.0,9,92232,CartPole-v1,"CP-ppo-ac-NN(6,6)-(lr=1.0e-5)-(86-params)",classic_NN_6-6,40
33.0,33,92244,CartPole-v1,"CP-ppo-ac-NN(6,6)-(lr=1.0e-5)-(86-params)",classic_NN_6-6,40
10.0,10,92264,CartPole-v1,"CP-ppo-ac-NN(6,6)-(lr=1.0e-5)-(86-params)",classic_NN_6-6,40
36.0,36,92316,CartPole-v1,"CP-ppo-ac-NN(6,6)-(lr=1.0e-5)-(86-params)",classic_NN_6-6,40
19.0,19,92320,CartPole-v1,"CP-ppo-ac-NN(6,6)-(lr=1.0e-5)-(86-params)",classic_NN_6-6,40
24.0,24,92416,CartPole-v1,"CP-ppo-ac-NN(6,6)-(lr=1.0e-5)-(86-params)",classic_NN_6-6,40
39.0,39,92420,CartPole-v1,"CP-ppo-ac-NN(6,6)-(lr=1.0e-5)-(86-params)",classic_NN_6-6,40
33.0,33,92448,CartPole-v1,"CP-ppo-ac-NN(6,6)-(lr=1.0e-5)-(86-params)",classic_NN_6-6,40
58.0,58,92464,CartPole-v1,"CP-ppo-ac-NN(6,6)-(lr=1.0e-5)-(86-params)",classic_NN_6-6,40
12.0,12,92464,CartPole-v1,"CP-ppo-ac-NN(6,6)-(lr=1.0e-5)-(86-params)",classic_NN_6-6,40
13.0,13,92472,CartPole-v1,"CP-ppo-ac-NN(6,6)-(lr=1.0e-5)-(86-params)",classic_NN_6-6,40
12.0,12,92512,CartPole-v1,"CP-ppo-ac-NN(6,6)-(lr=1.0e-5)-(86-params)",classic_NN_6-6,40
19.0,19,92524,CartPole-v1,"CP-ppo-ac-NN(6,6)-(lr=1.0e-5)-(86-params)",classic_NN_6-6,40
15.0,15,92532,CartPole-v1,"CP-ppo-ac-NN(6,6)-(lr=1.0e-5)-(86-params)",classic_NN_6-6,40
17.0,17,92592,CartPole-v1,"CP-ppo-ac-NN(6,6)-(lr=1.0e-5)-(86-params)",classic_NN_6-6,40
10.0,10,92632,CartPole-v1,"CP-ppo-ac-NN(6,6)-(lr=1.0e-5)-(86-params)",classic_NN_6-6,40
45.0,45,92644,CartPole-v1,"CP-ppo-ac-NN(6,6)-(lr=1.0e-5)-(86-params)",classic_NN_6-6,40
38.0,38,92684,CartPole-v1,"CP-ppo-ac-NN(6,6)-(lr=1.0e-5)-(86-params)",classic_NN_6-6,40
13.0,13,92684,CartPole-v1,"CP-ppo-ac-NN(6,6)-(lr=1.0e-5)-(86-params)",classic_NN_6-6,40
14.0,14,92700,CartPole-v1,"CP-ppo-ac-NN(6,6)-(lr=1.0e-5)-(86-params)",classic_NN_6-6,40
50.0,50,92712,CartPole-v1,"CP-ppo-ac-NN(6,6)-(lr=1.0e-5)-(86-params)",classic_NN_6-6,40
25.0,25,92784,CartPole-v1,"CP-ppo-ac-NN(6,6)-(lr=1.0e-5)-(86-params)",classic_NN_6-6,40
20.0,20,92792,CartPole-v1,"CP-ppo-ac-NN(6,6)-(lr=1.0e-5)-(86-params)",classic_NN_6-6,40
30.0,30,92804,CartPole-v1,"CP-ppo-ac-NN(6,6)-(lr=1.0e-5)-(86-params)",classic_NN_6-6,40
31.0,31,92824,CartPole-v1,"CP-ppo-ac-NN(6,6)-(lr=1.0e-5)-(86-params)",classic_NN_6-6,40
15.0,15,92884,CartPole-v1,"CP-ppo-ac-NN(6,6)-(lr=1.0e-5)-(86-params)",classic_NN_6-6,40
38.0,38,92956,CartPole-v1,"CP-ppo-ac-NN(6,6)-(lr=1.0e-5)-(86-params)",classic_NN_6-6,40
42.0,42,92960,CartPole-v1,"CP-ppo-ac-NN(6,6)-(lr=1.0e-5)-(86-params)",classic_NN_6-6,40
34.0,34,93020,CartPole-v1,"CP-ppo-ac-NN(6,6)-(lr=1.0e-5)-(86-params)",classic_NN_6-6,40
16.0,16,93024,CartPole-v1,"CP-ppo-ac-NN(6,6)-(lr=1.0e-5)-(86-params)",classic_NN_6-6,40
20.0,20,93036,CartPole-v1,"CP-ppo-ac-NN(6,6)-(lr=1.0e-5)-(86-params)",classic_NN_6-6,40
69.0,69,93060,CartPole-v1,"CP-ppo-ac-NN(6,6)-(lr=1.0e-5)-(86-params)",classic_NN_6-6,40
16.0,16,93124,CartPole-v1,"CP-ppo-ac-NN(6,6)-(lr=1.0e-5)-(86-params)",classic_NN_6-6,40
27.0,27,93132,CartPole-v1,"CP-ppo-ac-NN(6,6)-(lr=1.0e-5)-(86-params)",classic_NN_6-6,40
27.0,27,93144,CartPole-v1,"CP-ppo-ac-NN(6,6)-(lr=1.0e-5)-(86-params)",classic_NN_6-6,40
13.0,13,93184,CartPole-v1,"CP-ppo-ac-NN(6,6)-(lr=1.0e-5)-(86-params)",classic_NN_6-6,40
42.0,42,93188,CartPole-v1,"CP-ppo-ac-NN(6,6)-(lr=1.0e-5)-(86-params)",classic_NN_6-6,40
16.0,16,93188,CartPole-v1,"CP-ppo-ac-NN(6,6)-(lr=1.0e-5)-(86-params)",classic_NN_6-6,40
22.0,22,93232,CartPole-v1,"CP-ppo-ac-NN(6,6)-(lr=1.0e-5)-(86-params)",classic_NN_6-6,40
23.0,23,93276,CartPole-v1,"CP-ppo-ac-NN(6,6)-(lr=1.0e-5)-(86-params)",classic_NN_6-6,40
44.0,44,93364,CartPole-v1,"CP-ppo-ac-NN(6,6)-(lr=1.0e-5)-(86-params)",classic_NN_6-6,40
44.0,44,93364,CartPole-v1,"CP-ppo-ac-NN(6,6)-(lr=1.0e-5)-(86-params)",classic_NN_6-6,40
27.0,27,93384,CartPole-v1,"CP-ppo-ac-NN(6,6)-(lr=1.0e-5)-(86-params)",classic_NN_6-6,40
13.0,13,93416,CartPole-v1,"CP-ppo-ac-NN(6,6)-(lr=1.0e-5)-(86-params)",classic_NN_6-6,40
50.0,50,93432,CartPole-v1,"CP-ppo-ac-NN(6,6)-(lr=1.0e-5)-(86-params)",classic_NN_6-6,40
13.0,13,93436,CartPole-v1,"CP-ppo-ac-NN(6,6)-(lr=1.0e-5)-(86-params)",classic_NN_6-6,40
19.0,19,93440,CartPole-v1,"CP-ppo-ac-NN(6,6)-(lr=1.0e-5)-(86-params)",classic_NN_6-6,40
10.0,10,93472,CartPole-v1,"CP-ppo-ac-NN(6,6)-(lr=1.0e-5)-(86-params)",classic_NN_6-6,40
13.0,13,93524,CartPole-v1,"CP-ppo-ac-NN(6,6)-(lr=1.0e-5)-(86-params)",classic_NN_6-6,40
29.0,29,93532,CartPole-v1,"CP-ppo-ac-NN(6,6)-(lr=1.0e-5)-(86-params)",classic_NN_6-6,40
20.0,20,93604,CartPole-v1,"CP-ppo-ac-NN(6,6)-(lr=1.0e-5)-(86-params)",classic_NN_6-6,40
24.0,24,93628,CartPole-v1,"CP-ppo-ac-NN(6,6)-(lr=1.0e-5)-(86-params)",classic_NN_6-6,40
53.0,53,93652,CartPole-v1,"CP-ppo-ac-NN(6,6)-(lr=1.0e-5)-(86-params)",classic_NN_6-6,40
54.0,54,93652,CartPole-v1,"CP-ppo-ac-NN(6,6)-(lr=1.0e-5)-(86-params)",classic_NN_6-6,40
15.0,15,93688,CartPole-v1,"CP-ppo-ac-NN(6,6)-(lr=1.0e-5)-(86-params)",classic_NN_6-6,40
22.0,22,93692,CartPole-v1,"CP-ppo-ac-NN(6,6)-(lr=1.0e-5)-(86-params)",classic_NN_6-6,40
11.0,11,93696,CartPole-v1,"CP-ppo-ac-NN(6,6)-(lr=1.0e-5)-(86-params)",classic_NN_6-6,40
13.0,13,93748,CartPole-v1,"CP-ppo-ac-NN(6,6)-(lr=1.0e-5)-(86-params)",classic_NN_6-6,40
17.0,17,93756,CartPole-v1,"CP-ppo-ac-NN(6,6)-(lr=1.0e-5)-(86-params)",classic_NN_6-6,40
29.0,29,93768,CartPole-v1,"CP-ppo-ac-NN(6,6)-(lr=1.0e-5)-(86-params)",classic_NN_6-6,40
20.0,20,93828,CartPole-v1,"CP-ppo-ac-NN(6,6)-(lr=1.0e-5)-(86-params)",classic_NN_6-6,40
19.0,19,93832,CartPole-v1,"CP-ppo-ac-NN(6,6)-(lr=1.0e-5)-(86-params)",classic_NN_6-6,40
19.0,19,93844,CartPole-v1,"CP-ppo-ac-NN(6,6)-(lr=1.0e-5)-(86-params)",classic_NN_6-6,40
44.0,44,93868,CartPole-v1,"CP-ppo-ac-NN(6,6)-(lr=1.0e-5)-(86-params)",classic_NN_6-6,40
22.0,22,93916,CartPole-v1,"CP-ppo-ac-NN(6,6)-(lr=1.0e-5)-(86-params)",classic_NN_6-6,40
20.0,20,93924,CartPole-v1,"CP-ppo-ac-NN(6,6)-(lr=1.0e-5)-(86-params)",classic_NN_6-6,40
28.0,28,93944,CartPole-v1,"CP-ppo-ac-NN(6,6)-(lr=1.0e-5)-(86-params)",classic_NN_6-6,40
31.0,31,93992,CartPole-v1,"CP-ppo-ac-NN(6,6)-(lr=1.0e-5)-(86-params)",classic_NN_6-6,40
21.0,21,94000,CartPole-v1,"CP-ppo-ac-NN(6,6)-(lr=1.0e-5)-(86-params)",classic_NN_6-6,40
22.0,22,94012,CartPole-v1,"CP-ppo-ac-NN(6,6)-(lr=1.0e-5)-(86-params)",classic_NN_6-6,40
26.0,26,94048,CartPole-v1,"CP-ppo-ac-NN(6,6)-(lr=1.0e-5)-(86-params)",classic_NN_6-6,40
12.0,12,94048,CartPole-v1,"CP-ppo-ac-NN(6,6)-(lr=1.0e-5)-(86-params)",classic_NN_6-6,40
17.0,17,94060,CartPole-v1,"CP-ppo-ac-NN(6,6)-(lr=1.0e-5)-(86-params)",classic_NN_6-6,40
9.0,9,94084,CartPole-v1,"CP-ppo-ac-NN(6,6)-(lr=1.0e-5)-(86-params)",classic_NN_6-6,40
13.0,13,94112,CartPole-v1,"CP-ppo-ac-NN(6,6)-(lr=1.0e-5)-(86-params)",classic_NN_6-6,40
17.0,17,94116,CartPole-v1,"CP-ppo-ac-NN(6,6)-(lr=1.0e-5)-(86-params)",classic_NN_6-6,40
32.0,32,94140,CartPole-v1,"CP-ppo-ac-NN(6,6)-(lr=1.0e-5)-(86-params)",classic_NN_6-6,40
20.0,20,94196,CartPole-v1,"CP-ppo-ac-NN(6,6)-(lr=1.0e-5)-(86-params)",classic_NN_6-6,40
24.0,24,94208,CartPole-v1,"CP-ppo-ac-NN(6,6)-(lr=1.0e-5)-(86-params)",classic_NN_6-6,40
26.0,26,94244,CartPole-v1,"CP-ppo-ac-NN(6,6)-(lr=1.0e-5)-(86-params)",classic_NN_6-6,40
15.0,15,94268,CartPole-v1,"CP-ppo-ac-NN(6,6)-(lr=1.0e-5)-(86-params)",classic_NN_6-6,40
47.0,47,94272,CartPole-v1,"CP-ppo-ac-NN(6,6)-(lr=1.0e-5)-(86-params)",classic_NN_6-6,40
30.0,30,94316,CartPole-v1,"CP-ppo-ac-NN(6,6)-(lr=1.0e-5)-(86-params)",classic_NN_6-6,40
25.0,25,94344,CartPole-v1,"CP-ppo-ac-NN(6,6)-(lr=1.0e-5)-(86-params)",classic_NN_6-6,40
15.0,15,94376,CartPole-v1,"CP-ppo-ac-NN(6,6)-(lr=1.0e-5)-(86-params)",classic_NN_6-6,40
15.0,15,94404,CartPole-v1,"CP-ppo-ac-NN(6,6)-(lr=1.0e-5)-(86-params)",classic_NN_6-6,40
39.0,39,94424,CartPole-v1,"CP-ppo-ac-NN(6,6)-(lr=1.0e-5)-(86-params)",classic_NN_6-6,40
21.0,21,94460,CartPole-v1,"CP-ppo-ac-NN(6,6)-(lr=1.0e-5)-(86-params)",classic_NN_6-6,40
20.0,20,94484,CartPole-v1,"CP-ppo-ac-NN(6,6)-(lr=1.0e-5)-(86-params)",classic_NN_6-6,40
63.0,63,94524,CartPole-v1,"CP-ppo-ac-NN(6,6)-(lr=1.0e-5)-(86-params)",classic_NN_6-6,40
27.0,27,94532,CartPole-v1,"CP-ppo-ac-NN(6,6)-(lr=1.0e-5)-(86-params)",classic_NN_6-6,40
17.0,17,94552,CartPole-v1,"CP-ppo-ac-NN(6,6)-(lr=1.0e-5)-(86-params)",classic_NN_6-6,40
26.0,26,94564,CartPole-v1,"CP-ppo-ac-NN(6,6)-(lr=1.0e-5)-(86-params)",classic_NN_6-6,40
14.0,14,94588,CartPole-v1,"CP-ppo-ac-NN(6,6)-(lr=1.0e-5)-(86-params)",classic_NN_6-6,40
19.0,19,94600,CartPole-v1,"CP-ppo-ac-NN(6,6)-(lr=1.0e-5)-(86-params)",classic_NN_6-6,40
15.0,15,94612,CartPole-v1,"CP-ppo-ac-NN(6,6)-(lr=1.0e-5)-(86-params)",classic_NN_6-6,40
16.0,16,94628,CartPole-v1,"CP-ppo-ac-NN(6,6)-(lr=1.0e-5)-(86-params)",classic_NN_6-6,40
12.0,12,94636,CartPole-v1,"CP-ppo-ac-NN(6,6)-(lr=1.0e-5)-(86-params)",classic_NN_6-6,40
18.0,18,94672,CartPole-v1,"CP-ppo-ac-NN(6,6)-(lr=1.0e-5)-(86-params)",classic_NN_6-6,40
13.0,13,94688,CartPole-v1,"CP-ppo-ac-NN(6,6)-(lr=1.0e-5)-(86-params)",classic_NN_6-6,40
16.0,16,94692,CartPole-v1,"CP-ppo-ac-NN(6,6)-(lr=1.0e-5)-(86-params)",classic_NN_6-6,40
9.0,9,94708,CartPole-v1,"CP-ppo-ac-NN(6,6)-(lr=1.0e-5)-(86-params)",classic_NN_6-6,40
15.0,15,94748,CartPole-v1,"CP-ppo-ac-NN(6,6)-(lr=1.0e-5)-(86-params)",classic_NN_6-6,40
15.0,15,94752,CartPole-v1,"CP-ppo-ac-NN(6,6)-(lr=1.0e-5)-(86-params)",classic_NN_6-6,40
17.0,17,94776,CartPole-v1,"CP-ppo-ac-NN(6,6)-(lr=1.0e-5)-(86-params)",classic_NN_6-6,40
41.0,41,94776,CartPole-v1,"CP-ppo-ac-NN(6,6)-(lr=1.0e-5)-(86-params)",classic_NN_6-6,40
14.0,14,94804,CartPole-v1,"CP-ppo-ac-NN(6,6)-(lr=1.0e-5)-(86-params)",classic_NN_6-6,40
15.0,15,94812,CartPole-v1,"CP-ppo-ac-NN(6,6)-(lr=1.0e-5)-(86-params)",classic_NN_6-6,40
15.0,15,94836,CartPole-v1,"CP-ppo-ac-NN(6,6)-(lr=1.0e-5)-(86-params)",classic_NN_6-6,40
19.0,19,94852,CartPole-v1,"CP-ppo-ac-NN(6,6)-(lr=1.0e-5)-(86-params)",classic_NN_6-6,40
16.0,16,94876,CartPole-v1,"CP-ppo-ac-NN(6,6)-(lr=1.0e-5)-(86-params)",classic_NN_6-6,40
22.0,22,94892,CartPole-v1,"CP-ppo-ac-NN(6,6)-(lr=1.0e-5)-(86-params)",classic_NN_6-6,40
16.0,16,94900,CartPole-v1,"CP-ppo-ac-NN(6,6)-(lr=1.0e-5)-(86-params)",classic_NN_6-6,40
26.0,26,94956,CartPole-v1,"CP-ppo-ac-NN(6,6)-(lr=1.0e-5)-(86-params)",classic_NN_6-6,40
27.0,27,95008,CartPole-v1,"CP-ppo-ac-NN(6,6)-(lr=1.0e-5)-(86-params)",classic_NN_6-6,40
14.0,14,95012,CartPole-v1,"CP-ppo-ac-NN(6,6)-(lr=1.0e-5)-(86-params)",classic_NN_6-6,40
37.0,37,95024,CartPole-v1,"CP-ppo-ac-NN(6,6)-(lr=1.0e-5)-(86-params)",classic_NN_6-6,40
37.0,37,95040,CartPole-v1,"CP-ppo-ac-NN(6,6)-(lr=1.0e-5)-(86-params)",classic_NN_6-6,40
18.0,18,95084,CartPole-v1,"CP-ppo-ac-NN(6,6)-(lr=1.0e-5)-(86-params)",classic_NN_6-6,40
21.0,21,95092,CartPole-v1,"CP-ppo-ac-NN(6,6)-(lr=1.0e-5)-(86-params)",classic_NN_6-6,40
23.0,23,95116,CartPole-v1,"CP-ppo-ac-NN(6,6)-(lr=1.0e-5)-(86-params)",classic_NN_6-6,40
20.0,20,95120,CartPole-v1,"CP-ppo-ac-NN(6,6)-(lr=1.0e-5)-(86-params)",classic_NN_6-6,40
20.0,20,95164,CartPole-v1,"CP-ppo-ac-NN(6,6)-(lr=1.0e-5)-(86-params)",classic_NN_6-6,40
13.0,13,95168,CartPole-v1,"CP-ppo-ac-NN(6,6)-(lr=1.0e-5)-(86-params)",classic_NN_6-6,40
24.0,24,95188,CartPole-v1,"CP-ppo-ac-NN(6,6)-(lr=1.0e-5)-(86-params)",classic_NN_6-6,40
14.0,14,95224,CartPole-v1,"CP-ppo-ac-NN(6,6)-(lr=1.0e-5)-(86-params)",classic_NN_6-6,40
28.0,28,95232,CartPole-v1,"CP-ppo-ac-NN(6,6)-(lr=1.0e-5)-(86-params)",classic_NN_6-6,40
25.0,25,95264,CartPole-v1,"CP-ppo-ac-NN(6,6)-(lr=1.0e-5)-(86-params)",classic_NN_6-6,40
29.0,29,95304,CartPole-v1,"CP-ppo-ac-NN(6,6)-(lr=1.0e-5)-(86-params)",classic_NN_6-6,40
24.0,24,95328,CartPole-v1,"CP-ppo-ac-NN(6,6)-(lr=1.0e-5)-(86-params)",classic_NN_6-6,40
12.0,12,95352,CartPole-v1,"CP-ppo-ac-NN(6,6)-(lr=1.0e-5)-(86-params)",classic_NN_6-6,40
15.0,15,95388,CartPole-v1,"CP-ppo-ac-NN(6,6)-(lr=1.0e-5)-(86-params)",classic_NN_6-6,40
33.0,33,95396,CartPole-v1,"CP-ppo-ac-NN(6,6)-(lr=1.0e-5)-(86-params)",classic_NN_6-6,40
46.0,46,95408,CartPole-v1,"CP-ppo-ac-NN(6,6)-(lr=1.0e-5)-(86-params)",classic_NN_6-6,40
15.0,15,95412,CartPole-v1,"CP-ppo-ac-NN(6,6)-(lr=1.0e-5)-(86-params)",classic_NN_6-6,40
13.0,13,95464,CartPole-v1,"CP-ppo-ac-NN(6,6)-(lr=1.0e-5)-(86-params)",classic_NN_6-6,40
13.0,13,95516,CartPole-v1,"CP-ppo-ac-NN(6,6)-(lr=1.0e-5)-(86-params)",classic_NN_6-6,40
27.0,27,95516,CartPole-v1,"CP-ppo-ac-NN(6,6)-(lr=1.0e-5)-(86-params)",classic_NN_6-6,40
34.0,34,95532,CartPole-v1,"CP-ppo-ac-NN(6,6)-(lr=1.0e-5)-(86-params)",classic_NN_6-6,40
13.0,13,95568,CartPole-v1,"CP-ppo-ac-NN(6,6)-(lr=1.0e-5)-(86-params)",classic_NN_6-6,40
13.0,13,95620,CartPole-v1,"CP-ppo-ac-NN(6,6)-(lr=1.0e-5)-(86-params)",classic_NN_6-6,40
64.0,64,95644,CartPole-v1,"CP-ppo-ac-NN(6,6)-(lr=1.0e-5)-(86-params)",classic_NN_6-6,40
11.0,11,95664,CartPole-v1,"CP-ppo-ac-NN(6,6)-(lr=1.0e-5)-(86-params)",classic_NN_6-6,40
43.0,43,95688,CartPole-v1,"CP-ppo-ac-NN(6,6)-(lr=1.0e-5)-(86-params)",classic_NN_6-6,40
11.0,11,95688,CartPole-v1,"CP-ppo-ac-NN(6,6)-(lr=1.0e-5)-(86-params)",classic_NN_6-6,40
44.0,44,95708,CartPole-v1,"CP-ppo-ac-NN(6,6)-(lr=1.0e-5)-(86-params)",classic_NN_6-6,40
11.0,11,95732,CartPole-v1,"CP-ppo-ac-NN(6,6)-(lr=1.0e-5)-(86-params)",classic_NN_6-6,40
18.0,18,95736,CartPole-v1,"CP-ppo-ac-NN(6,6)-(lr=1.0e-5)-(86-params)",classic_NN_6-6,40
11.0,11,95752,CartPole-v1,"CP-ppo-ac-NN(6,6)-(lr=1.0e-5)-(86-params)",classic_NN_6-6,40
13.0,13,95788,CartPole-v1,"CP-ppo-ac-NN(6,6)-(lr=1.0e-5)-(86-params)",classic_NN_6-6,40
11.0,11,95796,CartPole-v1,"CP-ppo-ac-NN(6,6)-(lr=1.0e-5)-(86-params)",classic_NN_6-6,40
22.0,22,95820,CartPole-v1,"CP-ppo-ac-NN(6,6)-(lr=1.0e-5)-(86-params)",classic_NN_6-6,40
14.0,14,95852,CartPole-v1,"CP-ppo-ac-NN(6,6)-(lr=1.0e-5)-(86-params)",classic_NN_6-6,40
46.0,46,95872,CartPole-v1,"CP-ppo-ac-NN(6,6)-(lr=1.0e-5)-(86-params)",classic_NN_6-6,40
14.0,14,95876,CartPole-v1,"CP-ppo-ac-NN(6,6)-(lr=1.0e-5)-(86-params)",classic_NN_6-6,40
28.0,28,95900,CartPole-v1,"CP-ppo-ac-NN(6,6)-(lr=1.0e-5)-(86-params)",classic_NN_6-6,40
16.0,16,95940,CartPole-v1,"CP-ppo-ac-NN(6,6)-(lr=1.0e-5)-(86-params)",classic_NN_6-6,40
36.0,36,96016,CartPole-v1,"CP-ppo-ac-NN(6,6)-(lr=1.0e-5)-(86-params)",classic_NN_6-6,40
27.0,27,96048,CartPole-v1,"CP-ppo-ac-NN(6,6)-(lr=1.0e-5)-(86-params)",classic_NN_6-6,40
18.0,18,96088,CartPole-v1,"CP-ppo-ac-NN(6,6)-(lr=1.0e-5)-(86-params)",classic_NN_6-6,40
55.0,55,96120,CartPole-v1,"CP-ppo-ac-NN(6,6)-(lr=1.0e-5)-(86-params)",classic_NN_6-6,40
69.0,69,96128,CartPole-v1,"CP-ppo-ac-NN(6,6)-(lr=1.0e-5)-(86-params)",classic_NN_6-6,40
22.0,22,96136,CartPole-v1,"CP-ppo-ac-NN(6,6)-(lr=1.0e-5)-(86-params)",classic_NN_6-6,40
16.0,16,96152,CartPole-v1,"CP-ppo-ac-NN(6,6)-(lr=1.0e-5)-(86-params)",classic_NN_6-6,40
21.0,21,96204,CartPole-v1,"CP-ppo-ac-NN(6,6)-(lr=1.0e-5)-(86-params)",classic_NN_6-6,40
17.0,17,96220,CartPole-v1,"CP-ppo-ac-NN(6,6)-(lr=1.0e-5)-(86-params)",classic_NN_6-6,40
17.0,17,96272,CartPole-v1,"CP-ppo-ac-NN(6,6)-(lr=1.0e-5)-(86-params)",classic_NN_6-6,40
34.0,34,96272,CartPole-v1,"CP-ppo-ac-NN(6,6)-(lr=1.0e-5)-(86-params)",classic_NN_6-6,40
39.0,39,96284,CartPole-v1,"CP-ppo-ac-NN(6,6)-(lr=1.0e-5)-(86-params)",classic_NN_6-6,40
11.0,11,96316,CartPole-v1,"CP-ppo-ac-NN(6,6)-(lr=1.0e-5)-(86-params)",classic_NN_6-6,40
31.0,31,96344,CartPole-v1,"CP-ppo-ac-NN(6,6)-(lr=1.0e-5)-(86-params)",classic_NN_6-6,40
20.0,20,96364,CartPole-v1,"CP-ppo-ac-NN(6,6)-(lr=1.0e-5)-(86-params)",classic_NN_6-6,40
34.0,34,96408,CartPole-v1,"CP-ppo-ac-NN(6,6)-(lr=1.0e-5)-(86-params)",classic_NN_6-6,40
28.0,28,96428,CartPole-v1,"CP-ppo-ac-NN(6,6)-(lr=1.0e-5)-(86-params)",classic_NN_6-6,40
14.0,14,96464,CartPole-v1,"CP-ppo-ac-NN(6,6)-(lr=1.0e-5)-(86-params)",classic_NN_6-6,40
34.0,34,96480,CartPole-v1,"CP-ppo-ac-NN(6,6)-(lr=1.0e-5)-(86-params)",classic_NN_6-6,40
34.0,34,96500,CartPole-v1,"CP-ppo-ac-NN(6,6)-(lr=1.0e-5)-(86-params)",classic_NN_6-6,40
41.0,41,96592,CartPole-v1,"CP-ppo-ac-NN(6,6)-(lr=1.0e-5)-(86-params)",classic_NN_6-6,40
38.0,38,96616,CartPole-v1,"CP-ppo-ac-NN(6,6)-(lr=1.0e-5)-(86-params)",classic_NN_6-6,40
37.0,37,96628,CartPole-v1,"CP-ppo-ac-NN(6,6)-(lr=1.0e-5)-(86-params)",classic_NN_6-6,40
24.0,24,96712,CartPole-v1,"CP-ppo-ac-NN(6,6)-(lr=1.0e-5)-(86-params)",classic_NN_6-6,40
56.0,56,96724,CartPole-v1,"CP-ppo-ac-NN(6,6)-(lr=1.0e-5)-(86-params)",classic_NN_6-6,40
31.0,31,96752,CartPole-v1,"CP-ppo-ac-NN(6,6)-(lr=1.0e-5)-(86-params)",classic_NN_6-6,40
12.0,12,96760,CartPole-v1,"CP-ppo-ac-NN(6,6)-(lr=1.0e-5)-(86-params)",classic_NN_6-6,40
14.0,14,96780,CartPole-v1,"CP-ppo-ac-NN(6,6)-(lr=1.0e-5)-(86-params)",classic_NN_6-6,40
49.0,49,96788,CartPole-v1,"CP-ppo-ac-NN(6,6)-(lr=1.0e-5)-(86-params)",classic_NN_6-6,40
12.0,12,96808,CartPole-v1,"CP-ppo-ac-NN(6,6)-(lr=1.0e-5)-(86-params)",classic_NN_6-6,40
16.0,16,96816,CartPole-v1,"CP-ppo-ac-NN(6,6)-(lr=1.0e-5)-(86-params)",classic_NN_6-6,40
14.0,14,96864,CartPole-v1,"CP-ppo-ac-NN(6,6)-(lr=1.0e-5)-(86-params)",classic_NN_6-6,40
28.0,28,96900,CartPole-v1,"CP-ppo-ac-NN(6,6)-(lr=1.0e-5)-(86-params)",classic_NN_6-6,40
32.0,32,96908,CartPole-v1,"CP-ppo-ac-NN(6,6)-(lr=1.0e-5)-(86-params)",classic_NN_6-6,40
24.0,24,96912,CartPole-v1,"CP-ppo-ac-NN(6,6)-(lr=1.0e-5)-(86-params)",classic_NN_6-6,40
16.0,16,96928,CartPole-v1,"CP-ppo-ac-NN(6,6)-(lr=1.0e-5)-(86-params)",classic_NN_6-6,40
15.0,15,96960,CartPole-v1,"CP-ppo-ac-NN(6,6)-(lr=1.0e-5)-(86-params)",classic_NN_6-6,40
11.0,11,96972,CartPole-v1,"CP-ppo-ac-NN(6,6)-(lr=1.0e-5)-(86-params)",classic_NN_6-6,40
9.0,9,96996,CartPole-v1,"CP-ppo-ac-NN(6,6)-(lr=1.0e-5)-(86-params)",classic_NN_6-6,40
34.0,34,97044,CartPole-v1,"CP-ppo-ac-NN(6,6)-(lr=1.0e-5)-(86-params)",classic_NN_6-6,40
17.0,17,97064,CartPole-v1,"CP-ppo-ac-NN(6,6)-(lr=1.0e-5)-(86-params)",classic_NN_6-6,40
23.0,23,97064,CartPole-v1,"CP-ppo-ac-NN(6,6)-(lr=1.0e-5)-(86-params)",classic_NN_6-6,40
13.0,13,97096,CartPole-v1,"CP-ppo-ac-NN(6,6)-(lr=1.0e-5)-(86-params)",classic_NN_6-6,40
48.0,48,97104,CartPole-v1,"CP-ppo-ac-NN(6,6)-(lr=1.0e-5)-(86-params)",classic_NN_6-6,40
19.0,19,97140,CartPole-v1,"CP-ppo-ac-NN(6,6)-(lr=1.0e-5)-(86-params)",classic_NN_6-6,40
20.0,20,97144,CartPole-v1,"CP-ppo-ac-NN(6,6)-(lr=1.0e-5)-(86-params)",classic_NN_6-6,40
13.0,13,97148,CartPole-v1,"CP-ppo-ac-NN(6,6)-(lr=1.0e-5)-(86-params)",classic_NN_6-6,40
14.0,14,97160,CartPole-v1,"CP-ppo-ac-NN(6,6)-(lr=1.0e-5)-(86-params)",classic_NN_6-6,40
20.0,20,97220,CartPole-v1,"CP-ppo-ac-NN(6,6)-(lr=1.0e-5)-(86-params)",classic_NN_6-6,40
23.0,23,97240,CartPole-v1,"CP-ppo-ac-NN(6,6)-(lr=1.0e-5)-(86-params)",classic_NN_6-6,40
34.0,34,97280,CartPole-v1,"CP-ppo-ac-NN(6,6)-(lr=1.0e-5)-(86-params)",classic_NN_6-6,40
14.0,14,97296,CartPole-v1,"CP-ppo-ac-NN(6,6)-(lr=1.0e-5)-(86-params)",classic_NN_6-6,40
43.0,43,97332,CartPole-v1,"CP-ppo-ac-NN(6,6)-(lr=1.0e-5)-(86-params)",classic_NN_6-6,40
18.0,18,97352,CartPole-v1,"CP-ppo-ac-NN(6,6)-(lr=1.0e-5)-(86-params)",classic_NN_6-6,40
10.0,10,97372,CartPole-v1,"CP-ppo-ac-NN(6,6)-(lr=1.0e-5)-(86-params)",classic_NN_6-6,40
9.0,9,97408,CartPole-v1,"CP-ppo-ac-NN(6,6)-(lr=1.0e-5)-(86-params)",classic_NN_6-6,40
20.0,20,97432,CartPole-v1,"CP-ppo-ac-NN(6,6)-(lr=1.0e-5)-(86-params)",classic_NN_6-6,40
56.0,56,97444,CartPole-v1,"CP-ppo-ac-NN(6,6)-(lr=1.0e-5)-(86-params)",classic_NN_6-6,40
19.0,19,97484,CartPole-v1,"CP-ppo-ac-NN(6,6)-(lr=1.0e-5)-(86-params)",classic_NN_6-6,40
20.0,20,97512,CartPole-v1,"CP-ppo-ac-NN(6,6)-(lr=1.0e-5)-(86-params)",classic_NN_6-6,40
57.0,57,97524,CartPole-v1,"CP-ppo-ac-NN(6,6)-(lr=1.0e-5)-(86-params)",classic_NN_6-6,40
12.0,12,97560,CartPole-v1,"CP-ppo-ac-NN(6,6)-(lr=1.0e-5)-(86-params)",classic_NN_6-6,40
29.0,29,97560,CartPole-v1,"CP-ppo-ac-NN(6,6)-(lr=1.0e-5)-(86-params)",classic_NN_6-6,40
22.0,22,97572,CartPole-v1,"CP-ppo-ac-NN(6,6)-(lr=1.0e-5)-(86-params)",classic_NN_6-6,40
14.0,14,97580,CartPole-v1,"CP-ppo-ac-NN(6,6)-(lr=1.0e-5)-(86-params)",classic_NN_6-6,40
14.0,14,97616,CartPole-v1,"CP-ppo-ac-NN(6,6)-(lr=1.0e-5)-(86-params)",classic_NN_6-6,40
26.0,26,97684,CartPole-v1,"CP-ppo-ac-NN(6,6)-(lr=1.0e-5)-(86-params)",classic_NN_6-6,40
28.0,28,97684,CartPole-v1,"CP-ppo-ac-NN(6,6)-(lr=1.0e-5)-(86-params)",classic_NN_6-6,40
31.0,31,97684,CartPole-v1,"CP-ppo-ac-NN(6,6)-(lr=1.0e-5)-(86-params)",classic_NN_6-6,40
18.0,18,97688,CartPole-v1,"CP-ppo-ac-NN(6,6)-(lr=1.0e-5)-(86-params)",classic_NN_6-6,40
14.0,14,97740,CartPole-v1,"CP-ppo-ac-NN(6,6)-(lr=1.0e-5)-(86-params)",classic_NN_6-6,40
29.0,29,97804,CartPole-v1,"CP-ppo-ac-NN(6,6)-(lr=1.0e-5)-(86-params)",classic_NN_6-6,40
22.0,22,97828,CartPole-v1,"CP-ppo-ac-NN(6,6)-(lr=1.0e-5)-(86-params)",classic_NN_6-6,40
24.0,24,97900,CartPole-v1,"CP-ppo-ac-NN(6,6)-(lr=1.0e-5)-(86-params)",classic_NN_6-6,40
63.0,63,97936,CartPole-v1,"CP-ppo-ac-NN(6,6)-(lr=1.0e-5)-(86-params)",classic_NN_6-6,40
64.0,64,97940,CartPole-v1,"CP-ppo-ac-NN(6,6)-(lr=1.0e-5)-(86-params)",classic_NN_6-6,40
13.0,13,97952,CartPole-v1,"CP-ppo-ac-NN(6,6)-(lr=1.0e-5)-(86-params)",classic_NN_6-6,40
43.0,43,98000,CartPole-v1,"CP-ppo-ac-NN(6,6)-(lr=1.0e-5)-(86-params)",classic_NN_6-6,40
15.0,15,98012,CartPole-v1,"CP-ppo-ac-NN(6,6)-(lr=1.0e-5)-(86-params)",classic_NN_6-6,40
20.0,20,98020,CartPole-v1,"CP-ppo-ac-NN(6,6)-(lr=1.0e-5)-(86-params)",classic_NN_6-6,40
30.0,30,98056,CartPole-v1,"CP-ppo-ac-NN(6,6)-(lr=1.0e-5)-(86-params)",classic_NN_6-6,40
19.0,19,98088,CartPole-v1,"CP-ppo-ac-NN(6,6)-(lr=1.0e-5)-(86-params)",classic_NN_6-6,40
22.0,22,98088,CartPole-v1,"CP-ppo-ac-NN(6,6)-(lr=1.0e-5)-(86-params)",classic_NN_6-6,40
19.0,19,98096,CartPole-v1,"CP-ppo-ac-NN(6,6)-(lr=1.0e-5)-(86-params)",classic_NN_6-6,40
16.0,16,98152,CartPole-v1,"CP-ppo-ac-NN(6,6)-(lr=1.0e-5)-(86-params)",classic_NN_6-6,40
17.0,17,98164,CartPole-v1,"CP-ppo-ac-NN(6,6)-(lr=1.0e-5)-(86-params)",classic_NN_6-6,40
13.0,13,98204,CartPole-v1,"CP-ppo-ac-NN(6,6)-(lr=1.0e-5)-(86-params)",classic_NN_6-6,40
36.0,36,98232,CartPole-v1,"CP-ppo-ac-NN(6,6)-(lr=1.0e-5)-(86-params)",classic_NN_6-6,40
19.0,19,98240,CartPole-v1,"CP-ppo-ac-NN(6,6)-(lr=1.0e-5)-(86-params)",classic_NN_6-6,40
62.0,62,98304,CartPole-v1,"CP-ppo-ac-NN(6,6)-(lr=1.0e-5)-(86-params)",classic_NN_6-6,40
20.0,20,98312,CartPole-v1,"CP-ppo-ac-NN(6,6)-(lr=1.0e-5)-(86-params)",classic_NN_6-6,40
24.0,24,98336,CartPole-v1,"CP-ppo-ac-NN(6,6)-(lr=1.0e-5)-(86-params)",classic_NN_6-6,40
47.0,47,98392,CartPole-v1,"CP-ppo-ac-NN(6,6)-(lr=1.0e-5)-(86-params)",classic_NN_6-6,40
30.0,30,98424,CartPole-v1,"CP-ppo-ac-NN(6,6)-(lr=1.0e-5)-(86-params)",classic_NN_6-6,40
28.0,28,98424,CartPole-v1,"CP-ppo-ac-NN(6,6)-(lr=1.0e-5)-(86-params)",classic_NN_6-6,40
24.0,24,98432,CartPole-v1,"CP-ppo-ac-NN(6,6)-(lr=1.0e-5)-(86-params)",classic_NN_6-6,40
16.0,16,98456,CartPole-v1,"CP-ppo-ac-NN(6,6)-(lr=1.0e-5)-(86-params)",classic_NN_6-6,40
14.0,14,98488,CartPole-v1,"CP-ppo-ac-NN(6,6)-(lr=1.0e-5)-(86-params)",classic_NN_6-6,40
13.0,13,98508,CartPole-v1,"CP-ppo-ac-NN(6,6)-(lr=1.0e-5)-(86-params)",classic_NN_6-6,40
26.0,26,98528,CartPole-v1,"CP-ppo-ac-NN(6,6)-(lr=1.0e-5)-(86-params)",classic_NN_6-6,40
35.0,35,98564,CartPole-v1,"CP-ppo-ac-NN(6,6)-(lr=1.0e-5)-(86-params)",classic_NN_6-6,40
23.0,23,98580,CartPole-v1,"CP-ppo-ac-NN(6,6)-(lr=1.0e-5)-(86-params)",classic_NN_6-6,40
14.0,14,98584,CartPole-v1,"CP-ppo-ac-NN(6,6)-(lr=1.0e-5)-(86-params)",classic_NN_6-6,40
10.0,10,98620,CartPole-v1,"CP-ppo-ac-NN(6,6)-(lr=1.0e-5)-(86-params)",classic_NN_6-6,40
14.0,14,98620,CartPole-v1,"CP-ppo-ac-NN(6,6)-(lr=1.0e-5)-(86-params)",classic_NN_6-6,40
11.0,11,98628,CartPole-v1,"CP-ppo-ac-NN(6,6)-(lr=1.0e-5)-(86-params)",classic_NN_6-6,40
12.0,12,98676,CartPole-v1,"CP-ppo-ac-NN(6,6)-(lr=1.0e-5)-(86-params)",classic_NN_6-6,40
15.0,15,98680,CartPole-v1,"CP-ppo-ac-NN(6,6)-(lr=1.0e-5)-(86-params)",classic_NN_6-6,40
47.0,47,98696,CartPole-v1,"CP-ppo-ac-NN(6,6)-(lr=1.0e-5)-(86-params)",classic_NN_6-6,40
30.0,30,98740,CartPole-v1,"CP-ppo-ac-NN(6,6)-(lr=1.0e-5)-(86-params)",classic_NN_6-6,40
12.0,12,98744,CartPole-v1,"CP-ppo-ac-NN(6,6)-(lr=1.0e-5)-(86-params)",classic_NN_6-6,40
20.0,20,98756,CartPole-v1,"CP-ppo-ac-NN(6,6)-(lr=1.0e-5)-(86-params)",classic_NN_6-6,40
11.0,11,98788,CartPole-v1,"CP-ppo-ac-NN(6,6)-(lr=1.0e-5)-(86-params)",classic_NN_6-6,40
24.0,24,98836,CartPole-v1,"CP-ppo-ac-NN(6,6)-(lr=1.0e-5)-(86-params)",classic_NN_6-6,40
32.0,32,98884,CartPole-v1,"CP-ppo-ac-NN(6,6)-(lr=1.0e-5)-(86-params)",classic_NN_6-6,40
15.0,15,98896,CartPole-v1,"CP-ppo-ac-NN(6,6)-(lr=1.0e-5)-(86-params)",classic_NN_6-6,40
27.0,27,98896,CartPole-v1,"CP-ppo-ac-NN(6,6)-(lr=1.0e-5)-(86-params)",classic_NN_6-6,40
66.0,66,98944,CartPole-v1,"CP-ppo-ac-NN(6,6)-(lr=1.0e-5)-(86-params)",classic_NN_6-6,40
24.0,24,98980,CartPole-v1,"CP-ppo-ac-NN(6,6)-(lr=1.0e-5)-(86-params)",classic_NN_6-6,40
15.0,15,99004,CartPole-v1,"CP-ppo-ac-NN(6,6)-(lr=1.0e-5)-(86-params)",classic_NN_6-6,40
15.0,15,99040,CartPole-v1,"CP-ppo-ac-NN(6,6)-(lr=1.0e-5)-(86-params)",classic_NN_6-6,40
40.0,40,99056,CartPole-v1,"CP-ppo-ac-NN(6,6)-(lr=1.0e-5)-(86-params)",classic_NN_6-6,40
17.0,17,99072,CartPole-v1,"CP-ppo-ac-NN(6,6)-(lr=1.0e-5)-(86-params)",classic_NN_6-6,40
11.0,11,99084,CartPole-v1,"CP-ppo-ac-NN(6,6)-(lr=1.0e-5)-(86-params)",classic_NN_6-6,40
17.0,17,99140,CartPole-v1,"CP-ppo-ac-NN(6,6)-(lr=1.0e-5)-(86-params)",classic_NN_6-6,40
18.0,18,99156,CartPole-v1,"CP-ppo-ac-NN(6,6)-(lr=1.0e-5)-(86-params)",classic_NN_6-6,40
31.0,31,99180,CartPole-v1,"CP-ppo-ac-NN(6,6)-(lr=1.0e-5)-(86-params)",classic_NN_6-6,40
9.0,9,99192,CartPole-v1,"CP-ppo-ac-NN(6,6)-(lr=1.0e-5)-(86-params)",classic_NN_6-6,40
93.0,93,99268,CartPole-v1,"CP-ppo-ac-NN(6,6)-(lr=1.0e-5)-(86-params)",classic_NN_6-6,40
43.0,43,99312,CartPole-v1,"CP-ppo-ac-NN(6,6)-(lr=1.0e-5)-(86-params)",classic_NN_6-6,40
12.0,12,99316,CartPole-v1,"CP-ppo-ac-NN(6,6)-(lr=1.0e-5)-(86-params)",classic_NN_6-6,40
32.0,32,99320,CartPole-v1,"CP-ppo-ac-NN(6,6)-(lr=1.0e-5)-(86-params)",classic_NN_6-6,40
13.0,13,99364,CartPole-v1,"CP-ppo-ac-NN(6,6)-(lr=1.0e-5)-(86-params)",classic_NN_6-6,40
15.0,15,99380,CartPole-v1,"CP-ppo-ac-NN(6,6)-(lr=1.0e-5)-(86-params)",classic_NN_6-6,40
55.0,55,99400,CartPole-v1,"CP-ppo-ac-NN(6,6)-(lr=1.0e-5)-(86-params)",classic_NN_6-6,40
31.0,31,99440,CartPole-v1,"CP-ppo-ac-NN(6,6)-(lr=1.0e-5)-(86-params)",classic_NN_6-6,40
22.0,22,99488,CartPole-v1,"CP-ppo-ac-NN(6,6)-(lr=1.0e-5)-(86-params)",classic_NN_6-6,40
28.0,28,99492,CartPole-v1,"CP-ppo-ac-NN(6,6)-(lr=1.0e-5)-(86-params)",classic_NN_6-6,40
16.0,16,99504,CartPole-v1,"CP-ppo-ac-NN(6,6)-(lr=1.0e-5)-(86-params)",classic_NN_6-6,40
36.0,36,99508,CartPole-v1,"CP-ppo-ac-NN(6,6)-(lr=1.0e-5)-(86-params)",classic_NN_6-6,40
20.0,20,99572,CartPole-v1,"CP-ppo-ac-NN(6,6)-(lr=1.0e-5)-(86-params)",classic_NN_6-6,40
22.0,22,99576,CartPole-v1,"CP-ppo-ac-NN(6,6)-(lr=1.0e-5)-(86-params)",classic_NN_6-6,40
19.0,19,99580,CartPole-v1,"CP-ppo-ac-NN(6,6)-(lr=1.0e-5)-(86-params)",classic_NN_6-6,40
21.0,21,99592,CartPole-v1,"CP-ppo-ac-NN(6,6)-(lr=1.0e-5)-(86-params)",classic_NN_6-6,40
13.0,13,99632,CartPole-v1,"CP-ppo-ac-NN(6,6)-(lr=1.0e-5)-(86-params)",classic_NN_6-6,40
15.0,15,99632,CartPole-v1,"CP-ppo-ac-NN(6,6)-(lr=1.0e-5)-(86-params)",classic_NN_6-6,40
16.0,16,99640,CartPole-v1,"CP-ppo-ac-NN(6,6)-(lr=1.0e-5)-(86-params)",classic_NN_6-6,40
13.0,13,99644,CartPole-v1,"CP-ppo-ac-NN(6,6)-(lr=1.0e-5)-(86-params)",classic_NN_6-6,40
13.0,13,99692,CartPole-v1,"CP-ppo-ac-NN(6,6)-(lr=1.0e-5)-(86-params)",classic_NN_6-6,40
22.0,22,99720,CartPole-v1,"CP-ppo-ac-NN(6,6)-(lr=1.0e-5)-(86-params)",classic_NN_6-6,40
22.0,22,99732,CartPole-v1,"CP-ppo-ac-NN(6,6)-(lr=1.0e-5)-(86-params)",classic_NN_6-6,40
11.0,11,99736,CartPole-v1,"CP-ppo-ac-NN(6,6)-(lr=1.0e-5)-(86-params)",classic_NN_6-6,40
40.0,40,99792,CartPole-v1,"CP-ppo-ac-NN(6,6)-(lr=1.0e-5)-(86-params)",classic_NN_6-6,40
19.0,19,99796,CartPole-v1,"CP-ppo-ac-NN(6,6)-(lr=1.0e-5)-(86-params)",classic_NN_6-6,40
16.0,16,99796,CartPole-v1,"CP-ppo-ac-NN(6,6)-(lr=1.0e-5)-(86-params)",classic_NN_6-6,40
13.0,13,99844,CartPole-v1,"CP-ppo-ac-NN(6,6)-(lr=1.0e-5)-(86-params)",classic_NN_6-6,40
40.0,40,99896,CartPole-v1,"CP-ppo-ac-NN(6,6)-(lr=1.0e-5)-(86-params)",classic_NN_6-6,40
41.0,41,100008,CartPole-v1,"CP-ppo-ac-NN(6,6)-(lr=1.0e-5)-(86-params)",classic_NN_6-6,40
55.0,55,100016,CartPole-v1,"CP-ppo-ac-NN(6,6)-(lr=1.0e-5)-(86-params)",classic_NN_6-6,40
41.0,41,100060,CartPole-v1,"CP-ppo-ac-NN(6,6)-(lr=1.0e-5)-(86-params)",classic_NN_6-6,40
17.0,17,100076,CartPole-v1,"CP-ppo-ac-NN(6,6)-(lr=1.0e-5)-(86-params)",classic_NN_6-6,40
18.0,18,100132,CartPole-v1,"CP-ppo-ac-NN(6,6)-(lr=1.0e-5)-(86-params)",classic_NN_6-6,40
87.0,87,100144,CartPole-v1,"CP-ppo-ac-NN(6,6)-(lr=1.0e-5)-(86-params)",classic_NN_6-6,40
35.0,35,100156,CartPole-v1,"CP-ppo-ac-NN(6,6)-(lr=1.0e-5)-(86-params)",classic_NN_6-6,40
26.0,26,100180,CartPole-v1,"CP-ppo-ac-NN(6,6)-(lr=1.0e-5)-(86-params)",classic_NN_6-6,40
14.0,14,100200,CartPole-v1,"CP-ppo-ac-NN(6,6)-(lr=1.0e-5)-(86-params)",classic_NN_6-6,40
12.0,12,100204,CartPole-v1,"CP-ppo-ac-NN(6,6)-(lr=1.0e-5)-(86-params)",classic_NN_6-6,40
24.0,24,100228,CartPole-v1,"CP-ppo-ac-NN(6,6)-(lr=1.0e-5)-(86-params)",classic_NN_6-6,40
14.0,14,100236,CartPole-v1,"CP-ppo-ac-NN(6,6)-(lr=1.0e-5)-(86-params)",classic_NN_6-6,40
12.0,12,100248,CartPole-v1,"CP-ppo-ac-NN(6,6)-(lr=1.0e-5)-(86-params)",classic_NN_6-6,40
15.0,15,100296,CartPole-v1,"CP-ppo-ac-NN(6,6)-(lr=1.0e-5)-(86-params)",classic_NN_6-6,40
13.0,13,100300,CartPole-v1,"CP-ppo-ac-NN(6,6)-(lr=1.0e-5)-(86-params)",classic_NN_6-6,40
28.0,28,100316,CartPole-v1,"CP-ppo-ac-NN(6,6)-(lr=1.0e-5)-(86-params)",classic_NN_6-6,40
13.0,13,100352,CartPole-v1,"CP-ppo-ac-NN(6,6)-(lr=1.0e-5)-(86-params)",classic_NN_6-6,40
35.0,35,100436,CartPole-v1,"CP-ppo-ac-NN(6,6)-(lr=1.0e-5)-(86-params)",classic_NN_6-6,40
51.0,51,100520,CartPole-v1,"CP-ppo-ac-NN(6,6)-(lr=1.0e-5)-(86-params)",classic_NN_6-6,40
81.0,81,100552,CartPole-v1,"CP-ppo-ac-NN(6,6)-(lr=1.0e-5)-(86-params)",classic_NN_6-6,40
56.0,56,100576,CartPole-v1,"CP-ppo-ac-NN(6,6)-(lr=1.0e-5)-(86-params)",classic_NN_6-6,40
39.0,39,100592,CartPole-v1,"CP-ppo-ac-NN(6,6)-(lr=1.0e-5)-(86-params)",classic_NN_6-6,40
15.0,15,100612,CartPole-v1,"CP-ppo-ac-NN(6,6)-(lr=1.0e-5)-(86-params)",classic_NN_6-6,40
11.0,11,100636,CartPole-v1,"CP-ppo-ac-NN(6,6)-(lr=1.0e-5)-(86-params)",classic_NN_6-6,40
15.0,15,100636,CartPole-v1,"CP-ppo-ac-NN(6,6)-(lr=1.0e-5)-(86-params)",classic_NN_6-6,40
11.0,11,100680,CartPole-v1,"CP-ppo-ac-NN(6,6)-(lr=1.0e-5)-(86-params)",classic_NN_6-6,40
20.0,20,100692,CartPole-v1,"CP-ppo-ac-NN(6,6)-(lr=1.0e-5)-(86-params)",classic_NN_6-6,40
45.0,45,100700,CartPole-v1,"CP-ppo-ac-NN(6,6)-(lr=1.0e-5)-(86-params)",classic_NN_6-6,40
26.0,26,100740,CartPole-v1,"CP-ppo-ac-NN(6,6)-(lr=1.0e-5)-(86-params)",classic_NN_6-6,40
16.0,16,100744,CartPole-v1,"CP-ppo-ac-NN(6,6)-(lr=1.0e-5)-(86-params)",classic_NN_6-6,40
15.0,15,100760,CartPole-v1,"CP-ppo-ac-NN(6,6)-(lr=1.0e-5)-(86-params)",classic_NN_6-6,40
13.0,13,100792,CartPole-v1,"CP-ppo-ac-NN(6,6)-(lr=1.0e-5)-(86-params)",classic_NN_6-6,40
36.0,36,100836,CartPole-v1,"CP-ppo-ac-NN(6,6)-(lr=1.0e-5)-(86-params)",classic_NN_6-6,40
23.0,23,100836,CartPole-v1,"CP-ppo-ac-NN(6,6)-(lr=1.0e-5)-(86-params)",classic_NN_6-6,40
13.0,13,100888,CartPole-v1,"CP-ppo-ac-NN(6,6)-(lr=1.0e-5)-(86-params)",classic_NN_6-6,40
31.0,31,100916,CartPole-v1,"CP-ppo-ac-NN(6,6)-(lr=1.0e-5)-(86-params)",classic_NN_6-6,40
30.0,30,100956,CartPole-v1,"CP-ppo-ac-NN(6,6)-(lr=1.0e-5)-(86-params)",classic_NN_6-6,40
18.0,18,100960,CartPole-v1,"CP-ppo-ac-NN(6,6)-(lr=1.0e-5)-(86-params)",classic_NN_6-6,40
11.0,11,100960,CartPole-v1,"CP-ppo-ac-NN(6,6)-(lr=1.0e-5)-(86-params)",classic_NN_6-6,40
57.0,57,100988,CartPole-v1,"CP-ppo-ac-NN(6,6)-(lr=1.0e-5)-(86-params)",classic_NN_6-6,40
11.0,11,101004,CartPole-v1,"CP-ppo-ac-NN(6,6)-(lr=1.0e-5)-(86-params)",classic_NN_6-6,40
15.0,15,101016,CartPole-v1,"CP-ppo-ac-NN(6,6)-(lr=1.0e-5)-(86-params)",classic_NN_6-6,40
23.0,23,101052,CartPole-v1,"CP-ppo-ac-NN(6,6)-(lr=1.0e-5)-(86-params)",classic_NN_6-6,40
20.0,20,101096,CartPole-v1,"CP-ppo-ac-NN(6,6)-(lr=1.0e-5)-(86-params)",classic_NN_6-6,40
29.0,29,101120,CartPole-v1,"CP-ppo-ac-NN(6,6)-(lr=1.0e-5)-(86-params)",classic_NN_6-6,40
34.0,34,101124,CartPole-v1,"CP-ppo-ac-NN(6,6)-(lr=1.0e-5)-(86-params)",classic_NN_6-6,40
37.0,37,101200,CartPole-v1,"CP-ppo-ac-NN(6,6)-(lr=1.0e-5)-(86-params)",classic_NN_6-6,40
39.0,39,101276,CartPole-v1,"CP-ppo-ac-NN(6,6)-(lr=1.0e-5)-(86-params)",classic_NN_6-6,40
40.0,40,101284,CartPole-v1,"CP-ppo-ac-NN(6,6)-(lr=1.0e-5)-(86-params)",classic_NN_6-6,40
55.0,55,101316,CartPole-v1,"CP-ppo-ac-NN(6,6)-(lr=1.0e-5)-(86-params)",classic_NN_6-6,40
30.0,30,101320,CartPole-v1,"CP-ppo-ac-NN(6,6)-(lr=1.0e-5)-(86-params)",classic_NN_6-6,40
15.0,15,101336,CartPole-v1,"CP-ppo-ac-NN(6,6)-(lr=1.0e-5)-(86-params)",classic_NN_6-6,40
23.0,23,101376,CartPole-v1,"CP-ppo-ac-NN(6,6)-(lr=1.0e-5)-(86-params)",classic_NN_6-6,40
11.0,11,101380,CartPole-v1,"CP-ppo-ac-NN(6,6)-(lr=1.0e-5)-(86-params)",classic_NN_6-6,40
28.0,28,101432,CartPole-v1,"CP-ppo-ac-NN(6,6)-(lr=1.0e-5)-(86-params)",classic_NN_6-6,40
31.0,31,101440,CartPole-v1,"CP-ppo-ac-NN(6,6)-(lr=1.0e-5)-(86-params)",classic_NN_6-6,40
17.0,17,101444,CartPole-v1,"CP-ppo-ac-NN(6,6)-(lr=1.0e-5)-(86-params)",classic_NN_6-6,40
16.0,16,101444,CartPole-v1,"CP-ppo-ac-NN(6,6)-(lr=1.0e-5)-(86-params)",classic_NN_6-6,40
10.0,10,101480,CartPole-v1,"CP-ppo-ac-NN(6,6)-(lr=1.0e-5)-(86-params)",classic_NN_6-6,40
13.0,13,101496,CartPole-v1,"CP-ppo-ac-NN(6,6)-(lr=1.0e-5)-(86-params)",classic_NN_6-6,40
15.0,15,101504,CartPole-v1,"CP-ppo-ac-NN(6,6)-(lr=1.0e-5)-(86-params)",classic_NN_6-6,40
12.0,12,101528,CartPole-v1,"CP-ppo-ac-NN(6,6)-(lr=1.0e-5)-(86-params)",classic_NN_6-6,40
9.0,9,101540,CartPole-v1,"CP-ppo-ac-NN(6,6)-(lr=1.0e-5)-(86-params)",classic_NN_6-6,40
14.0,14,101552,CartPole-v1,"CP-ppo-ac-NN(6,6)-(lr=1.0e-5)-(86-params)",classic_NN_6-6,40
11.0,11,101596,CartPole-v1,"CP-ppo-ac-NN(6,6)-(lr=1.0e-5)-(86-params)",classic_NN_6-6,40
46.0,46,101616,CartPole-v1,"CP-ppo-ac-NN(6,6)-(lr=1.0e-5)-(86-params)",classic_NN_6-6,40
26.0,26,101644,CartPole-v1,"CP-ppo-ac-NN(6,6)-(lr=1.0e-5)-(86-params)",classic_NN_6-6,40
30.0,30,101648,CartPole-v1,"CP-ppo-ac-NN(6,6)-(lr=1.0e-5)-(86-params)",classic_NN_6-6,40
11.0,11,101688,CartPole-v1,"CP-ppo-ac-NN(6,6)-(lr=1.0e-5)-(86-params)",classic_NN_6-6,40
24.0,24,101692,CartPole-v1,"CP-ppo-ac-NN(6,6)-(lr=1.0e-5)-(86-params)",classic_NN_6-6,40
21.0,21,101700,CartPole-v1,"CP-ppo-ac-NN(6,6)-(lr=1.0e-5)-(86-params)",classic_NN_6-6,40
14.0,14,101744,CartPole-v1,"CP-ppo-ac-NN(6,6)-(lr=1.0e-5)-(86-params)",classic_NN_6-6,40
23.0,23,101792,CartPole-v1,"CP-ppo-ac-NN(6,6)-(lr=1.0e-5)-(86-params)",classic_NN_6-6,40
19.0,19,101820,CartPole-v1,"CP-ppo-ac-NN(6,6)-(lr=1.0e-5)-(86-params)",classic_NN_6-6,40
48.0,48,101840,CartPole-v1,"CP-ppo-ac-NN(6,6)-(lr=1.0e-5)-(86-params)",classic_NN_6-6,40
38.0,38,101844,CartPole-v1,"CP-ppo-ac-NN(6,6)-(lr=1.0e-5)-(86-params)",classic_NN_6-6,40
9.0,9,101856,CartPole-v1,"CP-ppo-ac-NN(6,6)-(lr=1.0e-5)-(86-params)",classic_NN_6-6,40
18.0,18,101864,CartPole-v1,"CP-ppo-ac-NN(6,6)-(lr=1.0e-5)-(86-params)",classic_NN_6-6,40
11.0,11,101888,CartPole-v1,"CP-ppo-ac-NN(6,6)-(lr=1.0e-5)-(86-params)",classic_NN_6-6,40
10.0,10,101896,CartPole-v1,"CP-ppo-ac-NN(6,6)-(lr=1.0e-5)-(86-params)",classic_NN_6-6,40
17.0,17,101908,CartPole-v1,"CP-ppo-ac-NN(6,6)-(lr=1.0e-5)-(86-params)",classic_NN_6-6,40
11.0,11,101952,CartPole-v1,"CP-ppo-ac-NN(6,6)-(lr=1.0e-5)-(86-params)",classic_NN_6-6,40
17.0,17,101956,CartPole-v1,"CP-ppo-ac-NN(6,6)-(lr=1.0e-5)-(86-params)",classic_NN_6-6,40
24.0,24,101992,CartPole-v1,"CP-ppo-ac-NN(6,6)-(lr=1.0e-5)-(86-params)",classic_NN_6-6,40
16.0,16,102016,CartPole-v1,"CP-ppo-ac-NN(6,6)-(lr=1.0e-5)-(86-params)",classic_NN_6-6,40
40.0,40,102024,CartPole-v1,"CP-ppo-ac-NN(6,6)-(lr=1.0e-5)-(86-params)",classic_NN_6-6,40
18.0,18,102028,CartPole-v1,"CP-ppo-ac-NN(6,6)-(lr=1.0e-5)-(86-params)",classic_NN_6-6,40
16.0,16,102056,CartPole-v1,"CP-ppo-ac-NN(6,6)-(lr=1.0e-5)-(86-params)",classic_NN_6-6,40
12.0,12,102064,CartPole-v1,"CP-ppo-ac-NN(6,6)-(lr=1.0e-5)-(86-params)",classic_NN_6-6,40
18.0,18,102096,CartPole-v1,"CP-ppo-ac-NN(6,6)-(lr=1.0e-5)-(86-params)",classic_NN_6-6,40
17.0,17,102096,CartPole-v1,"CP-ppo-ac-NN(6,6)-(lr=1.0e-5)-(86-params)",classic_NN_6-6,40
12.0,12,102112,CartPole-v1,"CP-ppo-ac-NN(6,6)-(lr=1.0e-5)-(86-params)",classic_NN_6-6,40
14.0,14,102112,CartPole-v1,"CP-ppo-ac-NN(6,6)-(lr=1.0e-5)-(86-params)",classic_NN_6-6,40
17.0,17,102164,CartPole-v1,"CP-ppo-ac-NN(6,6)-(lr=1.0e-5)-(86-params)",classic_NN_6-6,40
14.0,14,102168,CartPole-v1,"CP-ppo-ac-NN(6,6)-(lr=1.0e-5)-(86-params)",classic_NN_6-6,40
19.0,19,102188,CartPole-v1,"CP-ppo-ac-NN(6,6)-(lr=1.0e-5)-(86-params)",classic_NN_6-6,40
29.0,29,102212,CartPole-v1,"CP-ppo-ac-NN(6,6)-(lr=1.0e-5)-(86-params)",classic_NN_6-6,40
19.0,19,102244,CartPole-v1,"CP-ppo-ac-NN(6,6)-(lr=1.0e-5)-(86-params)",classic_NN_6-6,40
27.0,27,102272,CartPole-v1,"CP-ppo-ac-NN(6,6)-(lr=1.0e-5)-(86-params)",classic_NN_6-6,40
14.0,14,102300,CartPole-v1,"CP-ppo-ac-NN(6,6)-(lr=1.0e-5)-(86-params)",classic_NN_6-6,40
28.0,28,102300,CartPole-v1,"CP-ppo-ac-NN(6,6)-(lr=1.0e-5)-(86-params)",classic_NN_6-6,40
23.0,23,102304,CartPole-v1,"CP-ppo-ac-NN(6,6)-(lr=1.0e-5)-(86-params)",classic_NN_6-6,40
16.0,16,102336,CartPole-v1,"CP-ppo-ac-NN(6,6)-(lr=1.0e-5)-(86-params)",classic_NN_6-6,40
15.0,15,102360,CartPole-v1,"CP-ppo-ac-NN(6,6)-(lr=1.0e-5)-(86-params)",classic_NN_6-6,40
19.0,19,102376,CartPole-v1,"CP-ppo-ac-NN(6,6)-(lr=1.0e-5)-(86-params)",classic_NN_6-6,40
19.0,19,102380,CartPole-v1,"CP-ppo-ac-NN(6,6)-(lr=1.0e-5)-(86-params)",classic_NN_6-6,40
17.0,17,102404,CartPole-v1,"CP-ppo-ac-NN(6,6)-(lr=1.0e-5)-(86-params)",classic_NN_6-6,40
17.0,17,102444,CartPole-v1,"CP-ppo-ac-NN(6,6)-(lr=1.0e-5)-(86-params)",classic_NN_6-6,40
12.0,12,102452,CartPole-v1,"CP-ppo-ac-NN(6,6)-(lr=1.0e-5)-(86-params)",classic_NN_6-6,40
29.0,29,102476,CartPole-v1,"CP-ppo-ac-NN(6,6)-(lr=1.0e-5)-(86-params)",classic_NN_6-6,40
32.0,32,102508,CartPole-v1,"CP-ppo-ac-NN(6,6)-(lr=1.0e-5)-(86-params)",classic_NN_6-6,40
20.0,20,102524,CartPole-v1,"CP-ppo-ac-NN(6,6)-(lr=1.0e-5)-(86-params)",classic_NN_6-6,40
24.0,24,102548,CartPole-v1,"CP-ppo-ac-NN(6,6)-(lr=1.0e-5)-(86-params)",classic_NN_6-6,40
10.0,10,102588,CartPole-v1,"CP-ppo-ac-NN(6,6)-(lr=1.0e-5)-(86-params)",classic_NN_6-6,40
18.0,18,102596,CartPole-v1,"CP-ppo-ac-NN(6,6)-(lr=1.0e-5)-(86-params)",classic_NN_6-6,40
30.0,30,102596,CartPole-v1,"CP-ppo-ac-NN(6,6)-(lr=1.0e-5)-(86-params)",classic_NN_6-6,40
35.0,35,102648,CartPole-v1,"CP-ppo-ac-NN(6,6)-(lr=1.0e-5)-(86-params)",classic_NN_6-6,40
14.0,14,102652,CartPole-v1,"CP-ppo-ac-NN(6,6)-(lr=1.0e-5)-(86-params)",classic_NN_6-6,40
11.0,11,102692,CartPole-v1,"CP-ppo-ac-NN(6,6)-(lr=1.0e-5)-(86-params)",classic_NN_6-6,40
10.0,10,102692,CartPole-v1,"CP-ppo-ac-NN(6,6)-(lr=1.0e-5)-(86-params)",classic_NN_6-6,40
27.0,27,102696,CartPole-v1,"CP-ppo-ac-NN(6,6)-(lr=1.0e-5)-(86-params)",classic_NN_6-6,40
18.0,18,102768,CartPole-v1,"CP-ppo-ac-NN(6,6)-(lr=1.0e-5)-(86-params)",classic_NN_6-6,40
25.0,25,102792,CartPole-v1,"CP-ppo-ac-NN(6,6)-(lr=1.0e-5)-(86-params)",classic_NN_6-6,40
59.0,59,102832,CartPole-v1,"CP-ppo-ac-NN(6,6)-(lr=1.0e-5)-(86-params)",classic_NN_6-6,40
23.0,23,102884,CartPole-v1,"CP-ppo-ac-NN(6,6)-(lr=1.0e-5)-(86-params)",classic_NN_6-6,40
51.0,51,102896,CartPole-v1,"CP-ppo-ac-NN(6,6)-(lr=1.0e-5)-(86-params)",classic_NN_6-6,40
32.0,32,102896,CartPole-v1,"CP-ppo-ac-NN(6,6)-(lr=1.0e-5)-(86-params)",classic_NN_6-6,40
27.0,27,102940,CartPole-v1,"CP-ppo-ac-NN(6,6)-(lr=1.0e-5)-(86-params)",classic_NN_6-6,40
14.0,14,102952,CartPole-v1,"CP-ppo-ac-NN(6,6)-(lr=1.0e-5)-(86-params)",classic_NN_6-6,40
16.0,16,102960,CartPole-v1,"CP-ppo-ac-NN(6,6)-(lr=1.0e-5)-(86-params)",classic_NN_6-6,40
23.0,23,102976,CartPole-v1,"CP-ppo-ac-NN(6,6)-(lr=1.0e-5)-(86-params)",classic_NN_6-6,40
23.0,23,103032,CartPole-v1,"CP-ppo-ac-NN(6,6)-(lr=1.0e-5)-(86-params)",classic_NN_6-6,40
16.0,16,103040,CartPole-v1,"CP-ppo-ac-NN(6,6)-(lr=1.0e-5)-(86-params)",classic_NN_6-6,40
24.0,24,103048,CartPole-v1,"CP-ppo-ac-NN(6,6)-(lr=1.0e-5)-(86-params)",classic_NN_6-6,40
27.0,27,103068,CartPole-v1,"CP-ppo-ac-NN(6,6)-(lr=1.0e-5)-(86-params)",classic_NN_6-6,40
10.0,10,103080,CartPole-v1,"CP-ppo-ac-NN(6,6)-(lr=1.0e-5)-(86-params)",classic_NN_6-6,40
11.0,11,103092,CartPole-v1,"CP-ppo-ac-NN(6,6)-(lr=1.0e-5)-(86-params)",classic_NN_6-6,40
16.0,16,103156,CartPole-v1,"CP-ppo-ac-NN(6,6)-(lr=1.0e-5)-(86-params)",classic_NN_6-6,40
33.0,33,103212,CartPole-v1,"CP-ppo-ac-NN(6,6)-(lr=1.0e-5)-(86-params)",classic_NN_6-6,40
42.0,42,103236,CartPole-v1,"CP-ppo-ac-NN(6,6)-(lr=1.0e-5)-(86-params)",classic_NN_6-6,40
52.0,52,103240,CartPole-v1,"CP-ppo-ac-NN(6,6)-(lr=1.0e-5)-(86-params)",classic_NN_6-6,40
16.0,16,103300,CartPole-v1,"CP-ppo-ac-NN(6,6)-(lr=1.0e-5)-(86-params)",classic_NN_6-6,40
25.0,25,103312,CartPole-v1,"CP-ppo-ac-NN(6,6)-(lr=1.0e-5)-(86-params)",classic_NN_6-6,40
19.0,19,103316,CartPole-v1,"CP-ppo-ac-NN(6,6)-(lr=1.0e-5)-(86-params)",classic_NN_6-6,40
48.0,48,103348,CartPole-v1,"CP-ppo-ac-NN(6,6)-(lr=1.0e-5)-(86-params)",classic_NN_6-6,40
10.0,10,103352,CartPole-v1,"CP-ppo-ac-NN(6,6)-(lr=1.0e-5)-(86-params)",classic_NN_6-6,40
26.0,26,103404,CartPole-v1,"CP-ppo-ac-NN(6,6)-(lr=1.0e-5)-(86-params)",classic_NN_6-6,40
24.0,24,103412,CartPole-v1,"CP-ppo-ac-NN(6,6)-(lr=1.0e-5)-(86-params)",classic_NN_6-6,40
18.0,18,103420,CartPole-v1,"CP-ppo-ac-NN(6,6)-(lr=1.0e-5)-(86-params)",classic_NN_6-6,40
24.0,24,103448,CartPole-v1,"CP-ppo-ac-NN(6,6)-(lr=1.0e-5)-(86-params)",classic_NN_6-6,40
25.0,25,103504,CartPole-v1,"CP-ppo-ac-NN(6,6)-(lr=1.0e-5)-(86-params)",classic_NN_6-6,40
26.0,26,103516,CartPole-v1,"CP-ppo-ac-NN(6,6)-(lr=1.0e-5)-(86-params)",classic_NN_6-6,40
30.0,30,103540,CartPole-v1,"CP-ppo-ac-NN(6,6)-(lr=1.0e-5)-(86-params)",classic_NN_6-6,40
14.0,14,103572,CartPole-v1,"CP-ppo-ac-NN(6,6)-(lr=1.0e-5)-(86-params)",classic_NN_6-6,40
36.0,36,103592,CartPole-v1,"CP-ppo-ac-NN(6,6)-(lr=1.0e-5)-(86-params)",classic_NN_6-6,40
22.0,22,103628,CartPole-v1,"CP-ppo-ac-NN(6,6)-(lr=1.0e-5)-(86-params)",classic_NN_6-6,40
26.0,26,103676,CartPole-v1,"CP-ppo-ac-NN(6,6)-(lr=1.0e-5)-(86-params)",classic_NN_6-6,40
27.0,27,103700,CartPole-v1,"CP-ppo-ac-NN(6,6)-(lr=1.0e-5)-(86-params)",classic_NN_6-6,40
25.0,25,103728,CartPole-v1,"CP-ppo-ac-NN(6,6)-(lr=1.0e-5)-(86-params)",classic_NN_6-6,40
16.0,16,103740,CartPole-v1,"CP-ppo-ac-NN(6,6)-(lr=1.0e-5)-(86-params)",classic_NN_6-6,40
69.0,69,103780,CartPole-v1,"CP-ppo-ac-NN(6,6)-(lr=1.0e-5)-(86-params)",classic_NN_6-6,40
23.0,23,103820,CartPole-v1,"CP-ppo-ac-NN(6,6)-(lr=1.0e-5)-(86-params)",classic_NN_6-6,40
21.0,21,103824,CartPole-v1,"CP-ppo-ac-NN(6,6)-(lr=1.0e-5)-(86-params)",classic_NN_6-6,40
10.0,10,103864,CartPole-v1,"CP-ppo-ac-NN(6,6)-(lr=1.0e-5)-(86-params)",classic_NN_6-6,40
28.0,28,103892,CartPole-v1,"CP-ppo-ac-NN(6,6)-(lr=1.0e-5)-(86-params)",classic_NN_6-6,40
21.0,21,103904,CartPole-v1,"CP-ppo-ac-NN(6,6)-(lr=1.0e-5)-(86-params)",classic_NN_6-6,40
55.0,55,103920,CartPole-v1,"CP-ppo-ac-NN(6,6)-(lr=1.0e-5)-(86-params)",classic_NN_6-6,40
15.0,15,103924,CartPole-v1,"CP-ppo-ac-NN(6,6)-(lr=1.0e-5)-(86-params)",classic_NN_6-6,40
22.0,22,103980,CartPole-v1,"CP-ppo-ac-NN(6,6)-(lr=1.0e-5)-(86-params)",classic_NN_6-6,40
15.0,15,103980,CartPole-v1,"CP-ppo-ac-NN(6,6)-(lr=1.0e-5)-(86-params)",classic_NN_6-6,40
21.0,21,103988,CartPole-v1,"CP-ppo-ac-NN(6,6)-(lr=1.0e-5)-(86-params)",classic_NN_6-6,40
15.0,15,104040,CartPole-v1,"CP-ppo-ac-NN(6,6)-(lr=1.0e-5)-(86-params)",classic_NN_6-6,40
30.0,30,104044,CartPole-v1,"CP-ppo-ac-NN(6,6)-(lr=1.0e-5)-(86-params)",classic_NN_6-6,40
17.0,17,104056,CartPole-v1,"CP-ppo-ac-NN(6,6)-(lr=1.0e-5)-(86-params)",classic_NN_6-6,40
20.0,20,104060,CartPole-v1,"CP-ppo-ac-NN(6,6)-(lr=1.0e-5)-(86-params)",classic_NN_6-6,40
14.0,14,104100,CartPole-v1,"CP-ppo-ac-NN(6,6)-(lr=1.0e-5)-(86-params)",classic_NN_6-6,40
20.0,20,104120,CartPole-v1,"CP-ppo-ac-NN(6,6)-(lr=1.0e-5)-(86-params)",classic_NN_6-6,40
13.0,13,104172,CartPole-v1,"CP-ppo-ac-NN(6,6)-(lr=1.0e-5)-(86-params)",classic_NN_6-6,40
21.0,21,104184,CartPole-v1,"CP-ppo-ac-NN(6,6)-(lr=1.0e-5)-(86-params)",classic_NN_6-6,40
32.0,32,104184,CartPole-v1,"CP-ppo-ac-NN(6,6)-(lr=1.0e-5)-(86-params)",classic_NN_6-6,40
18.0,18,104256,CartPole-v1,"CP-ppo-ac-NN(6,6)-(lr=1.0e-5)-(86-params)",classic_NN_6-6,40
26.0,26,104276,CartPole-v1,"CP-ppo-ac-NN(6,6)-(lr=1.0e-5)-(86-params)",classic_NN_6-6,40
61.0,61,104304,CartPole-v1,"CP-ppo-ac-NN(6,6)-(lr=1.0e-5)-(86-params)",classic_NN_6-6,40
15.0,15,104316,CartPole-v1,"CP-ppo-ac-NN(6,6)-(lr=1.0e-5)-(86-params)",classic_NN_6-6,40
16.0,16,104340,CartPole-v1,"CP-ppo-ac-NN(6,6)-(lr=1.0e-5)-(86-params)",classic_NN_6-6,40
40.0,40,104344,CartPole-v1,"CP-ppo-ac-NN(6,6)-(lr=1.0e-5)-(86-params)",classic_NN_6-6,40
12.0,12,104364,CartPole-v1,"CP-ppo-ac-NN(6,6)-(lr=1.0e-5)-(86-params)",classic_NN_6-6,40
24.0,24,104400,CartPole-v1,"CP-ppo-ac-NN(6,6)-(lr=1.0e-5)-(86-params)",classic_NN_6-6,40
19.0,19,104420,CartPole-v1,"CP-ppo-ac-NN(6,6)-(lr=1.0e-5)-(86-params)",classic_NN_6-6,40
27.0,27,104448,CartPole-v1,"CP-ppo-ac-NN(6,6)-(lr=1.0e-5)-(86-params)",classic_NN_6-6,40
29.0,29,104480,CartPole-v1,"CP-ppo-ac-NN(6,6)-(lr=1.0e-5)-(86-params)",classic_NN_6-6,40
28.0,28,104532,CartPole-v1,"CP-ppo-ac-NN(6,6)-(lr=1.0e-5)-(86-params)",classic_NN_6-6,40
21.0,21,104564,CartPole-v1,"CP-ppo-ac-NN(6,6)-(lr=1.0e-5)-(86-params)",classic_NN_6-6,40
30.0,30,104568,CartPole-v1,"CP-ppo-ac-NN(6,6)-(lr=1.0e-5)-(86-params)",classic_NN_6-6,40
49.0,49,104596,CartPole-v1,"CP-ppo-ac-NN(6,6)-(lr=1.0e-5)-(86-params)",classic_NN_6-6,40
12.0,12,104612,CartPole-v1,"CP-ppo-ac-NN(6,6)-(lr=1.0e-5)-(86-params)",classic_NN_6-6,40
24.0,24,104628,CartPole-v1,"CP-ppo-ac-NN(6,6)-(lr=1.0e-5)-(86-params)",classic_NN_6-6,40
16.0,16,104676,CartPole-v1,"CP-ppo-ac-NN(6,6)-(lr=1.0e-5)-(86-params)",classic_NN_6-6,40
31.0,31,104692,CartPole-v1,"CP-ppo-ac-NN(6,6)-(lr=1.0e-5)-(86-params)",classic_NN_6-6,40
16.0,16,104692,CartPole-v1,"CP-ppo-ac-NN(6,6)-(lr=1.0e-5)-(86-params)",classic_NN_6-6,40
13.0,13,104744,CartPole-v1,"CP-ppo-ac-NN(6,6)-(lr=1.0e-5)-(86-params)",classic_NN_6-6,40
51.0,51,104800,CartPole-v1,"CP-ppo-ac-NN(6,6)-(lr=1.0e-5)-(86-params)",classic_NN_6-6,40
33.0,33,104808,CartPole-v1,"CP-ppo-ac-NN(6,6)-(lr=1.0e-5)-(86-params)",classic_NN_6-6,40
47.0,47,104880,CartPole-v1,"CP-ppo-ac-NN(6,6)-(lr=1.0e-5)-(86-params)",classic_NN_6-6,40
24.0,24,104896,CartPole-v1,"CP-ppo-ac-NN(6,6)-(lr=1.0e-5)-(86-params)",classic_NN_6-6,40
28.0,28,104920,CartPole-v1,"CP-ppo-ac-NN(6,6)-(lr=1.0e-5)-(86-params)",classic_NN_6-6,40
46.0,46,104928,CartPole-v1,"CP-ppo-ac-NN(6,6)-(lr=1.0e-5)-(86-params)",classic_NN_6-6,40
18.0,18,104952,CartPole-v1,"CP-ppo-ac-NN(6,6)-(lr=1.0e-5)-(86-params)",classic_NN_6-6,40
15.0,15,104980,CartPole-v1,"CP-ppo-ac-NN(6,6)-(lr=1.0e-5)-(86-params)",classic_NN_6-6,40
27.0,27,105004,CartPole-v1,"CP-ppo-ac-NN(6,6)-(lr=1.0e-5)-(86-params)",classic_NN_6-6,40
27.0,27,105036,CartPole-v1,"CP-ppo-ac-NN(6,6)-(lr=1.0e-5)-(86-params)",classic_NN_6-6,40
17.0,17,105072,CartPole-v1,"CP-ppo-ac-NN(6,6)-(lr=1.0e-5)-(86-params)",classic_NN_6-6,40
11.0,11,105080,CartPole-v1,"CP-ppo-ac-NN(6,6)-(lr=1.0e-5)-(86-params)",classic_NN_6-6,40
18.0,18,105144,CartPole-v1,"CP-ppo-ac-NN(6,6)-(lr=1.0e-5)-(86-params)",classic_NN_6-6,40
52.0,52,105160,CartPole-v1,"CP-ppo-ac-NN(6,6)-(lr=1.0e-5)-(86-params)",classic_NN_6-6,40
52.0,52,105188,CartPole-v1,"CP-ppo-ac-NN(6,6)-(lr=1.0e-5)-(86-params)",classic_NN_6-6,40
30.0,30,105200,CartPole-v1,"CP-ppo-ac-NN(6,6)-(lr=1.0e-5)-(86-params)",classic_NN_6-6,40
15.0,15,105204,CartPole-v1,"CP-ppo-ac-NN(6,6)-(lr=1.0e-5)-(86-params)",classic_NN_6-6,40
22.0,22,105248,CartPole-v1,"CP-ppo-ac-NN(6,6)-(lr=1.0e-5)-(86-params)",classic_NN_6-6,40
13.0,13,105252,CartPole-v1,"CP-ppo-ac-NN(6,6)-(lr=1.0e-5)-(86-params)",classic_NN_6-6,40
15.0,15,105264,CartPole-v1,"CP-ppo-ac-NN(6,6)-(lr=1.0e-5)-(86-params)",classic_NN_6-6,40
17.0,17,105332,CartPole-v1,"CP-ppo-ac-NN(6,6)-(lr=1.0e-5)-(86-params)",classic_NN_6-6,40
47.0,47,105376,CartPole-v1,"CP-ppo-ac-NN(6,6)-(lr=1.0e-5)-(86-params)",classic_NN_6-6,40
35.0,35,105388,CartPole-v1,"CP-ppo-ac-NN(6,6)-(lr=1.0e-5)-(86-params)",classic_NN_6-6,40
15.0,15,105392,CartPole-v1,"CP-ppo-ac-NN(6,6)-(lr=1.0e-5)-(86-params)",classic_NN_6-6,40
12.0,12,105424,CartPole-v1,"CP-ppo-ac-NN(6,6)-(lr=1.0e-5)-(86-params)",classic_NN_6-6,40
44.0,44,105428,CartPole-v1,"CP-ppo-ac-NN(6,6)-(lr=1.0e-5)-(86-params)",classic_NN_6-6,40
20.0,20,105468,CartPole-v1,"CP-ppo-ac-NN(6,6)-(lr=1.0e-5)-(86-params)",classic_NN_6-6,40
13.0,13,105480,CartPole-v1,"CP-ppo-ac-NN(6,6)-(lr=1.0e-5)-(86-params)",classic_NN_6-6,40
21.0,21,105508,CartPole-v1,"CP-ppo-ac-NN(6,6)-(lr=1.0e-5)-(86-params)",classic_NN_6-6,40
24.0,24,105564,CartPole-v1,"CP-ppo-ac-NN(6,6)-(lr=1.0e-5)-(86-params)",classic_NN_6-6,40
47.0,47,105580,CartPole-v1,"CP-ppo-ac-NN(6,6)-(lr=1.0e-5)-(86-params)",classic_NN_6-6,40
37.0,37,105628,CartPole-v1,"CP-ppo-ac-NN(6,6)-(lr=1.0e-5)-(86-params)",classic_NN_6-6,40
31.0,31,105632,CartPole-v1,"CP-ppo-ac-NN(6,6)-(lr=1.0e-5)-(86-params)",classic_NN_6-6,40
15.0,15,105640,CartPole-v1,"CP-ppo-ac-NN(6,6)-(lr=1.0e-5)-(86-params)",classic_NN_6-6,40
20.0,20,105644,CartPole-v1,"CP-ppo-ac-NN(6,6)-(lr=1.0e-5)-(86-params)",classic_NN_6-6,40
15.0,15,105688,CartPole-v1,"CP-ppo-ac-NN(6,6)-(lr=1.0e-5)-(86-params)",classic_NN_6-6,40
35.0,35,105772,CartPole-v1,"CP-ppo-ac-NN(6,6)-(lr=1.0e-5)-(86-params)",classic_NN_6-6,40
21.0,21,105772,CartPole-v1,"CP-ppo-ac-NN(6,6)-(lr=1.0e-5)-(86-params)",classic_NN_6-6,40
35.0,35,105784,CartPole-v1,"CP-ppo-ac-NN(6,6)-(lr=1.0e-5)-(86-params)",classic_NN_6-6,40
11.0,11,105828,CartPole-v1,"CP-ppo-ac-NN(6,6)-(lr=1.0e-5)-(86-params)",classic_NN_6-6,40
21.0,21,105856,CartPole-v1,"CP-ppo-ac-NN(6,6)-(lr=1.0e-5)-(86-params)",classic_NN_6-6,40
23.0,23,105864,CartPole-v1,"CP-ppo-ac-NN(6,6)-(lr=1.0e-5)-(86-params)",classic_NN_6-6,40
56.0,56,105864,CartPole-v1,"CP-ppo-ac-NN(6,6)-(lr=1.0e-5)-(86-params)",classic_NN_6-6,40
12.0,12,105876,CartPole-v1,"CP-ppo-ac-NN(6,6)-(lr=1.0e-5)-(86-params)",classic_NN_6-6,40
17.0,17,105924,CartPole-v1,"CP-ppo-ac-NN(6,6)-(lr=1.0e-5)-(86-params)",classic_NN_6-6,40
28.0,28,105976,CartPole-v1,"CP-ppo-ac-NN(6,6)-(lr=1.0e-5)-(86-params)",classic_NN_6-6,40
26.0,26,105980,CartPole-v1,"CP-ppo-ac-NN(6,6)-(lr=1.0e-5)-(86-params)",classic_NN_6-6,40
18.0,18,105996,CartPole-v1,"CP-ppo-ac-NN(6,6)-(lr=1.0e-5)-(86-params)",classic_NN_6-6,40
11.0,11,106040,CartPole-v1,"CP-ppo-ac-NN(6,6)-(lr=1.0e-5)-(86-params)",classic_NN_6-6,40
45.0,45,106044,CartPole-v1,"CP-ppo-ac-NN(6,6)-(lr=1.0e-5)-(86-params)",classic_NN_6-6,40
25.0,25,106080,CartPole-v1,"CP-ppo-ac-NN(6,6)-(lr=1.0e-5)-(86-params)",classic_NN_6-6,40
16.0,16,106104,CartPole-v1,"CP-ppo-ac-NN(6,6)-(lr=1.0e-5)-(86-params)",classic_NN_6-6,40
15.0,15,106140,CartPole-v1,"CP-ppo-ac-NN(6,6)-(lr=1.0e-5)-(86-params)",classic_NN_6-6,40
26.0,26,106148,CartPole-v1,"CP-ppo-ac-NN(6,6)-(lr=1.0e-5)-(86-params)",classic_NN_6-6,40
14.0,14,106196,CartPole-v1,"CP-ppo-ac-NN(6,6)-(lr=1.0e-5)-(86-params)",classic_NN_6-6,40
18.0,18,106220,CartPole-v1,"CP-ppo-ac-NN(6,6)-(lr=1.0e-5)-(86-params)",classic_NN_6-6,40
32.0,32,106232,CartPole-v1,"CP-ppo-ac-NN(6,6)-(lr=1.0e-5)-(86-params)",classic_NN_6-6,40
12.0,12,106268,CartPole-v1,"CP-ppo-ac-NN(6,6)-(lr=1.0e-5)-(86-params)",classic_NN_6-6,40
75.0,75,106276,CartPole-v1,"CP-ppo-ac-NN(6,6)-(lr=1.0e-5)-(86-params)",classic_NN_6-6,40
10.0,10,106308,CartPole-v1,"CP-ppo-ac-NN(6,6)-(lr=1.0e-5)-(86-params)",classic_NN_6-6,40
21.0,21,106316,CartPole-v1,"CP-ppo-ac-NN(6,6)-(lr=1.0e-5)-(86-params)",classic_NN_6-6,40
42.0,42,106364,CartPole-v1,"CP-ppo-ac-NN(6,6)-(lr=1.0e-5)-(86-params)",classic_NN_6-6,40
29.0,29,106392,CartPole-v1,"CP-ppo-ac-NN(6,6)-(lr=1.0e-5)-(86-params)",classic_NN_6-6,40
21.0,21,106400,CartPole-v1,"CP-ppo-ac-NN(6,6)-(lr=1.0e-5)-(86-params)",classic_NN_6-6,40
26.0,26,106412,CartPole-v1,"CP-ppo-ac-NN(6,6)-(lr=1.0e-5)-(86-params)",classic_NN_6-6,40
13.0,13,106464,CartPole-v1,"CP-ppo-ac-NN(6,6)-(lr=1.0e-5)-(86-params)",classic_NN_6-6,40
18.0,18,106464,CartPole-v1,"CP-ppo-ac-NN(6,6)-(lr=1.0e-5)-(86-params)",classic_NN_6-6,40
25.0,25,106464,CartPole-v1,"CP-ppo-ac-NN(6,6)-(lr=1.0e-5)-(86-params)",classic_NN_6-6,40
9.0,9,106500,CartPole-v1,"CP-ppo-ac-NN(6,6)-(lr=1.0e-5)-(86-params)",classic_NN_6-6,40
12.0,12,106512,CartPole-v1,"CP-ppo-ac-NN(6,6)-(lr=1.0e-5)-(86-params)",classic_NN_6-6,40
17.0,17,106532,CartPole-v1,"CP-ppo-ac-NN(6,6)-(lr=1.0e-5)-(86-params)",classic_NN_6-6,40
14.0,14,106556,CartPole-v1,"CP-ppo-ac-NN(6,6)-(lr=1.0e-5)-(86-params)",classic_NN_6-6,40
46.0,46,106584,CartPole-v1,"CP-ppo-ac-NN(6,6)-(lr=1.0e-5)-(86-params)",classic_NN_6-6,40
19.0,19,106588,CartPole-v1,"CP-ppo-ac-NN(6,6)-(lr=1.0e-5)-(86-params)",classic_NN_6-6,40
16.0,16,106620,CartPole-v1,"CP-ppo-ac-NN(6,6)-(lr=1.0e-5)-(86-params)",classic_NN_6-6,40
15.0,15,106644,CartPole-v1,"CP-ppo-ac-NN(6,6)-(lr=1.0e-5)-(86-params)",classic_NN_6-6,40
17.0,17,106656,CartPole-v1,"CP-ppo-ac-NN(6,6)-(lr=1.0e-5)-(86-params)",classic_NN_6-6,40
33.0,33,106664,CartPole-v1,"CP-ppo-ac-NN(6,6)-(lr=1.0e-5)-(86-params)",classic_NN_6-6,40
13.0,13,106672,CartPole-v1,"CP-ppo-ac-NN(6,6)-(lr=1.0e-5)-(86-params)",classic_NN_6-6,40
16.0,16,106708,CartPole-v1,"CP-ppo-ac-NN(6,6)-(lr=1.0e-5)-(86-params)",classic_NN_6-6,40
14.0,14,106712,CartPole-v1,"CP-ppo-ac-NN(6,6)-(lr=1.0e-5)-(86-params)",classic_NN_6-6,40
11.0,11,106716,CartPole-v1,"CP-ppo-ac-NN(6,6)-(lr=1.0e-5)-(86-params)",classic_NN_6-6,40
20.0,20,106744,CartPole-v1,"CP-ppo-ac-NN(6,6)-(lr=1.0e-5)-(86-params)",classic_NN_6-6,40
12.0,12,106792,CartPole-v1,"CP-ppo-ac-NN(6,6)-(lr=1.0e-5)-(86-params)",classic_NN_6-6,40
21.0,21,106800,CartPole-v1,"CP-ppo-ac-NN(6,6)-(lr=1.0e-5)-(86-params)",classic_NN_6-6,40
33.0,33,106840,CartPole-v1,"CP-ppo-ac-NN(6,6)-(lr=1.0e-5)-(86-params)",classic_NN_6-6,40
35.0,35,106852,CartPole-v1,"CP-ppo-ac-NN(6,6)-(lr=1.0e-5)-(86-params)",classic_NN_6-6,40
17.0,17,106860,CartPole-v1,"CP-ppo-ac-NN(6,6)-(lr=1.0e-5)-(86-params)",classic_NN_6-6,40
13.0,13,106904,CartPole-v1,"CP-ppo-ac-NN(6,6)-(lr=1.0e-5)-(86-params)",classic_NN_6-6,40
19.0,19,106916,CartPole-v1,"CP-ppo-ac-NN(6,6)-(lr=1.0e-5)-(86-params)",classic_NN_6-6,40
30.0,30,106920,CartPole-v1,"CP-ppo-ac-NN(6,6)-(lr=1.0e-5)-(86-params)",classic_NN_6-6,40
16.0,16,106968,CartPole-v1,"CP-ppo-ac-NN(6,6)-(lr=1.0e-5)-(86-params)",classic_NN_6-6,40
28.0,28,106972,CartPole-v1,"CP-ppo-ac-NN(6,6)-(lr=1.0e-5)-(86-params)",classic_NN_6-6,40
13.0,13,106972,CartPole-v1,"CP-ppo-ac-NN(6,6)-(lr=1.0e-5)-(86-params)",classic_NN_6-6,40
20.0,20,106996,CartPole-v1,"CP-ppo-ac-NN(6,6)-(lr=1.0e-5)-(86-params)",classic_NN_6-6,40
13.0,13,107024,CartPole-v1,"CP-ppo-ac-NN(6,6)-(lr=1.0e-5)-(86-params)",classic_NN_6-6,40
9.0,9,107032,CartPole-v1,"CP-ppo-ac-NN(6,6)-(lr=1.0e-5)-(86-params)",classic_NN_6-6,40
19.0,19,107048,CartPole-v1,"CP-ppo-ac-NN(6,6)-(lr=1.0e-5)-(86-params)",classic_NN_6-6,40
15.0,15,107108,CartPole-v1,"CP-ppo-ac-NN(6,6)-(lr=1.0e-5)-(86-params)",classic_NN_6-6,40
22.0,22,107112,CartPole-v1,"CP-ppo-ac-NN(6,6)-(lr=1.0e-5)-(86-params)",classic_NN_6-6,40
49.0,49,107164,CartPole-v1,"CP-ppo-ac-NN(6,6)-(lr=1.0e-5)-(86-params)",classic_NN_6-6,40
20.0,20,107188,CartPole-v1,"CP-ppo-ac-NN(6,6)-(lr=1.0e-5)-(86-params)",classic_NN_6-6,40
47.0,47,107220,CartPole-v1,"CP-ppo-ac-NN(6,6)-(lr=1.0e-5)-(86-params)",classic_NN_6-6,40
34.0,34,107248,CartPole-v1,"CP-ppo-ac-NN(6,6)-(lr=1.0e-5)-(86-params)",classic_NN_6-6,40
22.0,22,107252,CartPole-v1,"CP-ppo-ac-NN(6,6)-(lr=1.0e-5)-(86-params)",classic_NN_6-6,40
20.0,20,107268,CartPole-v1,"CP-ppo-ac-NN(6,6)-(lr=1.0e-5)-(86-params)",classic_NN_6-6,40
16.0,16,107312,CartPole-v1,"CP-ppo-ac-NN(6,6)-(lr=1.0e-5)-(86-params)",classic_NN_6-6,40
19.0,19,107328,CartPole-v1,"CP-ppo-ac-NN(6,6)-(lr=1.0e-5)-(86-params)",classic_NN_6-6,40
22.0,22,107356,CartPole-v1,"CP-ppo-ac-NN(6,6)-(lr=1.0e-5)-(86-params)",classic_NN_6-6,40
17.0,17,107380,CartPole-v1,"CP-ppo-ac-NN(6,6)-(lr=1.0e-5)-(86-params)",classic_NN_6-6,40
24.0,24,107424,CartPole-v1,"CP-ppo-ac-NN(6,6)-(lr=1.0e-5)-(86-params)",classic_NN_6-6,40
61.0,61,107464,CartPole-v1,"CP-ppo-ac-NN(6,6)-(lr=1.0e-5)-(86-params)",classic_NN_6-6,40
30.0,30,107476,CartPole-v1,"CP-ppo-ac-NN(6,6)-(lr=1.0e-5)-(86-params)",classic_NN_6-6,40
40.0,40,107540,CartPole-v1,"CP-ppo-ac-NN(6,6)-(lr=1.0e-5)-(86-params)",classic_NN_6-6,40
34.0,34,107560,CartPole-v1,"CP-ppo-ac-NN(6,6)-(lr=1.0e-5)-(86-params)",classic_NN_6-6,40
33.0,33,107596,CartPole-v1,"CP-ppo-ac-NN(6,6)-(lr=1.0e-5)-(86-params)",classic_NN_6-6,40
31.0,31,107600,CartPole-v1,"CP-ppo-ac-NN(6,6)-(lr=1.0e-5)-(86-params)",classic_NN_6-6,40
28.0,28,107652,CartPole-v1,"CP-ppo-ac-NN(6,6)-(lr=1.0e-5)-(86-params)",classic_NN_6-6,40
15.0,15,107656,CartPole-v1,"CP-ppo-ac-NN(6,6)-(lr=1.0e-5)-(86-params)",classic_NN_6-6,40
20.0,20,107680,CartPole-v1,"CP-ppo-ac-NN(6,6)-(lr=1.0e-5)-(86-params)",classic_NN_6-6,40
33.0,33,107692,CartPole-v1,"CP-ppo-ac-NN(6,6)-(lr=1.0e-5)-(86-params)",classic_NN_6-6,40
11.0,11,107700,CartPole-v1,"CP-ppo-ac-NN(6,6)-(lr=1.0e-5)-(86-params)",classic_NN_6-6,40
25.0,25,107752,CartPole-v1,"CP-ppo-ac-NN(6,6)-(lr=1.0e-5)-(86-params)",classic_NN_6-6,40
20.0,20,107760,CartPole-v1,"CP-ppo-ac-NN(6,6)-(lr=1.0e-5)-(86-params)",classic_NN_6-6,40
15.0,15,107812,CartPole-v1,"CP-ppo-ac-NN(6,6)-(lr=1.0e-5)-(86-params)",classic_NN_6-6,40
37.0,37,107840,CartPole-v1,"CP-ppo-ac-NN(6,6)-(lr=1.0e-5)-(86-params)",classic_NN_6-6,40
45.0,45,107880,CartPole-v1,"CP-ppo-ac-NN(6,6)-(lr=1.0e-5)-(86-params)",classic_NN_6-6,40
21.0,21,107924,CartPole-v1,"CP-ppo-ac-NN(6,6)-(lr=1.0e-5)-(86-params)",classic_NN_6-6,40
13.0,13,107932,CartPole-v1,"CP-ppo-ac-NN(6,6)-(lr=1.0e-5)-(86-params)",classic_NN_6-6,40
32.0,32,107940,CartPole-v1,"CP-ppo-ac-NN(6,6)-(lr=1.0e-5)-(86-params)",classic_NN_6-6,40
14.0,14,107980,CartPole-v1,"CP-ppo-ac-NN(6,6)-(lr=1.0e-5)-(86-params)",classic_NN_6-6,40
61.0,61,108004,CartPole-v1,"CP-ppo-ac-NN(6,6)-(lr=1.0e-5)-(86-params)",classic_NN_6-6,40
18.0,18,108012,CartPole-v1,"CP-ppo-ac-NN(6,6)-(lr=1.0e-5)-(86-params)",classic_NN_6-6,40
14.0,14,108036,CartPole-v1,"CP-ppo-ac-NN(6,6)-(lr=1.0e-5)-(86-params)",classic_NN_6-6,40
14.0,14,108060,CartPole-v1,"CP-ppo-ac-NN(6,6)-(lr=1.0e-5)-(86-params)",classic_NN_6-6,40
24.0,24,108108,CartPole-v1,"CP-ppo-ac-NN(6,6)-(lr=1.0e-5)-(86-params)",classic_NN_6-6,40
18.0,18,108108,CartPole-v1,"CP-ppo-ac-NN(6,6)-(lr=1.0e-5)-(86-params)",classic_NN_6-6,40
23.0,23,108152,CartPole-v1,"CP-ppo-ac-NN(6,6)-(lr=1.0e-5)-(86-params)",classic_NN_6-6,40
20.0,20,108188,CartPole-v1,"CP-ppo-ac-NN(6,6)-(lr=1.0e-5)-(86-params)",classic_NN_6-6,40
80.0,80,108252,CartPole-v1,"CP-ppo-ac-NN(6,6)-(lr=1.0e-5)-(86-params)",classic_NN_6-6,40
42.0,42,108276,CartPole-v1,"CP-ppo-ac-NN(6,6)-(lr=1.0e-5)-(86-params)",classic_NN_6-6,40
44.0,44,108328,CartPole-v1,"CP-ppo-ac-NN(6,6)-(lr=1.0e-5)-(86-params)",classic_NN_6-6,40
39.0,39,108344,CartPole-v1,"CP-ppo-ac-NN(6,6)-(lr=1.0e-5)-(86-params)",classic_NN_6-6,40
18.0,18,108348,CartPole-v1,"CP-ppo-ac-NN(6,6)-(lr=1.0e-5)-(86-params)",classic_NN_6-6,40
26.0,26,108356,CartPole-v1,"CP-ppo-ac-NN(6,6)-(lr=1.0e-5)-(86-params)",classic_NN_6-6,40
20.0,20,108408,CartPole-v1,"CP-ppo-ac-NN(6,6)-(lr=1.0e-5)-(86-params)",classic_NN_6-6,40
16.0,16,108412,CartPole-v1,"CP-ppo-ac-NN(6,6)-(lr=1.0e-5)-(86-params)",classic_NN_6-6,40
18.0,18,108428,CartPole-v1,"CP-ppo-ac-NN(6,6)-(lr=1.0e-5)-(86-params)",classic_NN_6-6,40
17.0,17,108480,CartPole-v1,"CP-ppo-ac-NN(6,6)-(lr=1.0e-5)-(86-params)",classic_NN_6-6,40
19.0,19,108504,CartPole-v1,"CP-ppo-ac-NN(6,6)-(lr=1.0e-5)-(86-params)",classic_NN_6-6,40
40.0,40,108504,CartPole-v1,"CP-ppo-ac-NN(6,6)-(lr=1.0e-5)-(86-params)",classic_NN_6-6,40
26.0,26,108584,CartPole-v1,"CP-ppo-ac-NN(6,6)-(lr=1.0e-5)-(86-params)",classic_NN_6-6,40
24.0,24,108600,CartPole-v1,"CP-ppo-ac-NN(6,6)-(lr=1.0e-5)-(86-params)",classic_NN_6-6,40
55.0,55,108628,CartPole-v1,"CP-ppo-ac-NN(6,6)-(lr=1.0e-5)-(86-params)",classic_NN_6-6,40
35.0,35,108644,CartPole-v1,"CP-ppo-ac-NN(6,6)-(lr=1.0e-5)-(86-params)",classic_NN_6-6,40
13.0,13,108696,CartPole-v1,"CP-ppo-ac-NN(6,6)-(lr=1.0e-5)-(86-params)",classic_NN_6-6,40
26.0,26,108704,CartPole-v1,"CP-ppo-ac-NN(6,6)-(lr=1.0e-5)-(86-params)",classic_NN_6-6,40
31.0,31,108708,CartPole-v1,"CP-ppo-ac-NN(6,6)-(lr=1.0e-5)-(86-params)",classic_NN_6-6,40
31.0,31,108752,CartPole-v1,"CP-ppo-ac-NN(6,6)-(lr=1.0e-5)-(86-params)",classic_NN_6-6,40
16.0,16,108760,CartPole-v1,"CP-ppo-ac-NN(6,6)-(lr=1.0e-5)-(86-params)",classic_NN_6-6,40
21.0,21,108788,CartPole-v1,"CP-ppo-ac-NN(6,6)-(lr=1.0e-5)-(86-params)",classic_NN_6-6,40
21.0,21,108792,CartPole-v1,"CP-ppo-ac-NN(6,6)-(lr=1.0e-5)-(86-params)",classic_NN_6-6,40
12.0,12,108836,CartPole-v1,"CP-ppo-ac-NN(6,6)-(lr=1.0e-5)-(86-params)",classic_NN_6-6,40
21.0,21,108836,CartPole-v1,"CP-ppo-ac-NN(6,6)-(lr=1.0e-5)-(86-params)",classic_NN_6-6,40
12.0,12,108840,CartPole-v1,"CP-ppo-ac-NN(6,6)-(lr=1.0e-5)-(86-params)",classic_NN_6-6,40
8.0,8,108868,CartPole-v1,"CP-ppo-ac-NN(6,6)-(lr=1.0e-5)-(86-params)",classic_NN_6-6,40
28.0,28,108872,CartPole-v1,"CP-ppo-ac-NN(6,6)-(lr=1.0e-5)-(86-params)",classic_NN_6-6,40
10.0,10,108880,CartPole-v1,"CP-ppo-ac-NN(6,6)-(lr=1.0e-5)-(86-params)",classic_NN_6-6,40
20.0,20,108916,CartPole-v1,"CP-ppo-ac-NN(6,6)-(lr=1.0e-5)-(86-params)",classic_NN_6-6,40
11.0,11,108916,CartPole-v1,"CP-ppo-ac-NN(6,6)-(lr=1.0e-5)-(86-params)",classic_NN_6-6,40
11.0,11,108924,CartPole-v1,"CP-ppo-ac-NN(6,6)-(lr=1.0e-5)-(86-params)",classic_NN_6-6,40
19.0,19,108944,CartPole-v1,"CP-ppo-ac-NN(6,6)-(lr=1.0e-5)-(86-params)",classic_NN_6-6,40
19.0,19,108992,CartPole-v1,"CP-ppo-ac-NN(6,6)-(lr=1.0e-5)-(86-params)",classic_NN_6-6,40
18.0,18,109016,CartPole-v1,"CP-ppo-ac-NN(6,6)-(lr=1.0e-5)-(86-params)",classic_NN_6-6,40
34.0,34,109052,CartPole-v1,"CP-ppo-ac-NN(6,6)-(lr=1.0e-5)-(86-params)",classic_NN_6-6,40
21.0,21,109100,CartPole-v1,"CP-ppo-ac-NN(6,6)-(lr=1.0e-5)-(86-params)",classic_NN_6-6,40
47.0,47,109112,CartPole-v1,"CP-ppo-ac-NN(6,6)-(lr=1.0e-5)-(86-params)",classic_NN_6-6,40
21.0,21,109136,CartPole-v1,"CP-ppo-ac-NN(6,6)-(lr=1.0e-5)-(86-params)",classic_NN_6-6,40
18.0,18,109184,CartPole-v1,"CP-ppo-ac-NN(6,6)-(lr=1.0e-5)-(86-params)",classic_NN_6-6,40
52.0,52,109200,CartPole-v1,"CP-ppo-ac-NN(6,6)-(lr=1.0e-5)-(86-params)",classic_NN_6-6,40
27.0,27,109208,CartPole-v1,"CP-ppo-ac-NN(6,6)-(lr=1.0e-5)-(86-params)",classic_NN_6-6,40
13.0,13,109236,CartPole-v1,"CP-ppo-ac-NN(6,6)-(lr=1.0e-5)-(86-params)",classic_NN_6-6,40
13.0,13,109260,CartPole-v1,"CP-ppo-ac-NN(6,6)-(lr=1.0e-5)-(86-params)",classic_NN_6-6,40
36.0,36,109280,CartPole-v1,"CP-ppo-ac-NN(6,6)-(lr=1.0e-5)-(86-params)",classic_NN_6-6,40
17.0,17,109304,CartPole-v1,"CP-ppo-ac-NN(6,6)-(lr=1.0e-5)-(86-params)",classic_NN_6-6,40
17.0,17,109328,CartPole-v1,"CP-ppo-ac-NN(6,6)-(lr=1.0e-5)-(86-params)",classic_NN_6-6,40
34.0,34,109336,CartPole-v1,"CP-ppo-ac-NN(6,6)-(lr=1.0e-5)-(86-params)",classic_NN_6-6,40
19.0,19,109380,CartPole-v1,"CP-ppo-ac-NN(6,6)-(lr=1.0e-5)-(86-params)",classic_NN_6-6,40
15.0,15,109396,CartPole-v1,"CP-ppo-ac-NN(6,6)-(lr=1.0e-5)-(86-params)",classic_NN_6-6,40
34.0,34,109416,CartPole-v1,"CP-ppo-ac-NN(6,6)-(lr=1.0e-5)-(86-params)",classic_NN_6-6,40
18.0,18,109452,CartPole-v1,"CP-ppo-ac-NN(6,6)-(lr=1.0e-5)-(86-params)",classic_NN_6-6,40
27.0,27,109504,CartPole-v1,"CP-ppo-ac-NN(6,6)-(lr=1.0e-5)-(86-params)",classic_NN_6-6,40
15.0,15,109512,CartPole-v1,"CP-ppo-ac-NN(6,6)-(lr=1.0e-5)-(86-params)",classic_NN_6-6,40
27.0,27,109524,CartPole-v1,"CP-ppo-ac-NN(6,6)-(lr=1.0e-5)-(86-params)",classic_NN_6-6,40
53.0,53,109540,CartPole-v1,"CP-ppo-ac-NN(6,6)-(lr=1.0e-5)-(86-params)",classic_NN_6-6,40
13.0,13,109556,CartPole-v1,"CP-ppo-ac-NN(6,6)-(lr=1.0e-5)-(86-params)",classic_NN_6-6,40
13.0,13,109564,CartPole-v1,"CP-ppo-ac-NN(6,6)-(lr=1.0e-5)-(86-params)",classic_NN_6-6,40
16.0,16,109620,CartPole-v1,"CP-ppo-ac-NN(6,6)-(lr=1.0e-5)-(86-params)",classic_NN_6-6,40
29.0,29,109680,CartPole-v1,"CP-ppo-ac-NN(6,6)-(lr=1.0e-5)-(86-params)",classic_NN_6-6,40
17.0,17,109688,CartPole-v1,"CP-ppo-ac-NN(6,6)-(lr=1.0e-5)-(86-params)",classic_NN_6-6,40
41.0,41,109704,CartPole-v1,"CP-ppo-ac-NN(6,6)-(lr=1.0e-5)-(86-params)",classic_NN_6-6,40
48.0,48,109716,CartPole-v1,"CP-ppo-ac-NN(6,6)-(lr=1.0e-5)-(86-params)",classic_NN_6-6,40
18.0,18,109760,CartPole-v1,"CP-ppo-ac-NN(6,6)-(lr=1.0e-5)-(86-params)",classic_NN_6-6,40
18.0,18,109776,CartPole-v1,"CP-ppo-ac-NN(6,6)-(lr=1.0e-5)-(86-params)",classic_NN_6-6,40
11.0,11,109804,CartPole-v1,"CP-ppo-ac-NN(6,6)-(lr=1.0e-5)-(86-params)",classic_NN_6-6,40
26.0,26,109820,CartPole-v1,"CP-ppo-ac-NN(6,6)-(lr=1.0e-5)-(86-params)",classic_NN_6-6,40
37.0,37,109828,CartPole-v1,"CP-ppo-ac-NN(6,6)-(lr=1.0e-5)-(86-params)",classic_NN_6-6,40
12.0,12,109868,CartPole-v1,"CP-ppo-ac-NN(6,6)-(lr=1.0e-5)-(86-params)",classic_NN_6-6,40
33.0,33,109908,CartPole-v1,"CP-ppo-ac-NN(6,6)-(lr=1.0e-5)-(86-params)",classic_NN_6-6,40
23.0,23,109920,CartPole-v1,"CP-ppo-ac-NN(6,6)-(lr=1.0e-5)-(86-params)",classic_NN_6-6,40
24.0,24,109964,CartPole-v1,"CP-ppo-ac-NN(6,6)-(lr=1.0e-5)-(86-params)",classic_NN_6-6,40
42.0,42,109972,CartPole-v1,"CP-ppo-ac-NN(6,6)-(lr=1.0e-5)-(86-params)",classic_NN_6-6,40
17.0,17,109988,CartPole-v1,"CP-ppo-ac-NN(6,6)-(lr=1.0e-5)-(86-params)",classic_NN_6-6,40
30.0,30,110028,CartPole-v1,"CP-ppo-ac-NN(6,6)-(lr=1.0e-5)-(86-params)",classic_NN_6-6,40
20.0,20,110044,CartPole-v1,"CP-ppo-ac-NN(6,6)-(lr=1.0e-5)-(86-params)",classic_NN_6-6,40
22.0,22,110060,CartPole-v1,"CP-ppo-ac-NN(6,6)-(lr=1.0e-5)-(86-params)",classic_NN_6-6,40
11.0,11,110104,CartPole-v1,"CP-ppo-ac-NN(6,6)-(lr=1.0e-5)-(86-params)",classic_NN_6-6,40
25.0,25,110144,CartPole-v1,"CP-ppo-ac-NN(6,6)-(lr=1.0e-5)-(86-params)",classic_NN_6-6,40
35.0,35,110168,CartPole-v1,"CP-ppo-ac-NN(6,6)-(lr=1.0e-5)-(86-params)",classic_NN_6-6,40
46.0,46,110172,CartPole-v1,"CP-ppo-ac-NN(6,6)-(lr=1.0e-5)-(86-params)",classic_NN_6-6,40
27.0,27,110212,CartPole-v1,"CP-ppo-ac-NN(6,6)-(lr=1.0e-5)-(86-params)",classic_NN_6-6,40
22.0,22,110232,CartPole-v1,"CP-ppo-ac-NN(6,6)-(lr=1.0e-5)-(86-params)",classic_NN_6-6,40
29.0,29,110288,CartPole-v1,"CP-ppo-ac-NN(6,6)-(lr=1.0e-5)-(86-params)",classic_NN_6-6,40
17.0,17,110300,CartPole-v1,"CP-ppo-ac-NN(6,6)-(lr=1.0e-5)-(86-params)",classic_NN_6-6,40
42.0,42,110336,CartPole-v1,"CP-ppo-ac-NN(6,6)-(lr=1.0e-5)-(86-params)",classic_NN_6-6,40
38.0,38,110364,CartPole-v1,"CP-ppo-ac-NN(6,6)-(lr=1.0e-5)-(86-params)",classic_NN_6-6,40
25.0,25,110400,CartPole-v1,"CP-ppo-ac-NN(6,6)-(lr=1.0e-5)-(86-params)",classic_NN_6-6,40
20.0,20,110416,CartPole-v1,"CP-ppo-ac-NN(6,6)-(lr=1.0e-5)-(86-params)",classic_NN_6-6,40
21.0,21,110448,CartPole-v1,"CP-ppo-ac-NN(6,6)-(lr=1.0e-5)-(86-params)",classic_NN_6-6,40
14.0,14,110456,CartPole-v1,"CP-ppo-ac-NN(6,6)-(lr=1.0e-5)-(86-params)",classic_NN_6-6,40
23.0,23,110548,CartPole-v1,"CP-ppo-ac-NN(6,6)-(lr=1.0e-5)-(86-params)",classic_NN_6-6,40
25.0,25,110548,CartPole-v1,"CP-ppo-ac-NN(6,6)-(lr=1.0e-5)-(86-params)",classic_NN_6-6,40
67.0,67,110556,CartPole-v1,"CP-ppo-ac-NN(6,6)-(lr=1.0e-5)-(86-params)",classic_NN_6-6,40
40.0,40,110576,CartPole-v1,"CP-ppo-ac-NN(6,6)-(lr=1.0e-5)-(86-params)",classic_NN_6-6,40
18.0,18,110620,CartPole-v1,"CP-ppo-ac-NN(6,6)-(lr=1.0e-5)-(86-params)",classic_NN_6-6,40
15.0,15,110680,CartPole-v1,"CP-ppo-ac-NN(6,6)-(lr=1.0e-5)-(86-params)",classic_NN_6-6,40
33.0,33,110680,CartPole-v1,"CP-ppo-ac-NN(6,6)-(lr=1.0e-5)-(86-params)",classic_NN_6-6,40
30.0,30,110696,CartPole-v1,"CP-ppo-ac-NN(6,6)-(lr=1.0e-5)-(86-params)",classic_NN_6-6,40
14.0,14,110736,CartPole-v1,"CP-ppo-ac-NN(6,6)-(lr=1.0e-5)-(86-params)",classic_NN_6-6,40
15.0,15,110740,CartPole-v1,"CP-ppo-ac-NN(6,6)-(lr=1.0e-5)-(86-params)",classic_NN_6-6,40
23.0,23,110788,CartPole-v1,"CP-ppo-ac-NN(6,6)-(lr=1.0e-5)-(86-params)",classic_NN_6-6,40
13.0,13,110792,CartPole-v1,"CP-ppo-ac-NN(6,6)-(lr=1.0e-5)-(86-params)",classic_NN_6-6,40
62.0,62,110804,CartPole-v1,"CP-ppo-ac-NN(6,6)-(lr=1.0e-5)-(86-params)",classic_NN_6-6,40
22.0,22,110824,CartPole-v1,"CP-ppo-ac-NN(6,6)-(lr=1.0e-5)-(86-params)",classic_NN_6-6,40
20.0,20,110872,CartPole-v1,"CP-ppo-ac-NN(6,6)-(lr=1.0e-5)-(86-params)",classic_NN_6-6,40
12.0,12,110872,CartPole-v1,"CP-ppo-ac-NN(6,6)-(lr=1.0e-5)-(86-params)",classic_NN_6-6,40
28.0,28,110900,CartPole-v1,"CP-ppo-ac-NN(6,6)-(lr=1.0e-5)-(86-params)",classic_NN_6-6,40
23.0,23,110964,CartPole-v1,"CP-ppo-ac-NN(6,6)-(lr=1.0e-5)-(86-params)",classic_NN_6-6,40
18.0,18,110972,CartPole-v1,"CP-ppo-ac-NN(6,6)-(lr=1.0e-5)-(86-params)",classic_NN_6-6,40
33.0,33,111004,CartPole-v1,"CP-ppo-ac-NN(6,6)-(lr=1.0e-5)-(86-params)",classic_NN_6-6,40
17.0,17,111040,CartPole-v1,"CP-ppo-ac-NN(6,6)-(lr=1.0e-5)-(86-params)",classic_NN_6-6,40
22.0,22,111052,CartPole-v1,"CP-ppo-ac-NN(6,6)-(lr=1.0e-5)-(86-params)",classic_NN_6-6,40
21.0,21,111088,CartPole-v1,"CP-ppo-ac-NN(6,6)-(lr=1.0e-5)-(86-params)",classic_NN_6-6,40
73.0,73,111096,CartPole-v1,"CP-ppo-ac-NN(6,6)-(lr=1.0e-5)-(86-params)",classic_NN_6-6,40
24.0,24,111148,CartPole-v1,"CP-ppo-ac-NN(6,6)-(lr=1.0e-5)-(86-params)",classic_NN_6-6,40
34.0,34,111176,CartPole-v1,"CP-ppo-ac-NN(6,6)-(lr=1.0e-5)-(86-params)",classic_NN_6-6,40
29.0,29,111204,CartPole-v1,"CP-ppo-ac-NN(6,6)-(lr=1.0e-5)-(86-params)",classic_NN_6-6,40
24.0,24,111244,CartPole-v1,"CP-ppo-ac-NN(6,6)-(lr=1.0e-5)-(86-params)",classic_NN_6-6,40
44.0,44,111272,CartPole-v1,"CP-ppo-ac-NN(6,6)-(lr=1.0e-5)-(86-params)",classic_NN_6-6,40
19.0,19,111280,CartPole-v1,"CP-ppo-ac-NN(6,6)-(lr=1.0e-5)-(86-params)",classic_NN_6-6,40
11.0,11,111288,CartPole-v1,"CP-ppo-ac-NN(6,6)-(lr=1.0e-5)-(86-params)",classic_NN_6-6,40
17.0,17,111340,CartPole-v1,"CP-ppo-ac-NN(6,6)-(lr=1.0e-5)-(86-params)",classic_NN_6-6,40
48.0,48,111368,CartPole-v1,"CP-ppo-ac-NN(6,6)-(lr=1.0e-5)-(86-params)",classic_NN_6-6,40
22.0,22,111376,CartPole-v1,"CP-ppo-ac-NN(6,6)-(lr=1.0e-5)-(86-params)",classic_NN_6-6,40
28.0,28,111392,CartPole-v1,"CP-ppo-ac-NN(6,6)-(lr=1.0e-5)-(86-params)",classic_NN_6-6,40
17.0,17,111460,CartPole-v1,"CP-ppo-ac-NN(6,6)-(lr=1.0e-5)-(86-params)",classic_NN_6-6,40
47.0,47,111528,CartPole-v1,"CP-ppo-ac-NN(6,6)-(lr=1.0e-5)-(86-params)",classic_NN_6-6,40
41.0,41,111540,CartPole-v1,"CP-ppo-ac-NN(6,6)-(lr=1.0e-5)-(86-params)",classic_NN_6-6,40
47.0,47,111556,CartPole-v1,"CP-ppo-ac-NN(6,6)-(lr=1.0e-5)-(86-params)",classic_NN_6-6,40
13.0,13,111608,CartPole-v1,"CP-ppo-ac-NN(6,6)-(lr=1.0e-5)-(86-params)",classic_NN_6-6,40
17.0,17,111676,CartPole-v1,"CP-ppo-ac-NN(6,6)-(lr=1.0e-5)-(86-params)",classic_NN_6-6,40
41.0,41,111704,CartPole-v1,"CP-ppo-ac-NN(6,6)-(lr=1.0e-5)-(86-params)",classic_NN_6-6,40
47.0,47,111716,CartPole-v1,"CP-ppo-ac-NN(6,6)-(lr=1.0e-5)-(86-params)",classic_NN_6-6,40
13.0,13,111728,CartPole-v1,"CP-ppo-ac-NN(6,6)-(lr=1.0e-5)-(86-params)",classic_NN_6-6,40
14.0,14,111760,CartPole-v1,"CP-ppo-ac-NN(6,6)-(lr=1.0e-5)-(86-params)",classic_NN_6-6,40
12.0,12,111776,CartPole-v1,"CP-ppo-ac-NN(6,6)-(lr=1.0e-5)-(86-params)",classic_NN_6-6,40
26.0,26,111820,CartPole-v1,"CP-ppo-ac-NN(6,6)-(lr=1.0e-5)-(86-params)",classic_NN_6-6,40
16.0,16,111824,CartPole-v1,"CP-ppo-ac-NN(6,6)-(lr=1.0e-5)-(86-params)",classic_NN_6-6,40
13.0,13,111828,CartPole-v1,"CP-ppo-ac-NN(6,6)-(lr=1.0e-5)-(86-params)",classic_NN_6-6,40
92.0,92,111828,CartPole-v1,"CP-ppo-ac-NN(6,6)-(lr=1.0e-5)-(86-params)",classic_NN_6-6,40
13.0,13,111876,CartPole-v1,"CP-ppo-ac-NN(6,6)-(lr=1.0e-5)-(86-params)",classic_NN_6-6,40
12.0,12,111876,CartPole-v1,"CP-ppo-ac-NN(6,6)-(lr=1.0e-5)-(86-params)",classic_NN_6-6,40
15.0,15,111888,CartPole-v1,"CP-ppo-ac-NN(6,6)-(lr=1.0e-5)-(86-params)",classic_NN_6-6,40
21.0,21,111904,CartPole-v1,"CP-ppo-ac-NN(6,6)-(lr=1.0e-5)-(86-params)",classic_NN_6-6,40
12.0,12,111952,CartPole-v1,"CP-ppo-ac-NN(6,6)-(lr=1.0e-5)-(86-params)",classic_NN_6-6,40
20.0,20,111968,CartPole-v1,"CP-ppo-ac-NN(6,6)-(lr=1.0e-5)-(86-params)",classic_NN_6-6,40
13.0,13,112004,CartPole-v1,"CP-ppo-ac-NN(6,6)-(lr=1.0e-5)-(86-params)",classic_NN_6-6,40
32.0,32,112004,CartPole-v1,"CP-ppo-ac-NN(6,6)-(lr=1.0e-5)-(86-params)",classic_NN_6-6,40
33.0,33,112008,CartPole-v1,"CP-ppo-ac-NN(6,6)-(lr=1.0e-5)-(86-params)",classic_NN_6-6,40
14.0,14,112064,CartPole-v1,"CP-ppo-ac-NN(6,6)-(lr=1.0e-5)-(86-params)",classic_NN_6-6,40
16.0,16,112068,CartPole-v1,"CP-ppo-ac-NN(6,6)-(lr=1.0e-5)-(86-params)",classic_NN_6-6,40
31.0,31,112092,CartPole-v1,"CP-ppo-ac-NN(6,6)-(lr=1.0e-5)-(86-params)",classic_NN_6-6,40
26.0,26,112108,CartPole-v1,"CP-ppo-ac-NN(6,6)-(lr=1.0e-5)-(86-params)",classic_NN_6-6,40
28.0,28,112176,CartPole-v1,"CP-ppo-ac-NN(6,6)-(lr=1.0e-5)-(86-params)",classic_NN_6-6,40
24.0,24,112188,CartPole-v1,"CP-ppo-ac-NN(6,6)-(lr=1.0e-5)-(86-params)",classic_NN_6-6,40
35.0,35,112248,CartPole-v1,"CP-ppo-ac-NN(6,6)-(lr=1.0e-5)-(86-params)",classic_NN_6-6,40
20.0,20,112256,CartPole-v1,"CP-ppo-ac-NN(6,6)-(lr=1.0e-5)-(86-params)",classic_NN_6-6,40
57.0,57,112296,CartPole-v1,"CP-ppo-ac-NN(6,6)-(lr=1.0e-5)-(86-params)",classic_NN_6-6,40
31.0,31,112312,CartPole-v1,"CP-ppo-ac-NN(6,6)-(lr=1.0e-5)-(86-params)",classic_NN_6-6,40
20.0,20,112336,CartPole-v1,"CP-ppo-ac-NN(6,6)-(lr=1.0e-5)-(86-params)",classic_NN_6-6,40
17.0,17,112364,CartPole-v1,"CP-ppo-ac-NN(6,6)-(lr=1.0e-5)-(86-params)",classic_NN_6-6,40
35.0,35,112388,CartPole-v1,"CP-ppo-ac-NN(6,6)-(lr=1.0e-5)-(86-params)",classic_NN_6-6,40
13.0,13,112440,CartPole-v1,"CP-ppo-ac-NN(6,6)-(lr=1.0e-5)-(86-params)",classic_NN_6-6,40
28.0,28,112448,CartPole-v1,"CP-ppo-ac-NN(6,6)-(lr=1.0e-5)-(86-params)",classic_NN_6-6,40
35.0,35,112452,CartPole-v1,"CP-ppo-ac-NN(6,6)-(lr=1.0e-5)-(86-params)",classic_NN_6-6,40
24.0,24,112460,CartPole-v1,"CP-ppo-ac-NN(6,6)-(lr=1.0e-5)-(86-params)",classic_NN_6-6,40
15.0,15,112508,CartPole-v1,"CP-ppo-ac-NN(6,6)-(lr=1.0e-5)-(86-params)",classic_NN_6-6,40
17.0,17,112520,CartPole-v1,"CP-ppo-ac-NN(6,6)-(lr=1.0e-5)-(86-params)",classic_NN_6-6,40
15.0,15,112568,CartPole-v1,"CP-ppo-ac-NN(6,6)-(lr=1.0e-5)-(86-params)",classic_NN_6-6,40
34.0,34,112576,CartPole-v1,"CP-ppo-ac-NN(6,6)-(lr=1.0e-5)-(86-params)",classic_NN_6-6,40
33.0,33,112592,CartPole-v1,"CP-ppo-ac-NN(6,6)-(lr=1.0e-5)-(86-params)",classic_NN_6-6,40
14.0,14,112624,CartPole-v1,"CP-ppo-ac-NN(6,6)-(lr=1.0e-5)-(86-params)",classic_NN_6-6,40
29.0,29,112636,CartPole-v1,"CP-ppo-ac-NN(6,6)-(lr=1.0e-5)-(86-params)",classic_NN_6-6,40
17.0,17,112660,CartPole-v1,"CP-ppo-ac-NN(6,6)-(lr=1.0e-5)-(86-params)",classic_NN_6-6,40
14.0,14,112692,CartPole-v1,"CP-ppo-ac-NN(6,6)-(lr=1.0e-5)-(86-params)",classic_NN_6-6,40
33.0,33,112708,CartPole-v1,"CP-ppo-ac-NN(6,6)-(lr=1.0e-5)-(86-params)",classic_NN_6-6,40
16.0,16,112724,CartPole-v1,"CP-ppo-ac-NN(6,6)-(lr=1.0e-5)-(86-params)",classic_NN_6-6,40
35.0,35,112764,CartPole-v1,"CP-ppo-ac-NN(6,6)-(lr=1.0e-5)-(86-params)",classic_NN_6-6,40
34.0,34,112844,CartPole-v1,"CP-ppo-ac-NN(6,6)-(lr=1.0e-5)-(86-params)",classic_NN_6-6,40
41.0,41,112856,CartPole-v1,"CP-ppo-ac-NN(6,6)-(lr=1.0e-5)-(86-params)",classic_NN_6-6,40
34.0,34,112860,CartPole-v1,"CP-ppo-ac-NN(6,6)-(lr=1.0e-5)-(86-params)",classic_NN_6-6,40
30.0,30,112884,CartPole-v1,"CP-ppo-ac-NN(6,6)-(lr=1.0e-5)-(86-params)",classic_NN_6-6,40
15.0,15,112904,CartPole-v1,"CP-ppo-ac-NN(6,6)-(lr=1.0e-5)-(86-params)",classic_NN_6-6,40
14.0,14,112916,CartPole-v1,"CP-ppo-ac-NN(6,6)-(lr=1.0e-5)-(86-params)",classic_NN_6-6,40
21.0,21,112940,CartPole-v1,"CP-ppo-ac-NN(6,6)-(lr=1.0e-5)-(86-params)",classic_NN_6-6,40
19.0,19,113016,CartPole-v1,"CP-ppo-ac-NN(6,6)-(lr=1.0e-5)-(86-params)",classic_NN_6-6,40
30.0,30,113024,CartPole-v1,"CP-ppo-ac-NN(6,6)-(lr=1.0e-5)-(86-params)",classic_NN_6-6,40
34.0,34,113052,CartPole-v1,"CP-ppo-ac-NN(6,6)-(lr=1.0e-5)-(86-params)",classic_NN_6-6,40
22.0,22,113112,CartPole-v1,"CP-ppo-ac-NN(6,6)-(lr=1.0e-5)-(86-params)",classic_NN_6-6,40
66.0,66,113148,CartPole-v1,"CP-ppo-ac-NN(6,6)-(lr=1.0e-5)-(86-params)",classic_NN_6-6,40
11.0,11,113156,CartPole-v1,"CP-ppo-ac-NN(6,6)-(lr=1.0e-5)-(86-params)",classic_NN_6-6,40
27.0,27,113160,CartPole-v1,"CP-ppo-ac-NN(6,6)-(lr=1.0e-5)-(86-params)",classic_NN_6-6,40
37.0,37,113164,CartPole-v1,"CP-ppo-ac-NN(6,6)-(lr=1.0e-5)-(86-params)",classic_NN_6-6,40
11.0,11,113204,CartPole-v1,"CP-ppo-ac-NN(6,6)-(lr=1.0e-5)-(86-params)",classic_NN_6-6,40
17.0,17,113232,CartPole-v1,"CP-ppo-ac-NN(6,6)-(lr=1.0e-5)-(86-params)",classic_NN_6-6,40
16.0,16,113268,CartPole-v1,"CP-ppo-ac-NN(6,6)-(lr=1.0e-5)-(86-params)",classic_NN_6-6,40
31.0,31,113272,CartPole-v1,"CP-ppo-ac-NN(6,6)-(lr=1.0e-5)-(86-params)",classic_NN_6-6,40
13.0,13,113320,CartPole-v1,"CP-ppo-ac-NN(6,6)-(lr=1.0e-5)-(86-params)",classic_NN_6-6,40
29.0,29,113348,CartPole-v1,"CP-ppo-ac-NN(6,6)-(lr=1.0e-5)-(86-params)",classic_NN_6-6,40
14.0,14,113376,CartPole-v1,"CP-ppo-ac-NN(6,6)-(lr=1.0e-5)-(86-params)",classic_NN_6-6,40
14.0,14,113432,CartPole-v1,"CP-ppo-ac-NN(6,6)-(lr=1.0e-5)-(86-params)",classic_NN_6-6,40
43.0,43,113444,CartPole-v1,"CP-ppo-ac-NN(6,6)-(lr=1.0e-5)-(86-params)",classic_NN_6-6,40
76.0,76,113460,CartPole-v1,"CP-ppo-ac-NN(6,6)-(lr=1.0e-5)-(86-params)",classic_NN_6-6,40
31.0,31,113472,CartPole-v1,"CP-ppo-ac-NN(6,6)-(lr=1.0e-5)-(86-params)",classic_NN_6-6,40
14.0,14,113488,CartPole-v1,"CP-ppo-ac-NN(6,6)-(lr=1.0e-5)-(86-params)",classic_NN_6-6,40
12.0,12,113492,CartPole-v1,"CP-ppo-ac-NN(6,6)-(lr=1.0e-5)-(86-params)",classic_NN_6-6,40
9.0,9,113524,CartPole-v1,"CP-ppo-ac-NN(6,6)-(lr=1.0e-5)-(86-params)",classic_NN_6-6,40
30.0,30,113580,CartPole-v1,"CP-ppo-ac-NN(6,6)-(lr=1.0e-5)-(86-params)",classic_NN_6-6,40
22.0,22,113580,CartPole-v1,"CP-ppo-ac-NN(6,6)-(lr=1.0e-5)-(86-params)",classic_NN_6-6,40
31.0,31,113596,CartPole-v1,"CP-ppo-ac-NN(6,6)-(lr=1.0e-5)-(86-params)",classic_NN_6-6,40
21.0,21,113608,CartPole-v1,"CP-ppo-ac-NN(6,6)-(lr=1.0e-5)-(86-params)",classic_NN_6-6,40
12.0,12,113644,CartPole-v1,"CP-ppo-ac-NN(6,6)-(lr=1.0e-5)-(86-params)",classic_NN_6-6,40
20.0,20,113660,CartPole-v1,"CP-ppo-ac-NN(6,6)-(lr=1.0e-5)-(86-params)",classic_NN_6-6,40
22.0,22,113668,CartPole-v1,"CP-ppo-ac-NN(6,6)-(lr=1.0e-5)-(86-params)",classic_NN_6-6,40
38.0,38,113760,CartPole-v1,"CP-ppo-ac-NN(6,6)-(lr=1.0e-5)-(86-params)",classic_NN_6-6,40
11.0,11,113804,CartPole-v1,"CP-ppo-ac-NN(6,6)-(lr=1.0e-5)-(86-params)",classic_NN_6-6,40
42.0,42,113812,CartPole-v1,"CP-ppo-ac-NN(6,6)-(lr=1.0e-5)-(86-params)",classic_NN_6-6,40
38.0,38,113812,CartPole-v1,"CP-ppo-ac-NN(6,6)-(lr=1.0e-5)-(86-params)",classic_NN_6-6,40
16.0,16,113868,CartPole-v1,"CP-ppo-ac-NN(6,6)-(lr=1.0e-5)-(86-params)",classic_NN_6-6,40
54.0,54,113884,CartPole-v1,"CP-ppo-ac-NN(6,6)-(lr=1.0e-5)-(86-params)",classic_NN_6-6,40
21.0,21,113896,CartPole-v1,"CP-ppo-ac-NN(6,6)-(lr=1.0e-5)-(86-params)",classic_NN_6-6,40
16.0,16,113948,CartPole-v1,"CP-ppo-ac-NN(6,6)-(lr=1.0e-5)-(86-params)",classic_NN_6-6,40
22.0,22,113956,CartPole-v1,"CP-ppo-ac-NN(6,6)-(lr=1.0e-5)-(86-params)",classic_NN_6-6,40
19.0,19,113972,CartPole-v1,"CP-ppo-ac-NN(6,6)-(lr=1.0e-5)-(86-params)",classic_NN_6-6,40
45.0,45,113992,CartPole-v1,"CP-ppo-ac-NN(6,6)-(lr=1.0e-5)-(86-params)",classic_NN_6-6,40
19.0,19,114048,CartPole-v1,"CP-ppo-ac-NN(6,6)-(lr=1.0e-5)-(86-params)",classic_NN_6-6,40
27.0,27,114064,CartPole-v1,"CP-ppo-ac-NN(6,6)-(lr=1.0e-5)-(86-params)",classic_NN_6-6,40
43.0,43,114120,CartPole-v1,"CP-ppo-ac-NN(6,6)-(lr=1.0e-5)-(86-params)",classic_NN_6-6,40
19.0,19,114124,CartPole-v1,"CP-ppo-ac-NN(6,6)-(lr=1.0e-5)-(86-params)",classic_NN_6-6,40
17.0,17,114132,CartPole-v1,"CP-ppo-ac-NN(6,6)-(lr=1.0e-5)-(86-params)",classic_NN_6-6,40
41.0,41,114156,CartPole-v1,"CP-ppo-ac-NN(6,6)-(lr=1.0e-5)-(86-params)",classic_NN_6-6,40
11.0,11,114176,CartPole-v1,"CP-ppo-ac-NN(6,6)-(lr=1.0e-5)-(86-params)",classic_NN_6-6,40
25.0,25,114224,CartPole-v1,"CP-ppo-ac-NN(6,6)-(lr=1.0e-5)-(86-params)",classic_NN_6-6,40
17.0,17,114224,CartPole-v1,"CP-ppo-ac-NN(6,6)-(lr=1.0e-5)-(86-params)",classic_NN_6-6,40
18.0,18,114248,CartPole-v1,"CP-ppo-ac-NN(6,6)-(lr=1.0e-5)-(86-params)",classic_NN_6-6,40
13.0,13,114276,CartPole-v1,"CP-ppo-ac-NN(6,6)-(lr=1.0e-5)-(86-params)",classic_NN_6-6,40
46.0,46,114304,CartPole-v1,"CP-ppo-ac-NN(6,6)-(lr=1.0e-5)-(86-params)",classic_NN_6-6,40
20.0,20,114304,CartPole-v1,"CP-ppo-ac-NN(6,6)-(lr=1.0e-5)-(86-params)",classic_NN_6-6,40
14.0,14,114332,CartPole-v1,"CP-ppo-ac-NN(6,6)-(lr=1.0e-5)-(86-params)",classic_NN_6-6,40
30.0,30,114368,CartPole-v1,"CP-ppo-ac-NN(6,6)-(lr=1.0e-5)-(86-params)",classic_NN_6-6,40
21.0,21,114388,CartPole-v1,"CP-ppo-ac-NN(6,6)-(lr=1.0e-5)-(86-params)",classic_NN_6-6,40
25.0,25,114404,CartPole-v1,"CP-ppo-ac-NN(6,6)-(lr=1.0e-5)-(86-params)",classic_NN_6-6,40
17.0,17,114436,CartPole-v1,"CP-ppo-ac-NN(6,6)-(lr=1.0e-5)-(86-params)",classic_NN_6-6,40
14.0,14,114460,CartPole-v1,"CP-ppo-ac-NN(6,6)-(lr=1.0e-5)-(86-params)",classic_NN_6-6,40
35.0,35,114472,CartPole-v1,"CP-ppo-ac-NN(6,6)-(lr=1.0e-5)-(86-params)",classic_NN_6-6,40
15.0,15,114496,CartPole-v1,"CP-ppo-ac-NN(6,6)-(lr=1.0e-5)-(86-params)",classic_NN_6-6,40
32.0,32,114516,CartPole-v1,"CP-ppo-ac-NN(6,6)-(lr=1.0e-5)-(86-params)",classic_NN_6-6,40
19.0,19,114536,CartPole-v1,"CP-ppo-ac-NN(6,6)-(lr=1.0e-5)-(86-params)",classic_NN_6-6,40
13.0,13,114588,CartPole-v1,"CP-ppo-ac-NN(6,6)-(lr=1.0e-5)-(86-params)",classic_NN_6-6,40
34.0,34,114608,CartPole-v1,"CP-ppo-ac-NN(6,6)-(lr=1.0e-5)-(86-params)",classic_NN_6-6,40
34.0,34,114632,CartPole-v1,"CP-ppo-ac-NN(6,6)-(lr=1.0e-5)-(86-params)",classic_NN_6-6,40
20.0,20,114668,CartPole-v1,"CP-ppo-ac-NN(6,6)-(lr=1.0e-5)-(86-params)",classic_NN_6-6,40
43.0,43,114688,CartPole-v1,"CP-ppo-ac-NN(6,6)-(lr=1.0e-5)-(86-params)",classic_NN_6-6,40
12.0,12,114716,CartPole-v1,"CP-ppo-ac-NN(6,6)-(lr=1.0e-5)-(86-params)",classic_NN_6-6,40
37.0,37,114756,CartPole-v1,"CP-ppo-ac-NN(6,6)-(lr=1.0e-5)-(86-params)",classic_NN_6-6,40
21.0,21,114772,CartPole-v1,"CP-ppo-ac-NN(6,6)-(lr=1.0e-5)-(86-params)",classic_NN_6-6,40
21.0,21,114800,CartPole-v1,"CP-ppo-ac-NN(6,6)-(lr=1.0e-5)-(86-params)",classic_NN_6-6,40
51.0,51,114836,CartPole-v1,"CP-ppo-ac-NN(6,6)-(lr=1.0e-5)-(86-params)",classic_NN_6-6,40
14.0,14,114856,CartPole-v1,"CP-ppo-ac-NN(6,6)-(lr=1.0e-5)-(86-params)",classic_NN_6-6,40
26.0,26,114876,CartPole-v1,"CP-ppo-ac-NN(6,6)-(lr=1.0e-5)-(86-params)",classic_NN_6-6,40
13.0,13,114908,CartPole-v1,"CP-ppo-ac-NN(6,6)-(lr=1.0e-5)-(86-params)",classic_NN_6-6,40
24.0,24,114932,CartPole-v1,"CP-ppo-ac-NN(6,6)-(lr=1.0e-5)-(86-params)",classic_NN_6-6,40
12.0,12,114956,CartPole-v1,"CP-ppo-ac-NN(6,6)-(lr=1.0e-5)-(86-params)",classic_NN_6-6,40
24.0,24,114972,CartPole-v1,"CP-ppo-ac-NN(6,6)-(lr=1.0e-5)-(86-params)",classic_NN_6-6,40
15.0,15,114992,CartPole-v1,"CP-ppo-ac-NN(6,6)-(lr=1.0e-5)-(86-params)",classic_NN_6-6,40
13.0,13,115008,CartPole-v1,"CP-ppo-ac-NN(6,6)-(lr=1.0e-5)-(86-params)",classic_NN_6-6,40
16.0,16,115036,CartPole-v1,"CP-ppo-ac-NN(6,6)-(lr=1.0e-5)-(86-params)",classic_NN_6-6,40
15.0,15,115052,CartPole-v1,"CP-ppo-ac-NN(6,6)-(lr=1.0e-5)-(86-params)",classic_NN_6-6,40
25.0,25,115108,CartPole-v1,"CP-ppo-ac-NN(6,6)-(lr=1.0e-5)-(86-params)",classic_NN_6-6,40
24.0,24,115132,CartPole-v1,"CP-ppo-ac-NN(6,6)-(lr=1.0e-5)-(86-params)",classic_NN_6-6,40
25.0,25,115152,CartPole-v1,"CP-ppo-ac-NN(6,6)-(lr=1.0e-5)-(86-params)",classic_NN_6-6,40
104.0,104,115172,CartPole-v1,"CP-ppo-ac-NN(6,6)-(lr=1.0e-5)-(86-params)",classic_NN_6-6,40
18.0,18,115180,CartPole-v1,"CP-ppo-ac-NN(6,6)-(lr=1.0e-5)-(86-params)",classic_NN_6-6,40
18.0,18,115204,CartPole-v1,"CP-ppo-ac-NN(6,6)-(lr=1.0e-5)-(86-params)",classic_NN_6-6,40
14.0,14,115228,CartPole-v1,"CP-ppo-ac-NN(6,6)-(lr=1.0e-5)-(86-params)",classic_NN_6-6,40
16.0,16,115244,CartPole-v1,"CP-ppo-ac-NN(6,6)-(lr=1.0e-5)-(86-params)",classic_NN_6-6,40
22.0,22,115292,CartPole-v1,"CP-ppo-ac-NN(6,6)-(lr=1.0e-5)-(86-params)",classic_NN_6-6,40
19.0,19,115304,CartPole-v1,"CP-ppo-ac-NN(6,6)-(lr=1.0e-5)-(86-params)",classic_NN_6-6,40
24.0,24,115340,CartPole-v1,"CP-ppo-ac-NN(6,6)-(lr=1.0e-5)-(86-params)",classic_NN_6-6,40
10.0,10,115344,CartPole-v1,"CP-ppo-ac-NN(6,6)-(lr=1.0e-5)-(86-params)",classic_NN_6-6,40
22.0,22,115380,CartPole-v1,"CP-ppo-ac-NN(6,6)-(lr=1.0e-5)-(86-params)",classic_NN_6-6,40
13.0,13,115392,CartPole-v1,"CP-ppo-ac-NN(6,6)-(lr=1.0e-5)-(86-params)",classic_NN_6-6,40
10.0,10,115420,CartPole-v1,"CP-ppo-ac-NN(6,6)-(lr=1.0e-5)-(86-params)",classic_NN_6-6,40
22.0,22,115432,CartPole-v1,"CP-ppo-ac-NN(6,6)-(lr=1.0e-5)-(86-params)",classic_NN_6-6,40
13.0,13,115444,CartPole-v1,"CP-ppo-ac-NN(6,6)-(lr=1.0e-5)-(86-params)",classic_NN_6-6,40
75.0,75,115452,CartPole-v1,"CP-ppo-ac-NN(6,6)-(lr=1.0e-5)-(86-params)",classic_NN_6-6,40
9.0,9,115468,CartPole-v1,"CP-ppo-ac-NN(6,6)-(lr=1.0e-5)-(86-params)",classic_NN_6-6,40
21.0,21,115504,CartPole-v1,"CP-ppo-ac-NN(6,6)-(lr=1.0e-5)-(86-params)",classic_NN_6-6,40
14.0,14,115508,CartPole-v1,"CP-ppo-ac-NN(6,6)-(lr=1.0e-5)-(86-params)",classic_NN_6-6,40
22.0,22,115532,CartPole-v1,"CP-ppo-ac-NN(6,6)-(lr=1.0e-5)-(86-params)",classic_NN_6-6,40
12.0,12,115556,CartPole-v1,"CP-ppo-ac-NN(6,6)-(lr=1.0e-5)-(86-params)",classic_NN_6-6,40
10.0,10,115572,CartPole-v1,"CP-ppo-ac-NN(6,6)-(lr=1.0e-5)-(86-params)",classic_NN_6-6,40
13.0,13,115624,CartPole-v1,"CP-ppo-ac-NN(6,6)-(lr=1.0e-5)-(86-params)",classic_NN_6-6,40
31.0,31,115628,CartPole-v1,"CP-ppo-ac-NN(6,6)-(lr=1.0e-5)-(86-params)",classic_NN_6-6,40
32.0,32,115684,CartPole-v1,"CP-ppo-ac-NN(6,6)-(lr=1.0e-5)-(86-params)",classic_NN_6-6,40
57.0,57,115696,CartPole-v1,"CP-ppo-ac-NN(6,6)-(lr=1.0e-5)-(86-params)",classic_NN_6-6,40
26.0,26,115728,CartPole-v1,"CP-ppo-ac-NN(6,6)-(lr=1.0e-5)-(86-params)",classic_NN_6-6,40
14.0,14,115740,CartPole-v1,"CP-ppo-ac-NN(6,6)-(lr=1.0e-5)-(86-params)",classic_NN_6-6,40
32.0,32,115756,CartPole-v1,"CP-ppo-ac-NN(6,6)-(lr=1.0e-5)-(86-params)",classic_NN_6-6,40
24.0,24,115792,CartPole-v1,"CP-ppo-ac-NN(6,6)-(lr=1.0e-5)-(86-params)",classic_NN_6-6,40
18.0,18,115800,CartPole-v1,"CP-ppo-ac-NN(6,6)-(lr=1.0e-5)-(86-params)",classic_NN_6-6,40
17.0,17,115808,CartPole-v1,"CP-ppo-ac-NN(6,6)-(lr=1.0e-5)-(86-params)",classic_NN_6-6,40
17.0,17,115824,CartPole-v1,"CP-ppo-ac-NN(6,6)-(lr=1.0e-5)-(86-params)",classic_NN_6-6,40
18.0,18,115872,CartPole-v1,"CP-ppo-ac-NN(6,6)-(lr=1.0e-5)-(86-params)",classic_NN_6-6,40
14.0,14,115880,CartPole-v1,"CP-ppo-ac-NN(6,6)-(lr=1.0e-5)-(86-params)",classic_NN_6-6,40
24.0,24,115888,CartPole-v1,"CP-ppo-ac-NN(6,6)-(lr=1.0e-5)-(86-params)",classic_NN_6-6,40
28.0,28,115920,CartPole-v1,"CP-ppo-ac-NN(6,6)-(lr=1.0e-5)-(86-params)",classic_NN_6-6,40
17.0,17,115940,CartPole-v1,"CP-ppo-ac-NN(6,6)-(lr=1.0e-5)-(86-params)",classic_NN_6-6,40
16.0,16,115952,CartPole-v1,"CP-ppo-ac-NN(6,6)-(lr=1.0e-5)-(86-params)",classic_NN_6-6,40
21.0,21,115964,CartPole-v1,"CP-ppo-ac-NN(6,6)-(lr=1.0e-5)-(86-params)",classic_NN_6-6,40
21.0,21,116024,CartPole-v1,"CP-ppo-ac-NN(6,6)-(lr=1.0e-5)-(86-params)",classic_NN_6-6,40
32.0,32,116048,CartPole-v1,"CP-ppo-ac-NN(6,6)-(lr=1.0e-5)-(86-params)",classic_NN_6-6,40
38.0,38,116104,CartPole-v1,"CP-ppo-ac-NN(6,6)-(lr=1.0e-5)-(86-params)",classic_NN_6-6,40
18.0,18,116120,CartPole-v1,"CP-ppo-ac-NN(6,6)-(lr=1.0e-5)-(86-params)",classic_NN_6-6,40
25.0,25,116124,CartPole-v1,"CP-ppo-ac-NN(6,6)-(lr=1.0e-5)-(86-params)",classic_NN_6-6,40
40.0,40,116124,CartPole-v1,"CP-ppo-ac-NN(6,6)-(lr=1.0e-5)-(86-params)",classic_NN_6-6,40
11.0,11,116148,CartPole-v1,"CP-ppo-ac-NN(6,6)-(lr=1.0e-5)-(86-params)",classic_NN_6-6,40
18.0,18,116196,CartPole-v1,"CP-ppo-ac-NN(6,6)-(lr=1.0e-5)-(86-params)",classic_NN_6-6,40
23.0,23,116212,CartPole-v1,"CP-ppo-ac-NN(6,6)-(lr=1.0e-5)-(86-params)",classic_NN_6-6,40
27.0,27,116232,CartPole-v1,"CP-ppo-ac-NN(6,6)-(lr=1.0e-5)-(86-params)",classic_NN_6-6,40
13.0,13,116264,CartPole-v1,"CP-ppo-ac-NN(6,6)-(lr=1.0e-5)-(86-params)",classic_NN_6-6,40
23.0,23,116288,CartPole-v1,"CP-ppo-ac-NN(6,6)-(lr=1.0e-5)-(86-params)",classic_NN_6-6,40
23.0,23,116324,CartPole-v1,"CP-ppo-ac-NN(6,6)-(lr=1.0e-5)-(86-params)",classic_NN_6-6,40
11.0,11,116332,CartPole-v1,"CP-ppo-ac-NN(6,6)-(lr=1.0e-5)-(86-params)",classic_NN_6-6,40
19.0,19,116340,CartPole-v1,"CP-ppo-ac-NN(6,6)-(lr=1.0e-5)-(86-params)",classic_NN_6-6,40
53.0,53,116360,CartPole-v1,"CP-ppo-ac-NN(6,6)-(lr=1.0e-5)-(86-params)",classic_NN_6-6,40
14.0,14,116380,CartPole-v1,"CP-ppo-ac-NN(6,6)-(lr=1.0e-5)-(86-params)",classic_NN_6-6,40
17.0,17,116428,CartPole-v1,"CP-ppo-ac-NN(6,6)-(lr=1.0e-5)-(86-params)",classic_NN_6-6,40
28.0,28,116444,CartPole-v1,"CP-ppo-ac-NN(6,6)-(lr=1.0e-5)-(86-params)",classic_NN_6-6,40
31.0,31,116464,CartPole-v1,"CP-ppo-ac-NN(6,6)-(lr=1.0e-5)-(86-params)",classic_NN_6-6,40
12.0,12,116492,CartPole-v1,"CP-ppo-ac-NN(6,6)-(lr=1.0e-5)-(86-params)",classic_NN_6-6,40
16.0,16,116492,CartPole-v1,"CP-ppo-ac-NN(6,6)-(lr=1.0e-5)-(86-params)",classic_NN_6-6,40
16.0,16,116528,CartPole-v1,"CP-ppo-ac-NN(6,6)-(lr=1.0e-5)-(86-params)",classic_NN_6-6,40
40.0,40,116540,CartPole-v1,"CP-ppo-ac-NN(6,6)-(lr=1.0e-5)-(86-params)",classic_NN_6-6,40
17.0,17,116560,CartPole-v1,"CP-ppo-ac-NN(6,6)-(lr=1.0e-5)-(86-params)",classic_NN_6-6,40
13.0,13,116580,CartPole-v1,"CP-ppo-ac-NN(6,6)-(lr=1.0e-5)-(86-params)",classic_NN_6-6,40
14.0,14,116596,CartPole-v1,"CP-ppo-ac-NN(6,6)-(lr=1.0e-5)-(86-params)",classic_NN_6-6,40
12.0,12,116628,CartPole-v1,"CP-ppo-ac-NN(6,6)-(lr=1.0e-5)-(86-params)",classic_NN_6-6,40
20.0,20,116640,CartPole-v1,"CP-ppo-ac-NN(6,6)-(lr=1.0e-5)-(86-params)",classic_NN_6-6,40
13.0,13,116648,CartPole-v1,"CP-ppo-ac-NN(6,6)-(lr=1.0e-5)-(86-params)",classic_NN_6-6,40
8.0,8,116660,CartPole-v1,"CP-ppo-ac-NN(6,6)-(lr=1.0e-5)-(86-params)",classic_NN_6-6,40
43.0,43,116664,CartPole-v1,"CP-ppo-ac-NN(6,6)-(lr=1.0e-5)-(86-params)",classic_NN_6-6,40
13.0,13,116716,CartPole-v1,"CP-ppo-ac-NN(6,6)-(lr=1.0e-5)-(86-params)",classic_NN_6-6,40
20.0,20,116720,CartPole-v1,"CP-ppo-ac-NN(6,6)-(lr=1.0e-5)-(86-params)",classic_NN_6-6,40
14.0,14,116776,CartPole-v1,"CP-ppo-ac-NN(6,6)-(lr=1.0e-5)-(86-params)",classic_NN_6-6,40
32.0,32,116776,CartPole-v1,"CP-ppo-ac-NN(6,6)-(lr=1.0e-5)-(86-params)",classic_NN_6-6,40
32.0,32,116788,CartPole-v1,"CP-ppo-ac-NN(6,6)-(lr=1.0e-5)-(86-params)",classic_NN_6-6,40
15.0,15,116836,CartPole-v1,"CP-ppo-ac-NN(6,6)-(lr=1.0e-5)-(86-params)",classic_NN_6-6,40
40.0,40,116876,CartPole-v1,"CP-ppo-ac-NN(6,6)-(lr=1.0e-5)-(86-params)",classic_NN_6-6,40
13.0,13,116888,CartPole-v1,"CP-ppo-ac-NN(6,6)-(lr=1.0e-5)-(86-params)",classic_NN_6-6,40
27.0,27,116896,CartPole-v1,"CP-ppo-ac-NN(6,6)-(lr=1.0e-5)-(86-params)",classic_NN_6-6,40
47.0,47,116964,CartPole-v1,"CP-ppo-ac-NN(6,6)-(lr=1.0e-5)-(86-params)",classic_NN_6-6,40
27.0,27,116984,CartPole-v1,"CP-ppo-ac-NN(6,6)-(lr=1.0e-5)-(86-params)",classic_NN_6-6,40
30.0,30,117008,CartPole-v1,"CP-ppo-ac-NN(6,6)-(lr=1.0e-5)-(86-params)",classic_NN_6-6,40
20.0,20,117044,CartPole-v1,"CP-ppo-ac-NN(6,6)-(lr=1.0e-5)-(86-params)",classic_NN_6-6,40
19.0,19,117060,CartPole-v1,"CP-ppo-ac-NN(6,6)-(lr=1.0e-5)-(86-params)",classic_NN_6-6,40
43.0,43,117068,CartPole-v1,"CP-ppo-ac-NN(6,6)-(lr=1.0e-5)-(86-params)",classic_NN_6-6,40
11.0,11,117112,CartPole-v1,"CP-ppo-ac-NN(6,6)-(lr=1.0e-5)-(86-params)",classic_NN_6-6,40
39.0,39,117164,CartPole-v1,"CP-ppo-ac-NN(6,6)-(lr=1.0e-5)-(86-params)",classic_NN_6-6,40
27.0,27,117168,CartPole-v1,"CP-ppo-ac-NN(6,6)-(lr=1.0e-5)-(86-params)",classic_NN_6-6,40
33.0,33,117176,CartPole-v1,"CP-ppo-ac-NN(6,6)-(lr=1.0e-5)-(86-params)",classic_NN_6-6,40
21.0,21,117196,CartPole-v1,"CP-ppo-ac-NN(6,6)-(lr=1.0e-5)-(86-params)",classic_NN_6-6,40
13.0,13,117248,CartPole-v1,"CP-ppo-ac-NN(6,6)-(lr=1.0e-5)-(86-params)",classic_NN_6-6,40
26.0,26,117272,CartPole-v1,"CP-ppo-ac-NN(6,6)-(lr=1.0e-5)-(86-params)",classic_NN_6-6,40
27.0,27,117284,CartPole-v1,"CP-ppo-ac-NN(6,6)-(lr=1.0e-5)-(86-params)",classic_NN_6-6,40
12.0,12,117296,CartPole-v1,"CP-ppo-ac-NN(6,6)-(lr=1.0e-5)-(86-params)",classic_NN_6-6,40
16.0,16,117348,CartPole-v1,"CP-ppo-ac-NN(6,6)-(lr=1.0e-5)-(86-params)",classic_NN_6-6,40
53.0,53,117376,CartPole-v1,"CP-ppo-ac-NN(6,6)-(lr=1.0e-5)-(86-params)",classic_NN_6-6,40
29.0,29,117412,CartPole-v1,"CP-ppo-ac-NN(6,6)-(lr=1.0e-5)-(86-params)",classic_NN_6-6,40
44.0,44,117448,CartPole-v1,"CP-ppo-ac-NN(6,6)-(lr=1.0e-5)-(86-params)",classic_NN_6-6,40
12.0,12,117460,CartPole-v1,"CP-ppo-ac-NN(6,6)-(lr=1.0e-5)-(86-params)",classic_NN_6-6,40
40.0,40,117508,CartPole-v1,"CP-ppo-ac-NN(6,6)-(lr=1.0e-5)-(86-params)",classic_NN_6-6,40
38.0,38,117528,CartPole-v1,"CP-ppo-ac-NN(6,6)-(lr=1.0e-5)-(86-params)",classic_NN_6-6,40
27.0,27,117568,CartPole-v1,"CP-ppo-ac-NN(6,6)-(lr=1.0e-5)-(86-params)",classic_NN_6-6,40
30.0,30,117568,CartPole-v1,"CP-ppo-ac-NN(6,6)-(lr=1.0e-5)-(86-params)",classic_NN_6-6,40
20.0,20,117588,CartPole-v1,"CP-ppo-ac-NN(6,6)-(lr=1.0e-5)-(86-params)",classic_NN_6-6,40
11.0,11,117612,CartPole-v1,"CP-ppo-ac-NN(6,6)-(lr=1.0e-5)-(86-params)",classic_NN_6-6,40
23.0,23,117620,CartPole-v1,"CP-ppo-ac-NN(6,6)-(lr=1.0e-5)-(86-params)",classic_NN_6-6,40
20.0,20,117648,CartPole-v1,"CP-ppo-ac-NN(6,6)-(lr=1.0e-5)-(86-params)",classic_NN_6-6,40
9.0,9,117648,CartPole-v1,"CP-ppo-ac-NN(6,6)-(lr=1.0e-5)-(86-params)",classic_NN_6-6,40
13.0,13,117672,CartPole-v1,"CP-ppo-ac-NN(6,6)-(lr=1.0e-5)-(86-params)",classic_NN_6-6,40
16.0,16,117712,CartPole-v1,"CP-ppo-ac-NN(6,6)-(lr=1.0e-5)-(86-params)",classic_NN_6-6,40
21.0,21,117732,CartPole-v1,"CP-ppo-ac-NN(6,6)-(lr=1.0e-5)-(86-params)",classic_NN_6-6,40
44.0,44,117764,CartPole-v1,"CP-ppo-ac-NN(6,6)-(lr=1.0e-5)-(86-params)",classic_NN_6-6,40
20.0,20,117812,CartPole-v1,"CP-ppo-ac-NN(6,6)-(lr=1.0e-5)-(86-params)",classic_NN_6-6,40
40.0,40,117832,CartPole-v1,"CP-ppo-ac-NN(6,6)-(lr=1.0e-5)-(86-params)",classic_NN_6-6,40
25.0,25,117864,CartPole-v1,"CP-ppo-ac-NN(6,6)-(lr=1.0e-5)-(86-params)",classic_NN_6-6,40
23.0,23,117904,CartPole-v1,"CP-ppo-ac-NN(6,6)-(lr=1.0e-5)-(86-params)",classic_NN_6-6,40
18.0,18,117904,CartPole-v1,"CP-ppo-ac-NN(6,6)-(lr=1.0e-5)-(86-params)",classic_NN_6-6,40
50.0,50,117912,CartPole-v1,"CP-ppo-ac-NN(6,6)-(lr=1.0e-5)-(86-params)",classic_NN_6-6,40
11.0,11,117948,CartPole-v1,"CP-ppo-ac-NN(6,6)-(lr=1.0e-5)-(86-params)",classic_NN_6-6,40
19.0,19,117980,CartPole-v1,"CP-ppo-ac-NN(6,6)-(lr=1.0e-5)-(86-params)",classic_NN_6-6,40
18.0,18,117984,CartPole-v1,"CP-ppo-ac-NN(6,6)-(lr=1.0e-5)-(86-params)",classic_NN_6-6,40
15.0,15,118008,CartPole-v1,"CP-ppo-ac-NN(6,6)-(lr=1.0e-5)-(86-params)",classic_NN_6-6,40
36.0,36,118008,CartPole-v1,"CP-ppo-ac-NN(6,6)-(lr=1.0e-5)-(86-params)",classic_NN_6-6,40
13.0,13,118060,CartPole-v1,"CP-ppo-ac-NN(6,6)-(lr=1.0e-5)-(86-params)",classic_NN_6-6,40
20.0,20,118060,CartPole-v1,"CP-ppo-ac-NN(6,6)-(lr=1.0e-5)-(86-params)",classic_NN_6-6,40
26.0,26,118088,CartPole-v1,"CP-ppo-ac-NN(6,6)-(lr=1.0e-5)-(86-params)",classic_NN_6-6,40
25.0,25,118108,CartPole-v1,"CP-ppo-ac-NN(6,6)-(lr=1.0e-5)-(86-params)",classic_NN_6-6,40
17.0,17,118128,CartPole-v1,"CP-ppo-ac-NN(6,6)-(lr=1.0e-5)-(86-params)",classic_NN_6-6,40
20.0,20,118140,CartPole-v1,"CP-ppo-ac-NN(6,6)-(lr=1.0e-5)-(86-params)",classic_NN_6-6,40
15.0,15,118168,CartPole-v1,"CP-ppo-ac-NN(6,6)-(lr=1.0e-5)-(86-params)",classic_NN_6-6,40
27.0,27,118196,CartPole-v1,"CP-ppo-ac-NN(6,6)-(lr=1.0e-5)-(86-params)",classic_NN_6-6,40
11.0,11,118240,CartPole-v1,"CP-ppo-ac-NN(6,6)-(lr=1.0e-5)-(86-params)",classic_NN_6-6,40
21.0,21,118252,CartPole-v1,"CP-ppo-ac-NN(6,6)-(lr=1.0e-5)-(86-params)",classic_NN_6-6,40
40.0,40,118300,CartPole-v1,"CP-ppo-ac-NN(6,6)-(lr=1.0e-5)-(86-params)",classic_NN_6-6,40
47.0,47,118316,CartPole-v1,"CP-ppo-ac-NN(6,6)-(lr=1.0e-5)-(86-params)",classic_NN_6-6,40
20.0,20,118320,CartPole-v1,"CP-ppo-ac-NN(6,6)-(lr=1.0e-5)-(86-params)",classic_NN_6-6,40
24.0,24,118348,CartPole-v1,"CP-ppo-ac-NN(6,6)-(lr=1.0e-5)-(86-params)",classic_NN_6-6,40
13.0,13,118352,CartPole-v1,"CP-ppo-ac-NN(6,6)-(lr=1.0e-5)-(86-params)",classic_NN_6-6,40
10.0,10,118392,CartPole-v1,"CP-ppo-ac-NN(6,6)-(lr=1.0e-5)-(86-params)",classic_NN_6-6,40
18.0,18,118392,CartPole-v1,"CP-ppo-ac-NN(6,6)-(lr=1.0e-5)-(86-params)",classic_NN_6-6,40
12.0,12,118396,CartPole-v1,"CP-ppo-ac-NN(6,6)-(lr=1.0e-5)-(86-params)",classic_NN_6-6,40
12.0,12,118440,CartPole-v1,"CP-ppo-ac-NN(6,6)-(lr=1.0e-5)-(86-params)",classic_NN_6-6,40
17.0,17,118464,CartPole-v1,"CP-ppo-ac-NN(6,6)-(lr=1.0e-5)-(86-params)",classic_NN_6-6,40
37.0,37,118464,CartPole-v1,"CP-ppo-ac-NN(6,6)-(lr=1.0e-5)-(86-params)",classic_NN_6-6,40
22.0,22,118480,CartPole-v1,"CP-ppo-ac-NN(6,6)-(lr=1.0e-5)-(86-params)",classic_NN_6-6,40
11.0,11,118508,CartPole-v1,"CP-ppo-ac-NN(6,6)-(lr=1.0e-5)-(86-params)",classic_NN_6-6,40
20.0,20,118544,CartPole-v1,"CP-ppo-ac-NN(6,6)-(lr=1.0e-5)-(86-params)",classic_NN_6-6,40
16.0,16,118608,CartPole-v1,"CP-ppo-ac-NN(6,6)-(lr=1.0e-5)-(86-params)",classic_NN_6-6,40
35.0,35,118620,CartPole-v1,"CP-ppo-ac-NN(6,6)-(lr=1.0e-5)-(86-params)",classic_NN_6-6,40
49.0,49,118636,CartPole-v1,"CP-ppo-ac-NN(6,6)-(lr=1.0e-5)-(86-params)",classic_NN_6-6,40
13.0,13,118660,CartPole-v1,"CP-ppo-ac-NN(6,6)-(lr=1.0e-5)-(86-params)",classic_NN_6-6,40
14.0,14,118692,CartPole-v1,"CP-ppo-ac-NN(6,6)-(lr=1.0e-5)-(86-params)",classic_NN_6-6,40
23.0,23,118712,CartPole-v1,"CP-ppo-ac-NN(6,6)-(lr=1.0e-5)-(86-params)",classic_NN_6-6,40
14.0,14,118716,CartPole-v1,"CP-ppo-ac-NN(6,6)-(lr=1.0e-5)-(86-params)",classic_NN_6-6,40
60.0,60,118748,CartPole-v1,"CP-ppo-ac-NN(6,6)-(lr=1.0e-5)-(86-params)",classic_NN_6-6,40
15.0,15,118772,CartPole-v1,"CP-ppo-ac-NN(6,6)-(lr=1.0e-5)-(86-params)",classic_NN_6-6,40
16.0,16,118780,CartPole-v1,"CP-ppo-ac-NN(6,6)-(lr=1.0e-5)-(86-params)",classic_NN_6-6,40
13.0,13,118832,CartPole-v1,"CP-ppo-ac-NN(6,6)-(lr=1.0e-5)-(86-params)",classic_NN_6-6,40
19.0,19,118848,CartPole-v1,"CP-ppo-ac-NN(6,6)-(lr=1.0e-5)-(86-params)",classic_NN_6-6,40
41.0,41,118856,CartPole-v1,"CP-ppo-ac-NN(6,6)-(lr=1.0e-5)-(86-params)",classic_NN_6-6,40
37.0,37,118896,CartPole-v1,"CP-ppo-ac-NN(6,6)-(lr=1.0e-5)-(86-params)",classic_NN_6-6,40
21.0,21,118932,CartPole-v1,"CP-ppo-ac-NN(6,6)-(lr=1.0e-5)-(86-params)",classic_NN_6-6,40
27.0,27,118964,CartPole-v1,"CP-ppo-ac-NN(6,6)-(lr=1.0e-5)-(86-params)",classic_NN_6-6,40
27.0,27,119004,CartPole-v1,"CP-ppo-ac-NN(6,6)-(lr=1.0e-5)-(86-params)",classic_NN_6-6,40
45.0,45,119012,CartPole-v1,"CP-ppo-ac-NN(6,6)-(lr=1.0e-5)-(86-params)",classic_NN_6-6,40
10.0,10,119044,CartPole-v1,"CP-ppo-ac-NN(6,6)-(lr=1.0e-5)-(86-params)",classic_NN_6-6,40
24.0,24,119060,CartPole-v1,"CP-ppo-ac-NN(6,6)-(lr=1.0e-5)-(86-params)",classic_NN_6-6,40
11.0,11,119088,CartPole-v1,"CP-ppo-ac-NN(6,6)-(lr=1.0e-5)-(86-params)",classic_NN_6-6,40
53.0,53,119144,CartPole-v1,"CP-ppo-ac-NN(6,6)-(lr=1.0e-5)-(86-params)",classic_NN_6-6,40
24.0,24,119184,CartPole-v1,"CP-ppo-ac-NN(6,6)-(lr=1.0e-5)-(86-params)",classic_NN_6-6,40
33.0,33,119192,CartPole-v1,"CP-ppo-ac-NN(6,6)-(lr=1.0e-5)-(86-params)",classic_NN_6-6,40
19.0,19,119220,CartPole-v1,"CP-ppo-ac-NN(6,6)-(lr=1.0e-5)-(86-params)",classic_NN_6-6,40
57.0,57,119240,CartPole-v1,"CP-ppo-ac-NN(6,6)-(lr=1.0e-5)-(86-params)",classic_NN_6-6,40
14.0,14,119276,CartPole-v1,"CP-ppo-ac-NN(6,6)-(lr=1.0e-5)-(86-params)",classic_NN_6-6,40
26.0,26,119288,CartPole-v1,"CP-ppo-ac-NN(6,6)-(lr=1.0e-5)-(86-params)",classic_NN_6-6,40
15.0,15,119300,CartPole-v1,"CP-ppo-ac-NN(6,6)-(lr=1.0e-5)-(86-params)",classic_NN_6-6,40
40.0,40,119352,CartPole-v1,"CP-ppo-ac-NN(6,6)-(lr=1.0e-5)-(86-params)",classic_NN_6-6,40
17.0,17,119368,CartPole-v1,"CP-ppo-ac-NN(6,6)-(lr=1.0e-5)-(86-params)",classic_NN_6-6,40
26.0,26,119380,CartPole-v1,"CP-ppo-ac-NN(6,6)-(lr=1.0e-5)-(86-params)",classic_NN_6-6,40
14.0,14,119408,CartPole-v1,"CP-ppo-ac-NN(6,6)-(lr=1.0e-5)-(86-params)",classic_NN_6-6,40
32.0,32,119416,CartPole-v1,"CP-ppo-ac-NN(6,6)-(lr=1.0e-5)-(86-params)",classic_NN_6-6,40
14.0,14,119472,CartPole-v1,"CP-ppo-ac-NN(6,6)-(lr=1.0e-5)-(86-params)",classic_NN_6-6,40
31.0,31,119492,CartPole-v1,"CP-ppo-ac-NN(6,6)-(lr=1.0e-5)-(86-params)",classic_NN_6-6,40
32.0,32,119536,CartPole-v1,"CP-ppo-ac-NN(6,6)-(lr=1.0e-5)-(86-params)",classic_NN_6-6,40
18.0,18,119544,CartPole-v1,"CP-ppo-ac-NN(6,6)-(lr=1.0e-5)-(86-params)",classic_NN_6-6,40
16.0,16,119556,CartPole-v1,"CP-ppo-ac-NN(6,6)-(lr=1.0e-5)-(86-params)",classic_NN_6-6,40
17.0,17,119612,CartPole-v1,"CP-ppo-ac-NN(6,6)-(lr=1.0e-5)-(86-params)",classic_NN_6-6,40
20.0,20,119616,CartPole-v1,"CP-ppo-ac-NN(6,6)-(lr=1.0e-5)-(86-params)",classic_NN_6-6,40
65.0,65,119640,CartPole-v1,"CP-ppo-ac-NN(6,6)-(lr=1.0e-5)-(86-params)",classic_NN_6-6,40
22.0,22,119644,CartPole-v1,"CP-ppo-ac-NN(6,6)-(lr=1.0e-5)-(86-params)",classic_NN_6-6,40
17.0,17,119680,CartPole-v1,"CP-ppo-ac-NN(6,6)-(lr=1.0e-5)-(86-params)",classic_NN_6-6,40
12.0,12,119688,CartPole-v1,"CP-ppo-ac-NN(6,6)-(lr=1.0e-5)-(86-params)",classic_NN_6-6,40
9.0,9,119716,CartPole-v1,"CP-ppo-ac-NN(6,6)-(lr=1.0e-5)-(86-params)",classic_NN_6-6,40
22.0,22,119732,CartPole-v1,"CP-ppo-ac-NN(6,6)-(lr=1.0e-5)-(86-params)",classic_NN_6-6,40
15.0,15,119748,CartPole-v1,"CP-ppo-ac-NN(6,6)-(lr=1.0e-5)-(86-params)",classic_NN_6-6,40
35.0,35,119756,CartPole-v1,"CP-ppo-ac-NN(6,6)-(lr=1.0e-5)-(86-params)",classic_NN_6-6,40
33.0,33,119848,CartPole-v1,"CP-ppo-ac-NN(6,6)-(lr=1.0e-5)-(86-params)",classic_NN_6-6,40
28.0,28,119868,CartPole-v1,"CP-ppo-ac-NN(6,6)-(lr=1.0e-5)-(86-params)",classic_NN_6-6,40
39.0,39,119888,CartPole-v1,"CP-ppo-ac-NN(6,6)-(lr=1.0e-5)-(86-params)",classic_NN_6-6,40
15.0,15,119908,CartPole-v1,"CP-ppo-ac-NN(6,6)-(lr=1.0e-5)-(86-params)",classic_NN_6-6,40
15.0,15,119928,CartPole-v1,"CP-ppo-ac-NN(6,6)-(lr=1.0e-5)-(86-params)",classic_NN_6-6,40
51.0,51,119952,CartPole-v1,"CP-ppo-ac-NN(6,6)-(lr=1.0e-5)-(86-params)",classic_NN_6-6,40
21.0,21,119972,CartPole-v1,"CP-ppo-ac-NN(6,6)-(lr=1.0e-5)-(86-params)",classic_NN_6-6,40
15.0,15,119988,CartPole-v1,"CP-ppo-ac-NN(6,6)-(lr=1.0e-5)-(86-params)",classic_NN_6-6,40
29.0,29,120024,CartPole-v1,"CP-ppo-ac-NN(6,6)-(lr=1.0e-5)-(86-params)",classic_NN_6-6,40
28.0,28,120084,CartPole-v1,"CP-ppo-ac-NN(6,6)-(lr=1.0e-5)-(86-params)",classic_NN_6-6,40
18.0,18,120096,CartPole-v1,"CP-ppo-ac-NN(6,6)-(lr=1.0e-5)-(86-params)",classic_NN_6-6,40
39.0,39,120108,CartPole-v1,"CP-ppo-ac-NN(6,6)-(lr=1.0e-5)-(86-params)",classic_NN_6-6,40
34.0,34,120124,CartPole-v1,"CP-ppo-ac-NN(6,6)-(lr=1.0e-5)-(86-params)",classic_NN_6-6,40
9.0,9,120132,CartPole-v1,"CP-ppo-ac-NN(6,6)-(lr=1.0e-5)-(86-params)",classic_NN_6-6,40
13.0,13,120176,CartPole-v1,"CP-ppo-ac-NN(6,6)-(lr=1.0e-5)-(86-params)",classic_NN_6-6,40
23.0,23,120176,CartPole-v1,"CP-ppo-ac-NN(6,6)-(lr=1.0e-5)-(86-params)",classic_NN_6-6,40
12.0,12,120224,CartPole-v1,"CP-ppo-ac-NN(6,6)-(lr=1.0e-5)-(86-params)",classic_NN_6-6,40
35.0,35,120248,CartPole-v1,"CP-ppo-ac-NN(6,6)-(lr=1.0e-5)-(86-params)",classic_NN_6-6,40
29.0,29,120248,CartPole-v1,"CP-ppo-ac-NN(6,6)-(lr=1.0e-5)-(86-params)",classic_NN_6-6,40
16.0,16,120288,CartPole-v1,"CP-ppo-ac-NN(6,6)-(lr=1.0e-5)-(86-params)",classic_NN_6-6,40
29.0,29,120364,CartPole-v1,"CP-ppo-ac-NN(6,6)-(lr=1.0e-5)-(86-params)",classic_NN_6-6,40
24.0,24,120384,CartPole-v1,"CP-ppo-ac-NN(6,6)-(lr=1.0e-5)-(86-params)",classic_NN_6-6,40
39.0,39,120404,CartPole-v1,"CP-ppo-ac-NN(6,6)-(lr=1.0e-5)-(86-params)",classic_NN_6-6,40
63.0,63,120428,CartPole-v1,"CP-ppo-ac-NN(6,6)-(lr=1.0e-5)-(86-params)",classic_NN_6-6,40
20.0,20,120484,CartPole-v1,"CP-ppo-ac-NN(6,6)-(lr=1.0e-5)-(86-params)",classic_NN_6-6,40
14.0,14,120484,CartPole-v1,"CP-ppo-ac-NN(6,6)-(lr=1.0e-5)-(86-params)",classic_NN_6-6,40
10.0,10,120524,CartPole-v1,"CP-ppo-ac-NN(6,6)-(lr=1.0e-5)-(86-params)",classic_NN_6-6,40
42.0,42,120552,CartPole-v1,"CP-ppo-ac-NN(6,6)-(lr=1.0e-5)-(86-params)",classic_NN_6-6,40
48.0,48,120556,CartPole-v1,"CP-ppo-ac-NN(6,6)-(lr=1.0e-5)-(86-params)",classic_NN_6-6,40
24.0,24,120580,CartPole-v1,"CP-ppo-ac-NN(6,6)-(lr=1.0e-5)-(86-params)",classic_NN_6-6,40
12.0,12,120604,CartPole-v1,"CP-ppo-ac-NN(6,6)-(lr=1.0e-5)-(86-params)",classic_NN_6-6,40
20.0,20,120632,CartPole-v1,"CP-ppo-ac-NN(6,6)-(lr=1.0e-5)-(86-params)",classic_NN_6-6,40
34.0,34,120660,CartPole-v1,"CP-ppo-ac-NN(6,6)-(lr=1.0e-5)-(86-params)",classic_NN_6-6,40
22.0,22,120748,CartPole-v1,"CP-ppo-ac-NN(6,6)-(lr=1.0e-5)-(86-params)",classic_NN_6-6,40
33.0,33,120764,CartPole-v1,"CP-ppo-ac-NN(6,6)-(lr=1.0e-5)-(86-params)",classic_NN_6-6,40
12.0,12,120812,CartPole-v1,"CP-ppo-ac-NN(6,6)-(lr=1.0e-5)-(86-params)",classic_NN_6-6,40
55.0,55,120824,CartPole-v1,"CP-ppo-ac-NN(6,6)-(lr=1.0e-5)-(86-params)",classic_NN_6-6,40
64.0,64,120836,CartPole-v1,"CP-ppo-ac-NN(6,6)-(lr=1.0e-5)-(86-params)",classic_NN_6-6,40
28.0,28,120860,CartPole-v1,"CP-ppo-ac-NN(6,6)-(lr=1.0e-5)-(86-params)",classic_NN_6-6,40
12.0,12,120872,CartPole-v1,"CP-ppo-ac-NN(6,6)-(lr=1.0e-5)-(86-params)",classic_NN_6-6,40
11.0,11,120916,CartPole-v1,"CP-ppo-ac-NN(6,6)-(lr=1.0e-5)-(86-params)",classic_NN_6-6,40
32.0,32,120940,CartPole-v1,"CP-ppo-ac-NN(6,6)-(lr=1.0e-5)-(86-params)",classic_NN_6-6,40
31.0,31,120960,CartPole-v1,"CP-ppo-ac-NN(6,6)-(lr=1.0e-5)-(86-params)",classic_NN_6-6,40
15.0,15,120976,CartPole-v1,"CP-ppo-ac-NN(6,6)-(lr=1.0e-5)-(86-params)",classic_NN_6-6,40
20.0,20,121020,CartPole-v1,"CP-ppo-ac-NN(6,6)-(lr=1.0e-5)-(86-params)",classic_NN_6-6,40
21.0,21,121044,CartPole-v1,"CP-ppo-ac-NN(6,6)-(lr=1.0e-5)-(86-params)",classic_NN_6-6,40
21.0,21,121060,CartPole-v1,"CP-ppo-ac-NN(6,6)-(lr=1.0e-5)-(86-params)",classic_NN_6-6,40
11.0,11,121064,CartPole-v1,"CP-ppo-ac-NN(6,6)-(lr=1.0e-5)-(86-params)",classic_NN_6-6,40
15.0,15,121120,CartPole-v1,"CP-ppo-ac-NN(6,6)-(lr=1.0e-5)-(86-params)",classic_NN_6-6,40
19.0,19,121120,CartPole-v1,"CP-ppo-ac-NN(6,6)-(lr=1.0e-5)-(86-params)",classic_NN_6-6,40
15.0,15,121180,CartPole-v1,"CP-ppo-ac-NN(6,6)-(lr=1.0e-5)-(86-params)",classic_NN_6-6,40
22.0,22,121208,CartPole-v1,"CP-ppo-ac-NN(6,6)-(lr=1.0e-5)-(86-params)",classic_NN_6-6,40
89.0,89,121216,CartPole-v1,"CP-ppo-ac-NN(6,6)-(lr=1.0e-5)-(86-params)",classic_NN_6-6,40
55.0,55,121284,CartPole-v1,"CP-ppo-ac-NN(6,6)-(lr=1.0e-5)-(86-params)",classic_NN_6-6,40
20.0,20,121296,CartPole-v1,"CP-ppo-ac-NN(6,6)-(lr=1.0e-5)-(86-params)",classic_NN_6-6,40
37.0,37,121328,CartPole-v1,"CP-ppo-ac-NN(6,6)-(lr=1.0e-5)-(86-params)",classic_NN_6-6,40
37.0,37,121356,CartPole-v1,"CP-ppo-ac-NN(6,6)-(lr=1.0e-5)-(86-params)",classic_NN_6-6,40
15.0,15,121356,CartPole-v1,"CP-ppo-ac-NN(6,6)-(lr=1.0e-5)-(86-params)",classic_NN_6-6,40
19.0,19,121360,CartPole-v1,"CP-ppo-ac-NN(6,6)-(lr=1.0e-5)-(86-params)",classic_NN_6-6,40
10.0,10,121368,CartPole-v1,"CP-ppo-ac-NN(6,6)-(lr=1.0e-5)-(86-params)",classic_NN_6-6,40
16.0,16,121424,CartPole-v1,"CP-ppo-ac-NN(6,6)-(lr=1.0e-5)-(86-params)",classic_NN_6-6,40
24.0,24,121452,CartPole-v1,"CP-ppo-ac-NN(6,6)-(lr=1.0e-5)-(86-params)",classic_NN_6-6,40
38.0,38,121508,CartPole-v1,"CP-ppo-ac-NN(6,6)-(lr=1.0e-5)-(86-params)",classic_NN_6-6,40
14.0,14,121564,CartPole-v1,"CP-ppo-ac-NN(6,6)-(lr=1.0e-5)-(86-params)",classic_NN_6-6,40
58.0,58,121600,CartPole-v1,"CP-ppo-ac-NN(6,6)-(lr=1.0e-5)-(86-params)",classic_NN_6-6,40
45.0,45,121604,CartPole-v1,"CP-ppo-ac-NN(6,6)-(lr=1.0e-5)-(86-params)",classic_NN_6-6,40
12.0,12,121612,CartPole-v1,"CP-ppo-ac-NN(6,6)-(lr=1.0e-5)-(86-params)",classic_NN_6-6,40
18.0,18,121676,CartPole-v1,"CP-ppo-ac-NN(6,6)-(lr=1.0e-5)-(86-params)",classic_NN_6-6,40
18.0,18,121684,CartPole-v1,"CP-ppo-ac-NN(6,6)-(lr=1.0e-5)-(86-params)",classic_NN_6-6,40
18.0,18,121748,CartPole-v1,"CP-ppo-ac-NN(6,6)-(lr=1.0e-5)-(86-params)",classic_NN_6-6,40
39.0,39,121756,CartPole-v1,"CP-ppo-ac-NN(6,6)-(lr=1.0e-5)-(86-params)",classic_NN_6-6,40
24.0,24,121780,CartPole-v1,"CP-ppo-ac-NN(6,6)-(lr=1.0e-5)-(86-params)",classic_NN_6-6,40
16.0,16,121812,CartPole-v1,"CP-ppo-ac-NN(6,6)-(lr=1.0e-5)-(86-params)",classic_NN_6-6,40
22.0,22,121844,CartPole-v1,"CP-ppo-ac-NN(6,6)-(lr=1.0e-5)-(86-params)",classic_NN_6-6,40
12.0,12,121860,CartPole-v1,"CP-ppo-ac-NN(6,6)-(lr=1.0e-5)-(86-params)",classic_NN_6-6,40
24.0,24,121876,CartPole-v1,"CP-ppo-ac-NN(6,6)-(lr=1.0e-5)-(86-params)",classic_NN_6-6,40
17.0,17,121912,CartPole-v1,"CP-ppo-ac-NN(6,6)-(lr=1.0e-5)-(86-params)",classic_NN_6-6,40
123.0,123,121944,CartPole-v1,"CP-ppo-ac-NN(6,6)-(lr=1.0e-5)-(86-params)",classic_NN_6-6,40
17.0,17,121944,CartPole-v1,"CP-ppo-ac-NN(6,6)-(lr=1.0e-5)-(86-params)",classic_NN_6-6,40
23.0,23,121952,CartPole-v1,"CP-ppo-ac-NN(6,6)-(lr=1.0e-5)-(86-params)",classic_NN_6-6,40
18.0,18,121984,CartPole-v1,"CP-ppo-ac-NN(6,6)-(lr=1.0e-5)-(86-params)",classic_NN_6-6,40
17.0,17,122012,CartPole-v1,"CP-ppo-ac-NN(6,6)-(lr=1.0e-5)-(86-params)",classic_NN_6-6,40
20.0,20,122024,CartPole-v1,"CP-ppo-ac-NN(6,6)-(lr=1.0e-5)-(86-params)",classic_NN_6-6,40
15.0,15,122044,CartPole-v1,"CP-ppo-ac-NN(6,6)-(lr=1.0e-5)-(86-params)",classic_NN_6-6,40
33.0,33,122084,CartPole-v1,"CP-ppo-ac-NN(6,6)-(lr=1.0e-5)-(86-params)",classic_NN_6-6,40
16.0,16,122088,CartPole-v1,"CP-ppo-ac-NN(6,6)-(lr=1.0e-5)-(86-params)",classic_NN_6-6,40
25.0,25,122112,CartPole-v1,"CP-ppo-ac-NN(6,6)-(lr=1.0e-5)-(86-params)",classic_NN_6-6,40
37.0,37,122192,CartPole-v1,"CP-ppo-ac-NN(6,6)-(lr=1.0e-5)-(86-params)",classic_NN_6-6,40
36.0,36,122232,CartPole-v1,"CP-ppo-ac-NN(6,6)-(lr=1.0e-5)-(86-params)",classic_NN_6-6,40
43.0,43,122256,CartPole-v1,"CP-ppo-ac-NN(6,6)-(lr=1.0e-5)-(86-params)",classic_NN_6-6,40
18.0,18,122264,CartPole-v1,"CP-ppo-ac-NN(6,6)-(lr=1.0e-5)-(86-params)",classic_NN_6-6,40
38.0,38,122264,CartPole-v1,"CP-ppo-ac-NN(6,6)-(lr=1.0e-5)-(86-params)",classic_NN_6-6,40
15.0,15,122292,CartPole-v1,"CP-ppo-ac-NN(6,6)-(lr=1.0e-5)-(86-params)",classic_NN_6-6,40
17.0,17,122332,CartPole-v1,"CP-ppo-ac-NN(6,6)-(lr=1.0e-5)-(86-params)",classic_NN_6-6,40
22.0,22,122380,CartPole-v1,"CP-ppo-ac-NN(6,6)-(lr=1.0e-5)-(86-params)",classic_NN_6-6,40
38.0,38,122416,CartPole-v1,"CP-ppo-ac-NN(6,6)-(lr=1.0e-5)-(86-params)",classic_NN_6-6,40
41.0,41,122420,CartPole-v1,"CP-ppo-ac-NN(6,6)-(lr=1.0e-5)-(86-params)",classic_NN_6-6,40
12.0,12,122428,CartPole-v1,"CP-ppo-ac-NN(6,6)-(lr=1.0e-5)-(86-params)",classic_NN_6-6,40
26.0,26,122436,CartPole-v1,"CP-ppo-ac-NN(6,6)-(lr=1.0e-5)-(86-params)",classic_NN_6-6,40
22.0,22,122504,CartPole-v1,"CP-ppo-ac-NN(6,6)-(lr=1.0e-5)-(86-params)",classic_NN_6-6,40
21.0,21,122520,CartPole-v1,"CP-ppo-ac-NN(6,6)-(lr=1.0e-5)-(86-params)",classic_NN_6-6,40
24.0,24,122524,CartPole-v1,"CP-ppo-ac-NN(6,6)-(lr=1.0e-5)-(86-params)",classic_NN_6-6,40
11.0,11,122568,CartPole-v1,"CP-ppo-ac-NN(6,6)-(lr=1.0e-5)-(86-params)",classic_NN_6-6,40
28.0,28,122632,CartPole-v1,"CP-ppo-ac-NN(6,6)-(lr=1.0e-5)-(86-params)",classic_NN_6-6,40
35.0,35,122644,CartPole-v1,"CP-ppo-ac-NN(6,6)-(lr=1.0e-5)-(86-params)",classic_NN_6-6,40
63.0,63,122672,CartPole-v1,"CP-ppo-ac-NN(6,6)-(lr=1.0e-5)-(86-params)",classic_NN_6-6,40
17.0,17,122700,CartPole-v1,"CP-ppo-ac-NN(6,6)-(lr=1.0e-5)-(86-params)",classic_NN_6-6,40
23.0,23,122736,CartPole-v1,"CP-ppo-ac-NN(6,6)-(lr=1.0e-5)-(86-params)",classic_NN_6-6,40
48.0,48,122760,CartPole-v1,"CP-ppo-ac-NN(6,6)-(lr=1.0e-5)-(86-params)",classic_NN_6-6,40
14.0,14,122792,CartPole-v1,"CP-ppo-ac-NN(6,6)-(lr=1.0e-5)-(86-params)",classic_NN_6-6,40
30.0,30,122792,CartPole-v1,"CP-ppo-ac-NN(6,6)-(lr=1.0e-5)-(86-params)",classic_NN_6-6,40
29.0,29,122816,CartPole-v1,"CP-ppo-ac-NN(6,6)-(lr=1.0e-5)-(86-params)",classic_NN_6-6,40
15.0,15,122852,CartPole-v1,"CP-ppo-ac-NN(6,6)-(lr=1.0e-5)-(86-params)",classic_NN_6-6,40
15.0,15,122852,CartPole-v1,"CP-ppo-ac-NN(6,6)-(lr=1.0e-5)-(86-params)",classic_NN_6-6,40
13.0,13,122868,CartPole-v1,"CP-ppo-ac-NN(6,6)-(lr=1.0e-5)-(86-params)",classic_NN_6-6,40
34.0,34,122896,CartPole-v1,"CP-ppo-ac-NN(6,6)-(lr=1.0e-5)-(86-params)",classic_NN_6-6,40
19.0,19,122928,CartPole-v1,"CP-ppo-ac-NN(6,6)-(lr=1.0e-5)-(86-params)",classic_NN_6-6,40
21.0,21,122952,CartPole-v1,"CP-ppo-ac-NN(6,6)-(lr=1.0e-5)-(86-params)",classic_NN_6-6,40
8.0,8,122984,CartPole-v1,"CP-ppo-ac-NN(6,6)-(lr=1.0e-5)-(86-params)",classic_NN_6-6,40
33.0,33,122984,CartPole-v1,"CP-ppo-ac-NN(6,6)-(lr=1.0e-5)-(86-params)",classic_NN_6-6,40
27.0,27,123004,CartPole-v1,"CP-ppo-ac-NN(6,6)-(lr=1.0e-5)-(86-params)",classic_NN_6-6,40
13.0,13,123036,CartPole-v1,"CP-ppo-ac-NN(6,6)-(lr=1.0e-5)-(86-params)",classic_NN_6-6,40
32.0,32,123056,CartPole-v1,"CP-ppo-ac-NN(6,6)-(lr=1.0e-5)-(86-params)",classic_NN_6-6,40
13.0,13,123056,CartPole-v1,"CP-ppo-ac-NN(6,6)-(lr=1.0e-5)-(86-params)",classic_NN_6-6,40
11.0,11,123080,CartPole-v1,"CP-ppo-ac-NN(6,6)-(lr=1.0e-5)-(86-params)",classic_NN_6-6,40
26.0,26,123088,CartPole-v1,"CP-ppo-ac-NN(6,6)-(lr=1.0e-5)-(86-params)",classic_NN_6-6,40
17.0,17,123124,CartPole-v1,"CP-ppo-ac-NN(6,6)-(lr=1.0e-5)-(86-params)",classic_NN_6-6,40
17.0,17,123148,CartPole-v1,"CP-ppo-ac-NN(6,6)-(lr=1.0e-5)-(86-params)",classic_NN_6-6,40
18.0,18,123160,CartPole-v1,"CP-ppo-ac-NN(6,6)-(lr=1.0e-5)-(86-params)",classic_NN_6-6,40
30.0,30,123176,CartPole-v1,"CP-ppo-ac-NN(6,6)-(lr=1.0e-5)-(86-params)",classic_NN_6-6,40
10.0,10,123188,CartPole-v1,"CP-ppo-ac-NN(6,6)-(lr=1.0e-5)-(86-params)",classic_NN_6-6,40
18.0,18,123232,CartPole-v1,"CP-ppo-ac-NN(6,6)-(lr=1.0e-5)-(86-params)",classic_NN_6-6,40
40.0,40,123284,CartPole-v1,"CP-ppo-ac-NN(6,6)-(lr=1.0e-5)-(86-params)",classic_NN_6-6,40
27.0,27,123284,CartPole-v1,"CP-ppo-ac-NN(6,6)-(lr=1.0e-5)-(86-params)",classic_NN_6-6,40
36.0,36,123332,CartPole-v1,"CP-ppo-ac-NN(6,6)-(lr=1.0e-5)-(86-params)",classic_NN_6-6,40
27.0,27,123340,CartPole-v1,"CP-ppo-ac-NN(6,6)-(lr=1.0e-5)-(86-params)",classic_NN_6-6,40
17.0,17,123352,CartPole-v1,"CP-ppo-ac-NN(6,6)-(lr=1.0e-5)-(86-params)",classic_NN_6-6,40
18.0,18,123356,CartPole-v1,"CP-ppo-ac-NN(6,6)-(lr=1.0e-5)-(86-params)",classic_NN_6-6,40
16.0,16,123404,CartPole-v1,"CP-ppo-ac-NN(6,6)-(lr=1.0e-5)-(86-params)",classic_NN_6-6,40
23.0,23,123424,CartPole-v1,"CP-ppo-ac-NN(6,6)-(lr=1.0e-5)-(86-params)",classic_NN_6-6,40
27.0,27,123460,CartPole-v1,"CP-ppo-ac-NN(6,6)-(lr=1.0e-5)-(86-params)",classic_NN_6-6,40
27.0,27,123464,CartPole-v1,"CP-ppo-ac-NN(6,6)-(lr=1.0e-5)-(86-params)",classic_NN_6-6,40
20.0,20,123484,CartPole-v1,"CP-ppo-ac-NN(6,6)-(lr=1.0e-5)-(86-params)",classic_NN_6-6,40
13.0,13,123512,CartPole-v1,"CP-ppo-ac-NN(6,6)-(lr=1.0e-5)-(86-params)",classic_NN_6-6,40
25.0,25,123524,CartPole-v1,"CP-ppo-ac-NN(6,6)-(lr=1.0e-5)-(86-params)",classic_NN_6-6,40
22.0,22,123552,CartPole-v1,"CP-ppo-ac-NN(6,6)-(lr=1.0e-5)-(86-params)",classic_NN_6-6,40
13.0,13,123564,CartPole-v1,"CP-ppo-ac-NN(6,6)-(lr=1.0e-5)-(86-params)",classic_NN_6-6,40
21.0,21,123568,CartPole-v1,"CP-ppo-ac-NN(6,6)-(lr=1.0e-5)-(86-params)",classic_NN_6-6,40
10.0,10,123604,CartPole-v1,"CP-ppo-ac-NN(6,6)-(lr=1.0e-5)-(86-params)",classic_NN_6-6,40
25.0,25,123624,CartPole-v1,"CP-ppo-ac-NN(6,6)-(lr=1.0e-5)-(86-params)",classic_NN_6-6,40
22.0,22,123640,CartPole-v1,"CP-ppo-ac-NN(6,6)-(lr=1.0e-5)-(86-params)",classic_NN_6-6,40
10.0,10,123644,CartPole-v1,"CP-ppo-ac-NN(6,6)-(lr=1.0e-5)-(86-params)",classic_NN_6-6,40
23.0,23,123660,CartPole-v1,"CP-ppo-ac-NN(6,6)-(lr=1.0e-5)-(86-params)",classic_NN_6-6,40
18.0,18,123696,CartPole-v1,"CP-ppo-ac-NN(6,6)-(lr=1.0e-5)-(86-params)",classic_NN_6-6,40
21.0,21,123728,CartPole-v1,"CP-ppo-ac-NN(6,6)-(lr=1.0e-5)-(86-params)",classic_NN_6-6,40
28.0,28,123772,CartPole-v1,"CP-ppo-ac-NN(6,6)-(lr=1.0e-5)-(86-params)",classic_NN_6-6,40
39.0,39,123796,CartPole-v1,"CP-ppo-ac-NN(6,6)-(lr=1.0e-5)-(86-params)",classic_NN_6-6,40
19.0,19,123804,CartPole-v1,"CP-ppo-ac-NN(6,6)-(lr=1.0e-5)-(86-params)",classic_NN_6-6,40
11.0,11,123816,CartPole-v1,"CP-ppo-ac-NN(6,6)-(lr=1.0e-5)-(86-params)",classic_NN_6-6,40
31.0,31,123820,CartPole-v1,"CP-ppo-ac-NN(6,6)-(lr=1.0e-5)-(86-params)",classic_NN_6-6,40
18.0,18,123868,CartPole-v1,"CP-ppo-ac-NN(6,6)-(lr=1.0e-5)-(86-params)",classic_NN_6-6,40
14.0,14,123872,CartPole-v1,"CP-ppo-ac-NN(6,6)-(lr=1.0e-5)-(86-params)",classic_NN_6-6,40
18.0,18,123892,CartPole-v1,"CP-ppo-ac-NN(6,6)-(lr=1.0e-5)-(86-params)",classic_NN_6-6,40
27.0,27,123912,CartPole-v1,"CP-ppo-ac-NN(6,6)-(lr=1.0e-5)-(86-params)",classic_NN_6-6,40
19.0,19,123948,CartPole-v1,"CP-ppo-ac-NN(6,6)-(lr=1.0e-5)-(86-params)",classic_NN_6-6,40
10.0,10,123952,CartPole-v1,"CP-ppo-ac-NN(6,6)-(lr=1.0e-5)-(86-params)",classic_NN_6-6,40
15.0,15,123952,CartPole-v1,"CP-ppo-ac-NN(6,6)-(lr=1.0e-5)-(86-params)",classic_NN_6-6,40
26.0,26,123972,CartPole-v1,"CP-ppo-ac-NN(6,6)-(lr=1.0e-5)-(86-params)",classic_NN_6-6,40
13.0,13,124004,CartPole-v1,"CP-ppo-ac-NN(6,6)-(lr=1.0e-5)-(86-params)",classic_NN_6-6,40
19.0,19,124024,CartPole-v1,"CP-ppo-ac-NN(6,6)-(lr=1.0e-5)-(86-params)",classic_NN_6-6,40
20.0,20,124052,CartPole-v1,"CP-ppo-ac-NN(6,6)-(lr=1.0e-5)-(86-params)",classic_NN_6-6,40
31.0,31,124076,CartPole-v1,"CP-ppo-ac-NN(6,6)-(lr=1.0e-5)-(86-params)",classic_NN_6-6,40
29.0,29,124120,CartPole-v1,"CP-ppo-ac-NN(6,6)-(lr=1.0e-5)-(86-params)",classic_NN_6-6,40
33.0,33,124156,CartPole-v1,"CP-ppo-ac-NN(6,6)-(lr=1.0e-5)-(86-params)",classic_NN_6-6,40
16.0,16,124184,CartPole-v1,"CP-ppo-ac-NN(6,6)-(lr=1.0e-5)-(86-params)",classic_NN_6-6,40
39.0,39,124208,CartPole-v1,"CP-ppo-ac-NN(6,6)-(lr=1.0e-5)-(86-params)",classic_NN_6-6,40
40.0,40,124236,CartPole-v1,"CP-ppo-ac-NN(6,6)-(lr=1.0e-5)-(86-params)",classic_NN_6-6,40
23.0,23,124276,CartPole-v1,"CP-ppo-ac-NN(6,6)-(lr=1.0e-5)-(86-params)",classic_NN_6-6,40
15.0,15,124296,CartPole-v1,"CP-ppo-ac-NN(6,6)-(lr=1.0e-5)-(86-params)",classic_NN_6-6,40
27.0,27,124316,CartPole-v1,"CP-ppo-ac-NN(6,6)-(lr=1.0e-5)-(86-params)",classic_NN_6-6,40
13.0,13,124368,CartPole-v1,"CP-ppo-ac-NN(6,6)-(lr=1.0e-5)-(86-params)",classic_NN_6-6,40
40.0,40,124456,CartPole-v1,"CP-ppo-ac-NN(6,6)-(lr=1.0e-5)-(86-params)",classic_NN_6-6,40
23.0,23,124460,CartPole-v1,"CP-ppo-ac-NN(6,6)-(lr=1.0e-5)-(86-params)",classic_NN_6-6,40
79.0,79,124472,CartPole-v1,"CP-ppo-ac-NN(6,6)-(lr=1.0e-5)-(86-params)",classic_NN_6-6,40
13.0,13,124512,CartPole-v1,"CP-ppo-ac-NN(6,6)-(lr=1.0e-5)-(86-params)",classic_NN_6-6,40
18.0,18,124528,CartPole-v1,"CP-ppo-ac-NN(6,6)-(lr=1.0e-5)-(86-params)",classic_NN_6-6,40
26.0,26,124576,CartPole-v1,"CP-ppo-ac-NN(6,6)-(lr=1.0e-5)-(86-params)",classic_NN_6-6,40
79.0,79,124592,CartPole-v1,"CP-ppo-ac-NN(6,6)-(lr=1.0e-5)-(86-params)",classic_NN_6-6,40
21.0,21,124596,CartPole-v1,"CP-ppo-ac-NN(6,6)-(lr=1.0e-5)-(86-params)",classic_NN_6-6,40
12.0,12,124640,CartPole-v1,"CP-ppo-ac-NN(6,6)-(lr=1.0e-5)-(86-params)",classic_NN_6-6,40
21.0,21,124660,CartPole-v1,"CP-ppo-ac-NN(6,6)-(lr=1.0e-5)-(86-params)",classic_NN_6-6,40
16.0,16,124660,CartPole-v1,"CP-ppo-ac-NN(6,6)-(lr=1.0e-5)-(86-params)",classic_NN_6-6,40
9.0,9,124696,CartPole-v1,"CP-ppo-ac-NN(6,6)-(lr=1.0e-5)-(86-params)",classic_NN_6-6,40
20.0,20,124720,CartPole-v1,"CP-ppo-ac-NN(6,6)-(lr=1.0e-5)-(86-params)",classic_NN_6-6,40
53.0,53,124740,CartPole-v1,"CP-ppo-ac-NN(6,6)-(lr=1.0e-5)-(86-params)",classic_NN_6-6,40
11.0,11,124764,CartPole-v1,"CP-ppo-ac-NN(6,6)-(lr=1.0e-5)-(86-params)",classic_NN_6-6,40
48.0,48,124852,CartPole-v1,"CP-ppo-ac-NN(6,6)-(lr=1.0e-5)-(86-params)",classic_NN_6-6,40
36.0,36,124884,CartPole-v1,"CP-ppo-ac-NN(6,6)-(lr=1.0e-5)-(86-params)",classic_NN_6-6,40
54.0,54,124912,CartPole-v1,"CP-ppo-ac-NN(6,6)-(lr=1.0e-5)-(86-params)",classic_NN_6-6,40
13.0,13,124936,CartPole-v1,"CP-ppo-ac-NN(6,6)-(lr=1.0e-5)-(86-params)",classic_NN_6-6,40
20.0,20,124992,CartPole-v1,"CP-ppo-ac-NN(6,6)-(lr=1.0e-5)-(86-params)",classic_NN_6-6,40
69.0,69,125040,CartPole-v1,"CP-ppo-ac-NN(6,6)-(lr=1.0e-5)-(86-params)",classic_NN_6-6,40
10.0,10,125080,CartPole-v1,"CP-ppo-ac-NN(6,6)-(lr=1.0e-5)-(86-params)",classic_NN_6-6,40
39.0,39,125092,CartPole-v1,"CP-ppo-ac-NN(6,6)-(lr=1.0e-5)-(86-params)",classic_NN_6-6,40
28.0,28,125104,CartPole-v1,"CP-ppo-ac-NN(6,6)-(lr=1.0e-5)-(86-params)",classic_NN_6-6,40
79.0,79,125168,CartPole-v1,"CP-ppo-ac-NN(6,6)-(lr=1.0e-5)-(86-params)",classic_NN_6-6,40
27.0,27,125188,CartPole-v1,"CP-ppo-ac-NN(6,6)-(lr=1.0e-5)-(86-params)",classic_NN_6-6,40
24.0,24,125200,CartPole-v1,"CP-ppo-ac-NN(6,6)-(lr=1.0e-5)-(86-params)",classic_NN_6-6,40
10.0,10,125240,CartPole-v1,"CP-ppo-ac-NN(6,6)-(lr=1.0e-5)-(86-params)",classic_NN_6-6,40
17.0,17,125308,CartPole-v1,"CP-ppo-ac-NN(6,6)-(lr=1.0e-5)-(86-params)",classic_NN_6-6,40
43.0,43,125340,CartPole-v1,"CP-ppo-ac-NN(6,6)-(lr=1.0e-5)-(86-params)",classic_NN_6-6,40
21.0,21,125392,CartPole-v1,"CP-ppo-ac-NN(6,6)-(lr=1.0e-5)-(86-params)",classic_NN_6-6,40
51.0,51,125392,CartPole-v1,"CP-ppo-ac-NN(6,6)-(lr=1.0e-5)-(86-params)",classic_NN_6-6,40
22.0,22,125428,CartPole-v1,"CP-ppo-ac-NN(6,6)-(lr=1.0e-5)-(86-params)",classic_NN_6-6,40
85.0,85,125432,CartPole-v1,"CP-ppo-ac-NN(6,6)-(lr=1.0e-5)-(86-params)",classic_NN_6-6,40
10.0,10,125432,CartPole-v1,"CP-ppo-ac-NN(6,6)-(lr=1.0e-5)-(86-params)",classic_NN_6-6,40
18.0,18,125464,CartPole-v1,"CP-ppo-ac-NN(6,6)-(lr=1.0e-5)-(86-params)",classic_NN_6-6,40
11.0,11,125476,CartPole-v1,"CP-ppo-ac-NN(6,6)-(lr=1.0e-5)-(86-params)",classic_NN_6-6,40
18.0,18,125500,CartPole-v1,"CP-ppo-ac-NN(6,6)-(lr=1.0e-5)-(86-params)",classic_NN_6-6,40
24.0,24,125528,CartPole-v1,"CP-ppo-ac-NN(6,6)-(lr=1.0e-5)-(86-params)",classic_NN_6-6,40
16.0,16,125540,CartPole-v1,"CP-ppo-ac-NN(6,6)-(lr=1.0e-5)-(86-params)",classic_NN_6-6,40
21.0,21,125548,CartPole-v1,"CP-ppo-ac-NN(6,6)-(lr=1.0e-5)-(86-params)",classic_NN_6-6,40
17.0,17,125596,CartPole-v1,"CP-ppo-ac-NN(6,6)-(lr=1.0e-5)-(86-params)",classic_NN_6-6,40
31.0,31,125624,CartPole-v1,"CP-ppo-ac-NN(6,6)-(lr=1.0e-5)-(86-params)",classic_NN_6-6,40
20.0,20,125628,CartPole-v1,"CP-ppo-ac-NN(6,6)-(lr=1.0e-5)-(86-params)",classic_NN_6-6,40
13.0,13,125648,CartPole-v1,"CP-ppo-ac-NN(6,6)-(lr=1.0e-5)-(86-params)",classic_NN_6-6,40
27.0,27,125648,CartPole-v1,"CP-ppo-ac-NN(6,6)-(lr=1.0e-5)-(86-params)",classic_NN_6-6,40
21.0,21,125712,CartPole-v1,"CP-ppo-ac-NN(6,6)-(lr=1.0e-5)-(86-params)",classic_NN_6-6,40
24.0,24,125744,CartPole-v1,"CP-ppo-ac-NN(6,6)-(lr=1.0e-5)-(86-params)",classic_NN_6-6,40
14.0,14,125768,CartPole-v1,"CP-ppo-ac-NN(6,6)-(lr=1.0e-5)-(86-params)",classic_NN_6-6,40
35.0,35,125788,CartPole-v1,"CP-ppo-ac-NN(6,6)-(lr=1.0e-5)-(86-params)",classic_NN_6-6,40
13.0,13,125820,CartPole-v1,"CP-ppo-ac-NN(6,6)-(lr=1.0e-5)-(86-params)",classic_NN_6-6,40
53.0,53,125836,CartPole-v1,"CP-ppo-ac-NN(6,6)-(lr=1.0e-5)-(86-params)",classic_NN_6-6,40
24.0,24,125840,CartPole-v1,"CP-ppo-ac-NN(6,6)-(lr=1.0e-5)-(86-params)",classic_NN_6-6,40
28.0,28,125900,CartPole-v1,"CP-ppo-ac-NN(6,6)-(lr=1.0e-5)-(86-params)",classic_NN_6-6,40
29.0,29,125952,CartPole-v1,"CP-ppo-ac-NN(6,6)-(lr=1.0e-5)-(86-params)",classic_NN_6-6,40
38.0,38,125992,CartPole-v1,"CP-ppo-ac-NN(6,6)-(lr=1.0e-5)-(86-params)",classic_NN_6-6,40
44.0,44,125996,CartPole-v1,"CP-ppo-ac-NN(6,6)-(lr=1.0e-5)-(86-params)",classic_NN_6-6,40
16.0,16,126016,CartPole-v1,"CP-ppo-ac-NN(6,6)-(lr=1.0e-5)-(86-params)",classic_NN_6-6,40
45.0,45,126080,CartPole-v1,"CP-ppo-ac-NN(6,6)-(lr=1.0e-5)-(86-params)",classic_NN_6-6,40
22.0,22,126084,CartPole-v1,"CP-ppo-ac-NN(6,6)-(lr=1.0e-5)-(86-params)",classic_NN_6-6,40
21.0,21,126100,CartPole-v1,"CP-ppo-ac-NN(6,6)-(lr=1.0e-5)-(86-params)",classic_NN_6-6,40
37.0,37,126140,CartPole-v1,"CP-ppo-ac-NN(6,6)-(lr=1.0e-5)-(86-params)",classic_NN_6-6,40
16.0,16,126148,CartPole-v1,"CP-ppo-ac-NN(6,6)-(lr=1.0e-5)-(86-params)",classic_NN_6-6,40
14.0,14,126204,CartPole-v1,"CP-ppo-ac-NN(6,6)-(lr=1.0e-5)-(86-params)",classic_NN_6-6,40
48.0,48,126272,CartPole-v1,"CP-ppo-ac-NN(6,6)-(lr=1.0e-5)-(86-params)",classic_NN_6-6,40
35.0,35,126280,CartPole-v1,"CP-ppo-ac-NN(6,6)-(lr=1.0e-5)-(86-params)",classic_NN_6-6,40
54.0,54,126316,CartPole-v1,"CP-ppo-ac-NN(6,6)-(lr=1.0e-5)-(86-params)",classic_NN_6-6,40
33.0,33,126336,CartPole-v1,"CP-ppo-ac-NN(6,6)-(lr=1.0e-5)-(86-params)",classic_NN_6-6,40
23.0,23,126372,CartPole-v1,"CP-ppo-ac-NN(6,6)-(lr=1.0e-5)-(86-params)",classic_NN_6-6,40
29.0,29,126388,CartPole-v1,"CP-ppo-ac-NN(6,6)-(lr=1.0e-5)-(86-params)",classic_NN_6-6,40
22.0,22,126404,CartPole-v1,"CP-ppo-ac-NN(6,6)-(lr=1.0e-5)-(86-params)",classic_NN_6-6,40
12.0,12,126436,CartPole-v1,"CP-ppo-ac-NN(6,6)-(lr=1.0e-5)-(86-params)",classic_NN_6-6,40
13.0,13,126456,CartPole-v1,"CP-ppo-ac-NN(6,6)-(lr=1.0e-5)-(86-params)",classic_NN_6-6,40
27.0,27,126480,CartPole-v1,"CP-ppo-ac-NN(6,6)-(lr=1.0e-5)-(86-params)",classic_NN_6-6,40
14.0,14,126492,CartPole-v1,"CP-ppo-ac-NN(6,6)-(lr=1.0e-5)-(86-params)",classic_NN_6-6,40
40.0,40,126496,CartPole-v1,"CP-ppo-ac-NN(6,6)-(lr=1.0e-5)-(86-params)",classic_NN_6-6,40
23.0,23,126548,CartPole-v1,"CP-ppo-ac-NN(6,6)-(lr=1.0e-5)-(86-params)",classic_NN_6-6,40
15.0,15,126552,CartPole-v1,"CP-ppo-ac-NN(6,6)-(lr=1.0e-5)-(86-params)",classic_NN_6-6,40
25.0,25,126580,CartPole-v1,"CP-ppo-ac-NN(6,6)-(lr=1.0e-5)-(86-params)",classic_NN_6-6,40
14.0,14,126604,CartPole-v1,"CP-ppo-ac-NN(6,6)-(lr=1.0e-5)-(86-params)",classic_NN_6-6,40
29.0,29,126612,CartPole-v1,"CP-ppo-ac-NN(6,6)-(lr=1.0e-5)-(86-params)",classic_NN_6-6,40
13.0,13,126632,CartPole-v1,"CP-ppo-ac-NN(6,6)-(lr=1.0e-5)-(86-params)",classic_NN_6-6,40
20.0,20,126632,CartPole-v1,"CP-ppo-ac-NN(6,6)-(lr=1.0e-5)-(86-params)",classic_NN_6-6,40
14.0,14,126668,CartPole-v1,"CP-ppo-ac-NN(6,6)-(lr=1.0e-5)-(86-params)",classic_NN_6-6,40
10.0,10,126672,CartPole-v1,"CP-ppo-ac-NN(6,6)-(lr=1.0e-5)-(86-params)",classic_NN_6-6,40
27.0,27,126712,CartPole-v1,"CP-ppo-ac-NN(6,6)-(lr=1.0e-5)-(86-params)",classic_NN_6-6,40
12.0,12,126716,CartPole-v1,"CP-ppo-ac-NN(6,6)-(lr=1.0e-5)-(86-params)",classic_NN_6-6,40
21.0,21,126716,CartPole-v1,"CP-ppo-ac-NN(6,6)-(lr=1.0e-5)-(86-params)",classic_NN_6-6,40
20.0,20,126752,CartPole-v1,"CP-ppo-ac-NN(6,6)-(lr=1.0e-5)-(86-params)",classic_NN_6-6,40
12.0,12,126764,CartPole-v1,"CP-ppo-ac-NN(6,6)-(lr=1.0e-5)-(86-params)",classic_NN_6-6,40
14.0,14,126820,CartPole-v1,"CP-ppo-ac-NN(6,6)-(lr=1.0e-5)-(86-params)",classic_NN_6-6,40
19.0,19,126828,CartPole-v1,"CP-ppo-ac-NN(6,6)-(lr=1.0e-5)-(86-params)",classic_NN_6-6,40
38.0,38,126864,CartPole-v1,"CP-ppo-ac-NN(6,6)-(lr=1.0e-5)-(86-params)",classic_NN_6-6,40
41.0,41,126880,CartPole-v1,"CP-ppo-ac-NN(6,6)-(lr=1.0e-5)-(86-params)",classic_NN_6-6,40
22.0,22,126908,CartPole-v1,"CP-ppo-ac-NN(6,6)-(lr=1.0e-5)-(86-params)",classic_NN_6-6,40
23.0,23,126920,CartPole-v1,"CP-ppo-ac-NN(6,6)-(lr=1.0e-5)-(86-params)",classic_NN_6-6,40
21.0,21,126964,CartPole-v1,"CP-ppo-ac-NN(6,6)-(lr=1.0e-5)-(86-params)",classic_NN_6-6,40
21.0,21,127004,CartPole-v1,"CP-ppo-ac-NN(6,6)-(lr=1.0e-5)-(86-params)",classic_NN_6-6,40
28.0,28,127020,CartPole-v1,"CP-ppo-ac-NN(6,6)-(lr=1.0e-5)-(86-params)",classic_NN_6-6,40
46.0,46,127048,CartPole-v1,"CP-ppo-ac-NN(6,6)-(lr=1.0e-5)-(86-params)",classic_NN_6-6,40
18.0,18,127076,CartPole-v1,"CP-ppo-ac-NN(6,6)-(lr=1.0e-5)-(86-params)",classic_NN_6-6,40
27.0,27,127128,CartPole-v1,"CP-ppo-ac-NN(6,6)-(lr=1.0e-5)-(86-params)",classic_NN_6-6,40
22.0,22,127136,CartPole-v1,"CP-ppo-ac-NN(6,6)-(lr=1.0e-5)-(86-params)",classic_NN_6-6,40
18.0,18,127148,CartPole-v1,"CP-ppo-ac-NN(6,6)-(lr=1.0e-5)-(86-params)",classic_NN_6-6,40
48.0,48,127156,CartPole-v1,"CP-ppo-ac-NN(6,6)-(lr=1.0e-5)-(86-params)",classic_NN_6-6,40
11.0,11,127172,CartPole-v1,"CP-ppo-ac-NN(6,6)-(lr=1.0e-5)-(86-params)",classic_NN_6-6,40
9.0,9,127184,CartPole-v1,"CP-ppo-ac-NN(6,6)-(lr=1.0e-5)-(86-params)",classic_NN_6-6,40
15.0,15,127232,CartPole-v1,"CP-ppo-ac-NN(6,6)-(lr=1.0e-5)-(86-params)",classic_NN_6-6,40
13.0,13,127236,CartPole-v1,"CP-ppo-ac-NN(6,6)-(lr=1.0e-5)-(86-params)",classic_NN_6-6,40
22.0,22,127244,CartPole-v1,"CP-ppo-ac-NN(6,6)-(lr=1.0e-5)-(86-params)",classic_NN_6-6,40
13.0,13,127288,CartPole-v1,"CP-ppo-ac-NN(6,6)-(lr=1.0e-5)-(86-params)",classic_NN_6-6,40
22.0,22,127320,CartPole-v1,"CP-ppo-ac-NN(6,6)-(lr=1.0e-5)-(86-params)",classic_NN_6-6,40
29.0,29,127360,CartPole-v1,"CP-ppo-ac-NN(6,6)-(lr=1.0e-5)-(86-params)",classic_NN_6-6,40
29.0,29,127404,CartPole-v1,"CP-ppo-ac-NN(6,6)-(lr=1.0e-5)-(86-params)",classic_NN_6-6,40
67.0,67,127404,CartPole-v1,"CP-ppo-ac-NN(6,6)-(lr=1.0e-5)-(86-params)",classic_NN_6-6,40
21.0,21,127488,CartPole-v1,"CP-ppo-ac-NN(6,6)-(lr=1.0e-5)-(86-params)",classic_NN_6-6,40
36.0,36,127504,CartPole-v1,"CP-ppo-ac-NN(6,6)-(lr=1.0e-5)-(86-params)",classic_NN_6-6,40
32.0,32,127532,CartPole-v1,"CP-ppo-ac-NN(6,6)-(lr=1.0e-5)-(86-params)",classic_NN_6-6,40
13.0,13,127540,CartPole-v1,"CP-ppo-ac-NN(6,6)-(lr=1.0e-5)-(86-params)",classic_NN_6-6,40
55.0,55,127540,CartPole-v1,"CP-ppo-ac-NN(6,6)-(lr=1.0e-5)-(86-params)",classic_NN_6-6,40
17.0,17,127572,CartPole-v1,"CP-ppo-ac-NN(6,6)-(lr=1.0e-5)-(86-params)",classic_NN_6-6,40
19.0,19,127616,CartPole-v1,"CP-ppo-ac-NN(6,6)-(lr=1.0e-5)-(86-params)",classic_NN_6-6,40
15.0,15,127632,CartPole-v1,"CP-ppo-ac-NN(6,6)-(lr=1.0e-5)-(86-params)",classic_NN_6-6,40
20.0,20,127696,CartPole-v1,"CP-ppo-ac-NN(6,6)-(lr=1.0e-5)-(86-params)",classic_NN_6-6,40
42.0,42,127708,CartPole-v1,"CP-ppo-ac-NN(6,6)-(lr=1.0e-5)-(86-params)",classic_NN_6-6,40
22.0,22,127720,CartPole-v1,"CP-ppo-ac-NN(6,6)-(lr=1.0e-5)-(86-params)",classic_NN_6-6,40
13.0,13,127760,CartPole-v1,"CP-ppo-ac-NN(6,6)-(lr=1.0e-5)-(86-params)",classic_NN_6-6,40
58.0,58,127764,CartPole-v1,"CP-ppo-ac-NN(6,6)-(lr=1.0e-5)-(86-params)",classic_NN_6-6,40
23.0,23,127788,CartPole-v1,"CP-ppo-ac-NN(6,6)-(lr=1.0e-5)-(86-params)",classic_NN_6-6,40
26.0,26,127824,CartPole-v1,"CP-ppo-ac-NN(6,6)-(lr=1.0e-5)-(86-params)",classic_NN_6-6,40
29.0,29,127876,CartPole-v1,"CP-ppo-ac-NN(6,6)-(lr=1.0e-5)-(86-params)",classic_NN_6-6,40
30.0,30,127884,CartPole-v1,"CP-ppo-ac-NN(6,6)-(lr=1.0e-5)-(86-params)",classic_NN_6-6,40
16.0,16,127940,CartPole-v1,"CP-ppo-ac-NN(6,6)-(lr=1.0e-5)-(86-params)",classic_NN_6-6,40
15.0,15,127944,CartPole-v1,"CP-ppo-ac-NN(6,6)-(lr=1.0e-5)-(86-params)",classic_NN_6-6,40
52.0,52,127996,CartPole-v1,"CP-ppo-ac-NN(6,6)-(lr=1.0e-5)-(86-params)",classic_NN_6-6,40
17.0,17,128012,CartPole-v1,"CP-ppo-ac-NN(6,6)-(lr=1.0e-5)-(86-params)",classic_NN_6-6,40
21.0,21,128024,CartPole-v1,"CP-ppo-ac-NN(6,6)-(lr=1.0e-5)-(86-params)",classic_NN_6-6,40
54.0,54,128040,CartPole-v1,"CP-ppo-ac-NN(6,6)-(lr=1.0e-5)-(86-params)",classic_NN_6-6,40
14.0,14,128068,CartPole-v1,"CP-ppo-ac-NN(6,6)-(lr=1.0e-5)-(86-params)",classic_NN_6-6,40
20.0,20,128076,CartPole-v1,"CP-ppo-ac-NN(6,6)-(lr=1.0e-5)-(86-params)",classic_NN_6-6,40
21.0,21,128108,CartPole-v1,"CP-ppo-ac-NN(6,6)-(lr=1.0e-5)-(86-params)",classic_NN_6-6,40
21.0,21,128152,CartPole-v1,"CP-ppo-ac-NN(6,6)-(lr=1.0e-5)-(86-params)",classic_NN_6-6,40
30.0,30,128160,CartPole-v1,"CP-ppo-ac-NN(6,6)-(lr=1.0e-5)-(86-params)",classic_NN_6-6,40
43.0,43,128248,CartPole-v1,"CP-ppo-ac-NN(6,6)-(lr=1.0e-5)-(86-params)",classic_NN_6-6,40
35.0,35,128248,CartPole-v1,"CP-ppo-ac-NN(6,6)-(lr=1.0e-5)-(86-params)",classic_NN_6-6,40
34.0,34,128288,CartPole-v1,"CP-ppo-ac-NN(6,6)-(lr=1.0e-5)-(86-params)",classic_NN_6-6,40
13.0,13,128300,CartPole-v1,"CP-ppo-ac-NN(6,6)-(lr=1.0e-5)-(86-params)",classic_NN_6-6,40
41.0,41,128324,CartPole-v1,"CP-ppo-ac-NN(6,6)-(lr=1.0e-5)-(86-params)",classic_NN_6-6,40
20.0,20,128328,CartPole-v1,"CP-ppo-ac-NN(6,6)-(lr=1.0e-5)-(86-params)",classic_NN_6-6,40
11.0,11,128368,CartPole-v1,"CP-ppo-ac-NN(6,6)-(lr=1.0e-5)-(86-params)",classic_NN_6-6,40
20.0,20,128368,CartPole-v1,"CP-ppo-ac-NN(6,6)-(lr=1.0e-5)-(86-params)",classic_NN_6-6,40
11.0,11,128372,CartPole-v1,"CP-ppo-ac-NN(6,6)-(lr=1.0e-5)-(86-params)",classic_NN_6-6,40
19.0,19,128376,CartPole-v1,"CP-ppo-ac-NN(6,6)-(lr=1.0e-5)-(86-params)",classic_NN_6-6,40
12.0,12,128416,CartPole-v1,"CP-ppo-ac-NN(6,6)-(lr=1.0e-5)-(86-params)",classic_NN_6-6,40
28.0,28,128484,CartPole-v1,"CP-ppo-ac-NN(6,6)-(lr=1.0e-5)-(86-params)",classic_NN_6-6,40
30.0,30,128496,CartPole-v1,"CP-ppo-ac-NN(6,6)-(lr=1.0e-5)-(86-params)",classic_NN_6-6,40
32.0,32,128496,CartPole-v1,"CP-ppo-ac-NN(6,6)-(lr=1.0e-5)-(86-params)",classic_NN_6-6,40
11.0,11,128540,CartPole-v1,"CP-ppo-ac-NN(6,6)-(lr=1.0e-5)-(86-params)",classic_NN_6-6,40
47.0,47,128604,CartPole-v1,"CP-ppo-ac-NN(6,6)-(lr=1.0e-5)-(86-params)",classic_NN_6-6,40
23.0,23,128632,CartPole-v1,"CP-ppo-ac-NN(6,6)-(lr=1.0e-5)-(86-params)",classic_NN_6-6,40
44.0,44,128660,CartPole-v1,"CP-ppo-ac-NN(6,6)-(lr=1.0e-5)-(86-params)",classic_NN_6-6,40
17.0,17,128672,CartPole-v1,"CP-ppo-ac-NN(6,6)-(lr=1.0e-5)-(86-params)",classic_NN_6-6,40
45.0,45,128676,CartPole-v1,"CP-ppo-ac-NN(6,6)-(lr=1.0e-5)-(86-params)",classic_NN_6-6,40
21.0,21,128716,CartPole-v1,"CP-ppo-ac-NN(6,6)-(lr=1.0e-5)-(86-params)",classic_NN_6-6,40
12.0,12,128720,CartPole-v1,"CP-ppo-ac-NN(6,6)-(lr=1.0e-5)-(86-params)",classic_NN_6-6,40
18.0,18,128732,CartPole-v1,"CP-ppo-ac-NN(6,6)-(lr=1.0e-5)-(86-params)",classic_NN_6-6,40
21.0,21,128760,CartPole-v1,"CP-ppo-ac-NN(6,6)-(lr=1.0e-5)-(86-params)",classic_NN_6-6,40
20.0,20,128800,CartPole-v1,"CP-ppo-ac-NN(6,6)-(lr=1.0e-5)-(86-params)",classic_NN_6-6,40
19.0,19,128808,CartPole-v1,"CP-ppo-ac-NN(6,6)-(lr=1.0e-5)-(86-params)",classic_NN_6-6,40
12.0,12,128848,CartPole-v1,"CP-ppo-ac-NN(6,6)-(lr=1.0e-5)-(86-params)",classic_NN_6-6,40
23.0,23,128852,CartPole-v1,"CP-ppo-ac-NN(6,6)-(lr=1.0e-5)-(86-params)",classic_NN_6-6,40
16.0,16,128872,CartPole-v1,"CP-ppo-ac-NN(6,6)-(lr=1.0e-5)-(86-params)",classic_NN_6-6,40
42.0,42,128884,CartPole-v1,"CP-ppo-ac-NN(6,6)-(lr=1.0e-5)-(86-params)",classic_NN_6-6,40
16.0,16,128912,CartPole-v1,"CP-ppo-ac-NN(6,6)-(lr=1.0e-5)-(86-params)",classic_NN_6-6,40
24.0,24,128948,CartPole-v1,"CP-ppo-ac-NN(6,6)-(lr=1.0e-5)-(86-params)",classic_NN_6-6,40
22.0,22,129000,CartPole-v1,"CP-ppo-ac-NN(6,6)-(lr=1.0e-5)-(86-params)",classic_NN_6-6,40
19.0,19,129024,CartPole-v1,"CP-ppo-ac-NN(6,6)-(lr=1.0e-5)-(86-params)",classic_NN_6-6,40
41.0,41,129036,CartPole-v1,"CP-ppo-ac-NN(6,6)-(lr=1.0e-5)-(86-params)",classic_NN_6-6,40
47.0,47,129072,CartPole-v1,"CP-ppo-ac-NN(6,6)-(lr=1.0e-5)-(86-params)",classic_NN_6-6,40
28.0,28,129112,CartPole-v1,"CP-ppo-ac-NN(6,6)-(lr=1.0e-5)-(86-params)",classic_NN_6-6,40
31.0,31,129148,CartPole-v1,"CP-ppo-ac-NN(6,6)-(lr=1.0e-5)-(86-params)",classic_NN_6-6,40
18.0,18,129184,CartPole-v1,"CP-ppo-ac-NN(6,6)-(lr=1.0e-5)-(86-params)",classic_NN_6-6,40
41.0,41,129200,CartPole-v1,"CP-ppo-ac-NN(6,6)-(lr=1.0e-5)-(86-params)",classic_NN_6-6,40
22.0,22,129236,CartPole-v1,"CP-ppo-ac-NN(6,6)-(lr=1.0e-5)-(86-params)",classic_NN_6-6,40
47.0,47,129260,CartPole-v1,"CP-ppo-ac-NN(6,6)-(lr=1.0e-5)-(86-params)",classic_NN_6-6,40
21.0,21,129268,CartPole-v1,"CP-ppo-ac-NN(6,6)-(lr=1.0e-5)-(86-params)",classic_NN_6-6,40
24.0,24,129296,CartPole-v1,"CP-ppo-ac-NN(6,6)-(lr=1.0e-5)-(86-params)",classic_NN_6-6,40
18.0,18,129308,CartPole-v1,"CP-ppo-ac-NN(6,6)-(lr=1.0e-5)-(86-params)",classic_NN_6-6,40
16.0,16,129332,CartPole-v1,"CP-ppo-ac-NN(6,6)-(lr=1.0e-5)-(86-params)",classic_NN_6-6,40
15.0,15,129356,CartPole-v1,"CP-ppo-ac-NN(6,6)-(lr=1.0e-5)-(86-params)",classic_NN_6-6,40
21.0,21,129392,CartPole-v1,"CP-ppo-ac-NN(6,6)-(lr=1.0e-5)-(86-params)",classic_NN_6-6,40
34.0,34,129396,CartPole-v1,"CP-ppo-ac-NN(6,6)-(lr=1.0e-5)-(86-params)",classic_NN_6-6,40
27.0,27,129440,CartPole-v1,"CP-ppo-ac-NN(6,6)-(lr=1.0e-5)-(86-params)",classic_NN_6-6,40
22.0,22,129444,CartPole-v1,"CP-ppo-ac-NN(6,6)-(lr=1.0e-5)-(86-params)",classic_NN_6-6,40
13.0,13,129448,CartPole-v1,"CP-ppo-ac-NN(6,6)-(lr=1.0e-5)-(86-params)",classic_NN_6-6,40
27.0,27,129500,CartPole-v1,"CP-ppo-ac-NN(6,6)-(lr=1.0e-5)-(86-params)",classic_NN_6-6,40
25.0,25,129548,CartPole-v1,"CP-ppo-ac-NN(6,6)-(lr=1.0e-5)-(86-params)",classic_NN_6-6,40
27.0,27,129552,CartPole-v1,"CP-ppo-ac-NN(6,6)-(lr=1.0e-5)-(86-params)",classic_NN_6-6,40
15.0,15,129560,CartPole-v1,"CP-ppo-ac-NN(6,6)-(lr=1.0e-5)-(86-params)",classic_NN_6-6,40
35.0,35,129580,CartPole-v1,"CP-ppo-ac-NN(6,6)-(lr=1.0e-5)-(86-params)",classic_NN_6-6,40
12.0,12,129608,CartPole-v1,"CP-ppo-ac-NN(6,6)-(lr=1.0e-5)-(86-params)",classic_NN_6-6,40
12.0,12,129628,CartPole-v1,"CP-ppo-ac-NN(6,6)-(lr=1.0e-5)-(86-params)",classic_NN_6-6,40
18.0,18,129680,CartPole-v1,"CP-ppo-ac-NN(6,6)-(lr=1.0e-5)-(86-params)",classic_NN_6-6,40
40.0,40,129712,CartPole-v1,"CP-ppo-ac-NN(6,6)-(lr=1.0e-5)-(86-params)",classic_NN_6-6,40
31.0,31,129752,CartPole-v1,"CP-ppo-ac-NN(6,6)-(lr=1.0e-5)-(86-params)",classic_NN_6-6,40
62.0,62,129796,CartPole-v1,"CP-ppo-ac-NN(6,6)-(lr=1.0e-5)-(86-params)",classic_NN_6-6,40
23.0,23,129804,CartPole-v1,"CP-ppo-ac-NN(6,6)-(lr=1.0e-5)-(86-params)",classic_NN_6-6,40
19.0,19,129828,CartPole-v1,"CP-ppo-ac-NN(6,6)-(lr=1.0e-5)-(86-params)",classic_NN_6-6,40
21.0,21,129880,CartPole-v1,"CP-ppo-ac-NN(6,6)-(lr=1.0e-5)-(86-params)",classic_NN_6-6,40
55.0,55,129900,CartPole-v1,"CP-ppo-ac-NN(6,6)-(lr=1.0e-5)-(86-params)",classic_NN_6-6,40
19.0,19,129904,CartPole-v1,"CP-ppo-ac-NN(6,6)-(lr=1.0e-5)-(86-params)",classic_NN_6-6,40
11.0,11,129948,CartPole-v1,"CP-ppo-ac-NN(6,6)-(lr=1.0e-5)-(86-params)",classic_NN_6-6,40
29.0,29,129996,CartPole-v1,"CP-ppo-ac-NN(6,6)-(lr=1.0e-5)-(86-params)",classic_NN_6-6,40
32.0,32,130028,CartPole-v1,"CP-ppo-ac-NN(6,6)-(lr=1.0e-5)-(86-params)",classic_NN_6-6,40
28.0,28,130060,CartPole-v1,"CP-ppo-ac-NN(6,6)-(lr=1.0e-5)-(86-params)",classic_NN_6-6,40
64.0,64,130060,CartPole-v1,"CP-ppo-ac-NN(6,6)-(lr=1.0e-5)-(86-params)",classic_NN_6-6,40
10.0,10,130100,CartPole-v1,"CP-ppo-ac-NN(6,6)-(lr=1.0e-5)-(86-params)",classic_NN_6-6,40
20.0,20,130108,CartPole-v1,"CP-ppo-ac-NN(6,6)-(lr=1.0e-5)-(86-params)",classic_NN_6-6,40
15.0,15,130120,CartPole-v1,"CP-ppo-ac-NN(6,6)-(lr=1.0e-5)-(86-params)",classic_NN_6-6,40
35.0,35,130136,CartPole-v1,"CP-ppo-ac-NN(6,6)-(lr=1.0e-5)-(86-params)",classic_NN_6-6,40
12.0,12,130148,CartPole-v1,"CP-ppo-ac-NN(6,6)-(lr=1.0e-5)-(86-params)",classic_NN_6-6,40
20.0,20,130200,CartPole-v1,"CP-ppo-ac-NN(6,6)-(lr=1.0e-5)-(86-params)",classic_NN_6-6,40
24.0,24,130204,CartPole-v1,"CP-ppo-ac-NN(6,6)-(lr=1.0e-5)-(86-params)",classic_NN_6-6,40
18.0,18,130220,CartPole-v1,"CP-ppo-ac-NN(6,6)-(lr=1.0e-5)-(86-params)",classic_NN_6-6,40
21.0,21,130220,CartPole-v1,"CP-ppo-ac-NN(6,6)-(lr=1.0e-5)-(86-params)",classic_NN_6-6,40
22.0,22,130288,CartPole-v1,"CP-ppo-ac-NN(6,6)-(lr=1.0e-5)-(86-params)",classic_NN_6-6,40
20.0,20,130300,CartPole-v1,"CP-ppo-ac-NN(6,6)-(lr=1.0e-5)-(86-params)",classic_NN_6-6,40
26.0,26,130308,CartPole-v1,"CP-ppo-ac-NN(6,6)-(lr=1.0e-5)-(86-params)",classic_NN_6-6,40
23.0,23,130312,CartPole-v1,"CP-ppo-ac-NN(6,6)-(lr=1.0e-5)-(86-params)",classic_NN_6-6,40
11.0,11,130352,CartPole-v1,"CP-ppo-ac-NN(6,6)-(lr=1.0e-5)-(86-params)",classic_NN_6-6,40
22.0,22,130376,CartPole-v1,"CP-ppo-ac-NN(6,6)-(lr=1.0e-5)-(86-params)",classic_NN_6-6,40
21.0,21,130384,CartPole-v1,"CP-ppo-ac-NN(6,6)-(lr=1.0e-5)-(86-params)",classic_NN_6-6,40
13.0,13,130404,CartPole-v1,"CP-ppo-ac-NN(6,6)-(lr=1.0e-5)-(86-params)",classic_NN_6-6,40
13.0,13,130436,CartPole-v1,"CP-ppo-ac-NN(6,6)-(lr=1.0e-5)-(86-params)",classic_NN_6-6,40
32.0,32,130440,CartPole-v1,"CP-ppo-ac-NN(6,6)-(lr=1.0e-5)-(86-params)",classic_NN_6-6,40
14.0,14,130460,CartPole-v1,"CP-ppo-ac-NN(6,6)-(lr=1.0e-5)-(86-params)",classic_NN_6-6,40
22.0,22,130464,CartPole-v1,"CP-ppo-ac-NN(6,6)-(lr=1.0e-5)-(86-params)",classic_NN_6-6,40
11.0,11,130480,CartPole-v1,"CP-ppo-ac-NN(6,6)-(lr=1.0e-5)-(86-params)",classic_NN_6-6,40
16.0,16,130504,CartPole-v1,"CP-ppo-ac-NN(6,6)-(lr=1.0e-5)-(86-params)",classic_NN_6-6,40
17.0,17,130528,CartPole-v1,"CP-ppo-ac-NN(6,6)-(lr=1.0e-5)-(86-params)",classic_NN_6-6,40
22.0,22,130592,CartPole-v1,"CP-ppo-ac-NN(6,6)-(lr=1.0e-5)-(86-params)",classic_NN_6-6,40
35.0,35,130604,CartPole-v1,"CP-ppo-ac-NN(6,6)-(lr=1.0e-5)-(86-params)",classic_NN_6-6,40
19.0,19,130604,CartPole-v1,"CP-ppo-ac-NN(6,6)-(lr=1.0e-5)-(86-params)",classic_NN_6-6,40
28.0,28,130704,CartPole-v1,"CP-ppo-ac-NN(6,6)-(lr=1.0e-5)-(86-params)",classic_NN_6-6,40
25.0,25,130704,CartPole-v1,"CP-ppo-ac-NN(6,6)-(lr=1.0e-5)-(86-params)",classic_NN_6-6,40
28.0,28,130716,CartPole-v1,"CP-ppo-ac-NN(6,6)-(lr=1.0e-5)-(86-params)",classic_NN_6-6,40
15.0,15,130764,CartPole-v1,"CP-ppo-ac-NN(6,6)-(lr=1.0e-5)-(86-params)",classic_NN_6-6,40
71.0,71,130764,CartPole-v1,"CP-ppo-ac-NN(6,6)-(lr=1.0e-5)-(86-params)",classic_NN_6-6,40
19.0,19,130780,CartPole-v1,"CP-ppo-ac-NN(6,6)-(lr=1.0e-5)-(86-params)",classic_NN_6-6,40
13.0,13,130816,CartPole-v1,"CP-ppo-ac-NN(6,6)-(lr=1.0e-5)-(86-params)",classic_NN_6-6,40
14.0,14,130820,CartPole-v1,"CP-ppo-ac-NN(6,6)-(lr=1.0e-5)-(86-params)",classic_NN_6-6,40
30.0,30,130836,CartPole-v1,"CP-ppo-ac-NN(6,6)-(lr=1.0e-5)-(86-params)",classic_NN_6-6,40
13.0,13,130868,CartPole-v1,"CP-ppo-ac-NN(6,6)-(lr=1.0e-5)-(86-params)",classic_NN_6-6,40
30.0,30,130900,CartPole-v1,"CP-ppo-ac-NN(6,6)-(lr=1.0e-5)-(86-params)",classic_NN_6-6,40
25.0,25,130936,CartPole-v1,"CP-ppo-ac-NN(6,6)-(lr=1.0e-5)-(86-params)",classic_NN_6-6,40
18.0,18,130940,CartPole-v1,"CP-ppo-ac-NN(6,6)-(lr=1.0e-5)-(86-params)",classic_NN_6-6,40
25.0,25,131000,CartPole-v1,"CP-ppo-ac-NN(6,6)-(lr=1.0e-5)-(86-params)",classic_NN_6-6,40
54.0,54,131036,CartPole-v1,"CP-ppo-ac-NN(6,6)-(lr=1.0e-5)-(86-params)",classic_NN_6-6,40
26.0,26,131044,CartPole-v1,"CP-ppo-ac-NN(6,6)-(lr=1.0e-5)-(86-params)",classic_NN_6-6,40
15.0,15,131104,CartPole-v1,"CP-ppo-ac-NN(6,6)-(lr=1.0e-5)-(86-params)",classic_NN_6-6,40
48.0,48,131128,CartPole-v1,"CP-ppo-ac-NN(6,6)-(lr=1.0e-5)-(86-params)",classic_NN_6-6,40
40.0,40,131160,CartPole-v1,"CP-ppo-ac-NN(6,6)-(lr=1.0e-5)-(86-params)",classic_NN_6-6,40
13.0,13,131180,CartPole-v1,"CP-ppo-ac-NN(6,6)-(lr=1.0e-5)-(86-params)",classic_NN_6-6,40
27.0,27,131212,CartPole-v1,"CP-ppo-ac-NN(6,6)-(lr=1.0e-5)-(86-params)",classic_NN_6-6,40
48.0,48,131228,CartPole-v1,"CP-ppo-ac-NN(6,6)-(lr=1.0e-5)-(86-params)",classic_NN_6-6,40
10.0,10,131252,CartPole-v1,"CP-ppo-ac-NN(6,6)-(lr=1.0e-5)-(86-params)",classic_NN_6-6,40
25.0,25,131280,CartPole-v1,"CP-ppo-ac-NN(6,6)-(lr=1.0e-5)-(86-params)",classic_NN_6-6,40
43.0,43,131332,CartPole-v1,"CP-ppo-ac-NN(6,6)-(lr=1.0e-5)-(86-params)",classic_NN_6-6,40
18.0,18,131352,CartPole-v1,"CP-ppo-ac-NN(6,6)-(lr=1.0e-5)-(86-params)",classic_NN_6-6,40
26.0,26,131356,CartPole-v1,"CP-ppo-ac-NN(6,6)-(lr=1.0e-5)-(86-params)",classic_NN_6-6,40
34.0,34,131364,CartPole-v1,"CP-ppo-ac-NN(6,6)-(lr=1.0e-5)-(86-params)",classic_NN_6-6,40
12.0,12,131412,CartPole-v1,"CP-ppo-ac-NN(6,6)-(lr=1.0e-5)-(86-params)",classic_NN_6-6,40
17.0,17,131424,CartPole-v1,"CP-ppo-ac-NN(6,6)-(lr=1.0e-5)-(86-params)",classic_NN_6-6,40
39.0,39,131488,CartPole-v1,"CP-ppo-ac-NN(6,6)-(lr=1.0e-5)-(86-params)",classic_NN_6-6,40
36.0,36,131496,CartPole-v1,"CP-ppo-ac-NN(6,6)-(lr=1.0e-5)-(86-params)",classic_NN_6-6,40
30.0,30,131544,CartPole-v1,"CP-ppo-ac-NN(6,6)-(lr=1.0e-5)-(86-params)",classic_NN_6-6,40
13.0,13,131548,CartPole-v1,"CP-ppo-ac-NN(6,6)-(lr=1.0e-5)-(86-params)",classic_NN_6-6,40
28.0,28,131600,CartPole-v1,"CP-ppo-ac-NN(6,6)-(lr=1.0e-5)-(86-params)",classic_NN_6-6,40
22.0,22,131636,CartPole-v1,"CP-ppo-ac-NN(6,6)-(lr=1.0e-5)-(86-params)",classic_NN_6-6,40
36.0,36,131688,CartPole-v1,"CP-ppo-ac-NN(6,6)-(lr=1.0e-5)-(86-params)",classic_NN_6-6,40
70.0,70,131692,CartPole-v1,"CP-ppo-ac-NN(6,6)-(lr=1.0e-5)-(86-params)",classic_NN_6-6,40
29.0,29,131716,CartPole-v1,"CP-ppo-ac-NN(6,6)-(lr=1.0e-5)-(86-params)",classic_NN_6-6,40
27.0,27,131744,CartPole-v1,"CP-ppo-ac-NN(6,6)-(lr=1.0e-5)-(86-params)",classic_NN_6-6,40
18.0,18,131760,CartPole-v1,"CP-ppo-ac-NN(6,6)-(lr=1.0e-5)-(86-params)",classic_NN_6-6,40
14.0,14,131772,CartPole-v1,"CP-ppo-ac-NN(6,6)-(lr=1.0e-5)-(86-params)",classic_NN_6-6,40
20.0,20,131840,CartPole-v1,"CP-ppo-ac-NN(6,6)-(lr=1.0e-5)-(86-params)",classic_NN_6-6,40
25.0,25,131844,CartPole-v1,"CP-ppo-ac-NN(6,6)-(lr=1.0e-5)-(86-params)",classic_NN_6-6,40
11.0,11,131888,CartPole-v1,"CP-ppo-ac-NN(6,6)-(lr=1.0e-5)-(86-params)",classic_NN_6-6,40
19.0,19,131916,CartPole-v1,"CP-ppo-ac-NN(6,6)-(lr=1.0e-5)-(86-params)",classic_NN_6-6,40
59.0,59,131928,CartPole-v1,"CP-ppo-ac-NN(6,6)-(lr=1.0e-5)-(86-params)",classic_NN_6-6,40
39.0,39,131928,CartPole-v1,"CP-ppo-ac-NN(6,6)-(lr=1.0e-5)-(86-params)",classic_NN_6-6,40
11.0,11,131972,CartPole-v1,"CP-ppo-ac-NN(6,6)-(lr=1.0e-5)-(86-params)",classic_NN_6-6,40
28.0,28,132000,CartPole-v1,"CP-ppo-ac-NN(6,6)-(lr=1.0e-5)-(86-params)",classic_NN_6-6,40
21.0,21,132012,CartPole-v1,"CP-ppo-ac-NN(6,6)-(lr=1.0e-5)-(86-params)",classic_NN_6-6,40
33.0,33,132048,CartPole-v1,"CP-ppo-ac-NN(6,6)-(lr=1.0e-5)-(86-params)",classic_NN_6-6,40
23.0,23,132092,CartPole-v1,"CP-ppo-ac-NN(6,6)-(lr=1.0e-5)-(86-params)",classic_NN_6-6,40
23.0,23,132104,CartPole-v1,"CP-ppo-ac-NN(6,6)-(lr=1.0e-5)-(86-params)",classic_NN_6-6,40
19.0,19,132124,CartPole-v1,"CP-ppo-ac-NN(6,6)-(lr=1.0e-5)-(86-params)",classic_NN_6-6,40
14.0,14,132180,CartPole-v1,"CP-ppo-ac-NN(6,6)-(lr=1.0e-5)-(86-params)",classic_NN_6-6,40
24.0,24,132188,CartPole-v1,"CP-ppo-ac-NN(6,6)-(lr=1.0e-5)-(86-params)",classic_NN_6-6,40
63.0,63,132224,CartPole-v1,"CP-ppo-ac-NN(6,6)-(lr=1.0e-5)-(86-params)",classic_NN_6-6,40
14.0,14,132244,CartPole-v1,"CP-ppo-ac-NN(6,6)-(lr=1.0e-5)-(86-params)",classic_NN_6-6,40
39.0,39,132260,CartPole-v1,"CP-ppo-ac-NN(6,6)-(lr=1.0e-5)-(86-params)",classic_NN_6-6,40
19.0,19,132300,CartPole-v1,"CP-ppo-ac-NN(6,6)-(lr=1.0e-5)-(86-params)",classic_NN_6-6,40
16.0,16,132308,CartPole-v1,"CP-ppo-ac-NN(6,6)-(lr=1.0e-5)-(86-params)",classic_NN_6-6,40
21.0,21,132344,CartPole-v1,"CP-ppo-ac-NN(6,6)-(lr=1.0e-5)-(86-params)",classic_NN_6-6,40
13.0,13,132360,CartPole-v1,"CP-ppo-ac-NN(6,6)-(lr=1.0e-5)-(86-params)",classic_NN_6-6,40
26.0,26,132404,CartPole-v1,"CP-ppo-ac-NN(6,6)-(lr=1.0e-5)-(86-params)",classic_NN_6-6,40
17.0,17,132428,CartPole-v1,"CP-ppo-ac-NN(6,6)-(lr=1.0e-5)-(86-params)",classic_NN_6-6,40
70.0,70,132460,CartPole-v1,"CP-ppo-ac-NN(6,6)-(lr=1.0e-5)-(86-params)",classic_NN_6-6,40
15.0,15,132488,CartPole-v1,"CP-ppo-ac-NN(6,6)-(lr=1.0e-5)-(86-params)",classic_NN_6-6,40
30.0,30,132524,CartPole-v1,"CP-ppo-ac-NN(6,6)-(lr=1.0e-5)-(86-params)",classic_NN_6-6,40
64.0,64,132600,CartPole-v1,"CP-ppo-ac-NN(6,6)-(lr=1.0e-5)-(86-params)",classic_NN_6-6,40
29.0,29,132604,CartPole-v1,"CP-ppo-ac-NN(6,6)-(lr=1.0e-5)-(86-params)",classic_NN_6-6,40
26.0,26,132628,CartPole-v1,"CP-ppo-ac-NN(6,6)-(lr=1.0e-5)-(86-params)",classic_NN_6-6,40
11.0,11,132648,CartPole-v1,"CP-ppo-ac-NN(6,6)-(lr=1.0e-5)-(86-params)",classic_NN_6-6,40
22.0,22,132688,CartPole-v1,"CP-ppo-ac-NN(6,6)-(lr=1.0e-5)-(86-params)",classic_NN_6-6,40
19.0,19,132724,CartPole-v1,"CP-ppo-ac-NN(6,6)-(lr=1.0e-5)-(86-params)",classic_NN_6-6,40
20.0,20,132768,CartPole-v1,"CP-ppo-ac-NN(6,6)-(lr=1.0e-5)-(86-params)",classic_NN_6-6,40
12.0,12,132772,CartPole-v1,"CP-ppo-ac-NN(6,6)-(lr=1.0e-5)-(86-params)",classic_NN_6-6,40
51.0,51,132832,CartPole-v1,"CP-ppo-ac-NN(6,6)-(lr=1.0e-5)-(86-params)",classic_NN_6-6,40
18.0,18,132844,CartPole-v1,"CP-ppo-ac-NN(6,6)-(lr=1.0e-5)-(86-params)",classic_NN_6-6,40
99.0,99,132856,CartPole-v1,"CP-ppo-ac-NN(6,6)-(lr=1.0e-5)-(86-params)",classic_NN_6-6,40
26.0,26,132872,CartPole-v1,"CP-ppo-ac-NN(6,6)-(lr=1.0e-5)-(86-params)",classic_NN_6-6,40
16.0,16,132896,CartPole-v1,"CP-ppo-ac-NN(6,6)-(lr=1.0e-5)-(86-params)",classic_NN_6-6,40
14.0,14,132928,CartPole-v1,"CP-ppo-ac-NN(6,6)-(lr=1.0e-5)-(86-params)",classic_NN_6-6,40
27.0,27,132952,CartPole-v1,"CP-ppo-ac-NN(6,6)-(lr=1.0e-5)-(86-params)",classic_NN_6-6,40
29.0,29,132972,CartPole-v1,"CP-ppo-ac-NN(6,6)-(lr=1.0e-5)-(86-params)",classic_NN_6-6,40
25.0,25,133028,CartPole-v1,"CP-ppo-ac-NN(6,6)-(lr=1.0e-5)-(86-params)",classic_NN_6-6,40
28.0,28,133064,CartPole-v1,"CP-ppo-ac-NN(6,6)-(lr=1.0e-5)-(86-params)",classic_NN_6-6,40
24.0,24,133068,CartPole-v1,"CP-ppo-ac-NN(6,6)-(lr=1.0e-5)-(86-params)",classic_NN_6-6,40
52.0,52,133104,CartPole-v1,"CP-ppo-ac-NN(6,6)-(lr=1.0e-5)-(86-params)",classic_NN_6-6,40
30.0,30,133148,CartPole-v1,"CP-ppo-ac-NN(6,6)-(lr=1.0e-5)-(86-params)",classic_NN_6-6,40
24.0,24,133160,CartPole-v1,"CP-ppo-ac-NN(6,6)-(lr=1.0e-5)-(86-params)",classic_NN_6-6,40
27.0,27,133176,CartPole-v1,"CP-ppo-ac-NN(6,6)-(lr=1.0e-5)-(86-params)",classic_NN_6-6,40
22.0,22,133192,CartPole-v1,"CP-ppo-ac-NN(6,6)-(lr=1.0e-5)-(86-params)",classic_NN_6-6,40
16.0,16,133212,CartPole-v1,"CP-ppo-ac-NN(6,6)-(lr=1.0e-5)-(86-params)",classic_NN_6-6,40
16.0,16,133240,CartPole-v1,"CP-ppo-ac-NN(6,6)-(lr=1.0e-5)-(86-params)",classic_NN_6-6,40
33.0,33,133292,CartPole-v1,"CP-ppo-ac-NN(6,6)-(lr=1.0e-5)-(86-params)",classic_NN_6-6,40
16.0,16,133304,CartPole-v1,"CP-ppo-ac-NN(6,6)-(lr=1.0e-5)-(86-params)",classic_NN_6-6,40
30.0,30,133312,CartPole-v1,"CP-ppo-ac-NN(6,6)-(lr=1.0e-5)-(86-params)",classic_NN_6-6,40
31.0,31,133336,CartPole-v1,"CP-ppo-ac-NN(6,6)-(lr=1.0e-5)-(86-params)",classic_NN_6-6,40
10.0,10,133352,CartPole-v1,"CP-ppo-ac-NN(6,6)-(lr=1.0e-5)-(86-params)",classic_NN_6-6,40
25.0,25,133404,CartPole-v1,"CP-ppo-ac-NN(6,6)-(lr=1.0e-5)-(86-params)",classic_NN_6-6,40
18.0,18,133408,CartPole-v1,"CP-ppo-ac-NN(6,6)-(lr=1.0e-5)-(86-params)",classic_NN_6-6,40
13.0,13,133456,CartPole-v1,"CP-ppo-ac-NN(6,6)-(lr=1.0e-5)-(86-params)",classic_NN_6-6,40
43.0,43,133464,CartPole-v1,"CP-ppo-ac-NN(6,6)-(lr=1.0e-5)-(86-params)",classic_NN_6-6,40
40.0,40,133512,CartPole-v1,"CP-ppo-ac-NN(6,6)-(lr=1.0e-5)-(86-params)",classic_NN_6-6,40
11.0,11,133556,CartPole-v1,"CP-ppo-ac-NN(6,6)-(lr=1.0e-5)-(86-params)",classic_NN_6-6,40
40.0,40,133568,CartPole-v1,"CP-ppo-ac-NN(6,6)-(lr=1.0e-5)-(86-params)",classic_NN_6-6,40
29.0,29,133580,CartPole-v1,"CP-ppo-ac-NN(6,6)-(lr=1.0e-5)-(86-params)",classic_NN_6-6,40
36.0,36,133600,CartPole-v1,"CP-ppo-ac-NN(6,6)-(lr=1.0e-5)-(86-params)",classic_NN_6-6,40
17.0,17,133624,CartPole-v1,"CP-ppo-ac-NN(6,6)-(lr=1.0e-5)-(86-params)",classic_NN_6-6,40
19.0,19,133644,CartPole-v1,"CP-ppo-ac-NN(6,6)-(lr=1.0e-5)-(86-params)",classic_NN_6-6,40
19.0,19,133656,CartPole-v1,"CP-ppo-ac-NN(6,6)-(lr=1.0e-5)-(86-params)",classic_NN_6-6,40
16.0,16,133664,CartPole-v1,"CP-ppo-ac-NN(6,6)-(lr=1.0e-5)-(86-params)",classic_NN_6-6,40
22.0,22,133712,CartPole-v1,"CP-ppo-ac-NN(6,6)-(lr=1.0e-5)-(86-params)",classic_NN_6-6,40
13.0,13,133716,CartPole-v1,"CP-ppo-ac-NN(6,6)-(lr=1.0e-5)-(86-params)",classic_NN_6-6,40
20.0,20,133724,CartPole-v1,"CP-ppo-ac-NN(6,6)-(lr=1.0e-5)-(86-params)",classic_NN_6-6,40
23.0,23,133748,CartPole-v1,"CP-ppo-ac-NN(6,6)-(lr=1.0e-5)-(86-params)",classic_NN_6-6,40
14.0,14,133772,CartPole-v1,"CP-ppo-ac-NN(6,6)-(lr=1.0e-5)-(86-params)",classic_NN_6-6,40
14.0,14,133780,CartPole-v1,"CP-ppo-ac-NN(6,6)-(lr=1.0e-5)-(86-params)",classic_NN_6-6,40
17.0,17,133780,CartPole-v1,"CP-ppo-ac-NN(6,6)-(lr=1.0e-5)-(86-params)",classic_NN_6-6,40
15.0,15,133832,CartPole-v1,"CP-ppo-ac-NN(6,6)-(lr=1.0e-5)-(86-params)",classic_NN_6-6,40
25.0,25,133848,CartPole-v1,"CP-ppo-ac-NN(6,6)-(lr=1.0e-5)-(86-params)",classic_NN_6-6,40
29.0,29,133896,CartPole-v1,"CP-ppo-ac-NN(6,6)-(lr=1.0e-5)-(86-params)",classic_NN_6-6,40
39.0,39,133936,CartPole-v1,"CP-ppo-ac-NN(6,6)-(lr=1.0e-5)-(86-params)",classic_NN_6-6,40
11.0,11,133980,CartPole-v1,"CP-ppo-ac-NN(6,6)-(lr=1.0e-5)-(86-params)",classic_NN_6-6,40
39.0,39,133988,CartPole-v1,"CP-ppo-ac-NN(6,6)-(lr=1.0e-5)-(86-params)",classic_NN_6-6,40
37.0,37,133996,CartPole-v1,"CP-ppo-ac-NN(6,6)-(lr=1.0e-5)-(86-params)",classic_NN_6-6,40
11.0,11,134040,CartPole-v1,"CP-ppo-ac-NN(6,6)-(lr=1.0e-5)-(86-params)",classic_NN_6-6,40
19.0,19,134064,CartPole-v1,"CP-ppo-ac-NN(6,6)-(lr=1.0e-5)-(86-params)",classic_NN_6-6,40
68.0,68,134168,CartPole-v1,"CP-ppo-ac-NN(6,6)-(lr=1.0e-5)-(86-params)",classic_NN_6-6,40
26.0,26,134168,CartPole-v1,"CP-ppo-ac-NN(6,6)-(lr=1.0e-5)-(86-params)",classic_NN_6-6,40
12.0,12,134216,CartPole-v1,"CP-ppo-ac-NN(6,6)-(lr=1.0e-5)-(86-params)",classic_NN_6-6,40
62.0,62,134288,CartPole-v1,"CP-ppo-ac-NN(6,6)-(lr=1.0e-5)-(86-params)",classic_NN_6-6,40
78.0,78,134292,CartPole-v1,"CP-ppo-ac-NN(6,6)-(lr=1.0e-5)-(86-params)",classic_NN_6-6,40
36.0,36,134312,CartPole-v1,"CP-ppo-ac-NN(6,6)-(lr=1.0e-5)-(86-params)",classic_NN_6-6,40
19.0,19,134368,CartPole-v1,"CP-ppo-ac-NN(6,6)-(lr=1.0e-5)-(86-params)",classic_NN_6-6,40
39.0,39,134372,CartPole-v1,"CP-ppo-ac-NN(6,6)-(lr=1.0e-5)-(86-params)",classic_NN_6-6,40
16.0,16,134432,CartPole-v1,"CP-ppo-ac-NN(6,6)-(lr=1.0e-5)-(86-params)",classic_NN_6-6,40
47.0,47,134500,CartPole-v1,"CP-ppo-ac-NN(6,6)-(lr=1.0e-5)-(86-params)",classic_NN_6-6,40
20.0,20,134512,CartPole-v1,"CP-ppo-ac-NN(6,6)-(lr=1.0e-5)-(86-params)",classic_NN_6-6,40
61.0,61,134532,CartPole-v1,"CP-ppo-ac-NN(6,6)-(lr=1.0e-5)-(86-params)",classic_NN_6-6,40
43.0,43,134544,CartPole-v1,"CP-ppo-ac-NN(6,6)-(lr=1.0e-5)-(86-params)",classic_NN_6-6,40
12.0,12,134580,CartPole-v1,"CP-ppo-ac-NN(6,6)-(lr=1.0e-5)-(86-params)",classic_NN_6-6,40
22.0,22,134600,CartPole-v1,"CP-ppo-ac-NN(6,6)-(lr=1.0e-5)-(86-params)",classic_NN_6-6,40
30.0,30,134620,CartPole-v1,"CP-ppo-ac-NN(6,6)-(lr=1.0e-5)-(86-params)",classic_NN_6-6,40
12.0,12,134628,CartPole-v1,"CP-ppo-ac-NN(6,6)-(lr=1.0e-5)-(86-params)",classic_NN_6-6,40
26.0,26,134648,CartPole-v1,"CP-ppo-ac-NN(6,6)-(lr=1.0e-5)-(86-params)",classic_NN_6-6,40
12.0,12,134668,CartPole-v1,"CP-ppo-ac-NN(6,6)-(lr=1.0e-5)-(86-params)",classic_NN_6-6,40
17.0,17,134696,CartPole-v1,"CP-ppo-ac-NN(6,6)-(lr=1.0e-5)-(86-params)",classic_NN_6-6,40
11.0,11,134712,CartPole-v1,"CP-ppo-ac-NN(6,6)-(lr=1.0e-5)-(86-params)",classic_NN_6-6,40
34.0,34,134736,CartPole-v1,"CP-ppo-ac-NN(6,6)-(lr=1.0e-5)-(86-params)",classic_NN_6-6,40
22.0,22,134800,CartPole-v1,"CP-ppo-ac-NN(6,6)-(lr=1.0e-5)-(86-params)",classic_NN_6-6,40
39.0,39,134892,CartPole-v1,"CP-ppo-ac-NN(6,6)-(lr=1.0e-5)-(86-params)",classic_NN_6-6,40
63.0,63,134948,CartPole-v1,"CP-ppo-ac-NN(6,6)-(lr=1.0e-5)-(86-params)",classic_NN_6-6,40
76.0,76,134952,CartPole-v1,"CP-ppo-ac-NN(6,6)-(lr=1.0e-5)-(86-params)",classic_NN_6-6,40
24.0,24,134988,CartPole-v1,"CP-ppo-ac-NN(6,6)-(lr=1.0e-5)-(86-params)",classic_NN_6-6,40
48.0,48,134992,CartPole-v1,"CP-ppo-ac-NN(6,6)-(lr=1.0e-5)-(86-params)",classic_NN_6-6,40
21.0,21,135032,CartPole-v1,"CP-ppo-ac-NN(6,6)-(lr=1.0e-5)-(86-params)",classic_NN_6-6,40
22.0,22,135040,CartPole-v1,"CP-ppo-ac-NN(6,6)-(lr=1.0e-5)-(86-params)",classic_NN_6-6,40
17.0,17,135060,CartPole-v1,"CP-ppo-ac-NN(6,6)-(lr=1.0e-5)-(86-params)",classic_NN_6-6,40
9.0,9,135068,CartPole-v1,"CP-ppo-ac-NN(6,6)-(lr=1.0e-5)-(86-params)",classic_NN_6-6,40
23.0,23,135080,CartPole-v1,"CP-ppo-ac-NN(6,6)-(lr=1.0e-5)-(86-params)",classic_NN_6-6,40
13.0,13,135092,CartPole-v1,"CP-ppo-ac-NN(6,6)-(lr=1.0e-5)-(86-params)",classic_NN_6-6,40
12.0,12,135108,CartPole-v1,"CP-ppo-ac-NN(6,6)-(lr=1.0e-5)-(86-params)",classic_NN_6-6,40
12.0,12,135116,CartPole-v1,"CP-ppo-ac-NN(6,6)-(lr=1.0e-5)-(86-params)",classic_NN_6-6,40
16.0,16,135144,CartPole-v1,"CP-ppo-ac-NN(6,6)-(lr=1.0e-5)-(86-params)",classic_NN_6-6,40
19.0,19,135168,CartPole-v1,"CP-ppo-ac-NN(6,6)-(lr=1.0e-5)-(86-params)",classic_NN_6-6,40
18.0,18,135180,CartPole-v1,"CP-ppo-ac-NN(6,6)-(lr=1.0e-5)-(86-params)",classic_NN_6-6,40
12.0,12,135228,CartPole-v1,"CP-ppo-ac-NN(6,6)-(lr=1.0e-5)-(86-params)",classic_NN_6-6,40
21.0,21,135252,CartPole-v1,"CP-ppo-ac-NN(6,6)-(lr=1.0e-5)-(86-params)",classic_NN_6-6,40
35.0,35,135256,CartPole-v1,"CP-ppo-ac-NN(6,6)-(lr=1.0e-5)-(86-params)",classic_NN_6-6,40
31.0,31,135268,CartPole-v1,"CP-ppo-ac-NN(6,6)-(lr=1.0e-5)-(86-params)",classic_NN_6-6,40
13.0,13,135280,CartPole-v1,"CP-ppo-ac-NN(6,6)-(lr=1.0e-5)-(86-params)",classic_NN_6-6,40
16.0,16,135320,CartPole-v1,"CP-ppo-ac-NN(6,6)-(lr=1.0e-5)-(86-params)",classic_NN_6-6,40
18.0,18,135324,CartPole-v1,"CP-ppo-ac-NN(6,6)-(lr=1.0e-5)-(86-params)",classic_NN_6-6,40
21.0,21,135352,CartPole-v1,"CP-ppo-ac-NN(6,6)-(lr=1.0e-5)-(86-params)",classic_NN_6-6,40
31.0,31,135404,CartPole-v1,"CP-ppo-ac-NN(6,6)-(lr=1.0e-5)-(86-params)",classic_NN_6-6,40
29.0,29,135440,CartPole-v1,"CP-ppo-ac-NN(6,6)-(lr=1.0e-5)-(86-params)",classic_NN_6-6,40
17.0,17,135472,CartPole-v1,"CP-ppo-ac-NN(6,6)-(lr=1.0e-5)-(86-params)",classic_NN_6-6,40
38.0,38,135504,CartPole-v1,"CP-ppo-ac-NN(6,6)-(lr=1.0e-5)-(86-params)",classic_NN_6-6,40
11.0,11,135516,CartPole-v1,"CP-ppo-ac-NN(6,6)-(lr=1.0e-5)-(86-params)",classic_NN_6-6,40
20.0,20,135520,CartPole-v1,"CP-ppo-ac-NN(6,6)-(lr=1.0e-5)-(86-params)",classic_NN_6-6,40
10.0,10,135544,CartPole-v1,"CP-ppo-ac-NN(6,6)-(lr=1.0e-5)-(86-params)",classic_NN_6-6,40
63.0,63,135572,CartPole-v1,"CP-ppo-ac-NN(6,6)-(lr=1.0e-5)-(86-params)",classic_NN_6-6,40
17.0,17,135588,CartPole-v1,"CP-ppo-ac-NN(6,6)-(lr=1.0e-5)-(86-params)",classic_NN_6-6,40
21.0,21,135628,CartPole-v1,"CP-ppo-ac-NN(6,6)-(lr=1.0e-5)-(86-params)",classic_NN_6-6,40
9.0,9,135664,CartPole-v1,"CP-ppo-ac-NN(6,6)-(lr=1.0e-5)-(86-params)",classic_NN_6-6,40
34.0,34,135708,CartPole-v1,"CP-ppo-ac-NN(6,6)-(lr=1.0e-5)-(86-params)",classic_NN_6-6,40
14.0,14,135720,CartPole-v1,"CP-ppo-ac-NN(6,6)-(lr=1.0e-5)-(86-params)",classic_NN_6-6,40
60.0,60,135756,CartPole-v1,"CP-ppo-ac-NN(6,6)-(lr=1.0e-5)-(86-params)",classic_NN_6-6,40
11.0,11,135764,CartPole-v1,"CP-ppo-ac-NN(6,6)-(lr=1.0e-5)-(86-params)",classic_NN_6-6,40
48.0,48,135780,CartPole-v1,"CP-ppo-ac-NN(6,6)-(lr=1.0e-5)-(86-params)",classic_NN_6-6,40
21.0,21,135792,CartPole-v1,"CP-ppo-ac-NN(6,6)-(lr=1.0e-5)-(86-params)",classic_NN_6-6,40
15.0,15,135816,CartPole-v1,"CP-ppo-ac-NN(6,6)-(lr=1.0e-5)-(86-params)",classic_NN_6-6,40
14.0,14,135820,CartPole-v1,"CP-ppo-ac-NN(6,6)-(lr=1.0e-5)-(86-params)",classic_NN_6-6,40
17.0,17,135848,CartPole-v1,"CP-ppo-ac-NN(6,6)-(lr=1.0e-5)-(86-params)",classic_NN_6-6,40
16.0,16,135856,CartPole-v1,"CP-ppo-ac-NN(6,6)-(lr=1.0e-5)-(86-params)",classic_NN_6-6,40
13.0,13,135868,CartPole-v1,"CP-ppo-ac-NN(6,6)-(lr=1.0e-5)-(86-params)",classic_NN_6-6,40
16.0,16,135912,CartPole-v1,"CP-ppo-ac-NN(6,6)-(lr=1.0e-5)-(86-params)",classic_NN_6-6,40
15.0,15,135916,CartPole-v1,"CP-ppo-ac-NN(6,6)-(lr=1.0e-5)-(86-params)",classic_NN_6-6,40
14.0,14,135968,CartPole-v1,"CP-ppo-ac-NN(6,6)-(lr=1.0e-5)-(86-params)",classic_NN_6-6,40
39.0,39,135976,CartPole-v1,"CP-ppo-ac-NN(6,6)-(lr=1.0e-5)-(86-params)",classic_NN_6-6,40
35.0,35,136008,CartPole-v1,"CP-ppo-ac-NN(6,6)-(lr=1.0e-5)-(86-params)",classic_NN_6-6,40
11.0,11,136020,CartPole-v1,"CP-ppo-ac-NN(6,6)-(lr=1.0e-5)-(86-params)",classic_NN_6-6,40
24.0,24,136064,CartPole-v1,"CP-ppo-ac-NN(6,6)-(lr=1.0e-5)-(86-params)",classic_NN_6-6,40
40.0,40,136076,CartPole-v1,"CP-ppo-ac-NN(6,6)-(lr=1.0e-5)-(86-params)",classic_NN_6-6,40
19.0,19,136096,CartPole-v1,"CP-ppo-ac-NN(6,6)-(lr=1.0e-5)-(86-params)",classic_NN_6-6,40
20.0,20,136176,CartPole-v1,"CP-ppo-ac-NN(6,6)-(lr=1.0e-5)-(86-params)",classic_NN_6-6,40
25.0,25,136176,CartPole-v1,"CP-ppo-ac-NN(6,6)-(lr=1.0e-5)-(86-params)",classic_NN_6-6,40
54.0,54,136224,CartPole-v1,"CP-ppo-ac-NN(6,6)-(lr=1.0e-5)-(86-params)",classic_NN_6-6,40
15.0,15,136236,CartPole-v1,"CP-ppo-ac-NN(6,6)-(lr=1.0e-5)-(86-params)",classic_NN_6-6,40
18.0,18,136248,CartPole-v1,"CP-ppo-ac-NN(6,6)-(lr=1.0e-5)-(86-params)",classic_NN_6-6,40
11.0,11,136268,CartPole-v1,"CP-ppo-ac-NN(6,6)-(lr=1.0e-5)-(86-params)",classic_NN_6-6,40
17.0,17,136304,CartPole-v1,"CP-ppo-ac-NN(6,6)-(lr=1.0e-5)-(86-params)",classic_NN_6-6,40
15.0,15,136308,CartPole-v1,"CP-ppo-ac-NN(6,6)-(lr=1.0e-5)-(86-params)",classic_NN_6-6,40
72.0,72,136352,CartPole-v1,"CP-ppo-ac-NN(6,6)-(lr=1.0e-5)-(86-params)",classic_NN_6-6,40
17.0,17,136376,CartPole-v1,"CP-ppo-ac-NN(6,6)-(lr=1.0e-5)-(86-params)",classic_NN_6-6,40
37.0,37,136416,CartPole-v1,"CP-ppo-ac-NN(6,6)-(lr=1.0e-5)-(86-params)",classic_NN_6-6,40
33.0,33,136436,CartPole-v1,"CP-ppo-ac-NN(6,6)-(lr=1.0e-5)-(86-params)",classic_NN_6-6,40
20.0,20,136456,CartPole-v1,"CP-ppo-ac-NN(6,6)-(lr=1.0e-5)-(86-params)",classic_NN_6-6,40
27.0,27,136460,CartPole-v1,"CP-ppo-ac-NN(6,6)-(lr=1.0e-5)-(86-params)",classic_NN_6-6,40
15.0,15,136520,CartPole-v1,"CP-ppo-ac-NN(6,6)-(lr=1.0e-5)-(86-params)",classic_NN_6-6,40
23.0,23,136528,CartPole-v1,"CP-ppo-ac-NN(6,6)-(lr=1.0e-5)-(86-params)",classic_NN_6-6,40
26.0,26,136560,CartPole-v1,"CP-ppo-ac-NN(6,6)-(lr=1.0e-5)-(86-params)",classic_NN_6-6,40
40.0,40,136576,CartPole-v1,"CP-ppo-ac-NN(6,6)-(lr=1.0e-5)-(86-params)",classic_NN_6-6,40
13.0,13,136580,CartPole-v1,"CP-ppo-ac-NN(6,6)-(lr=1.0e-5)-(86-params)",classic_NN_6-6,40
20.0,20,136600,CartPole-v1,"CP-ppo-ac-NN(6,6)-(lr=1.0e-5)-(86-params)",classic_NN_6-6,40
34.0,34,136712,CartPole-v1,"CP-ppo-ac-NN(6,6)-(lr=1.0e-5)-(86-params)",classic_NN_6-6,40
42.0,42,136728,CartPole-v1,"CP-ppo-ac-NN(6,6)-(lr=1.0e-5)-(86-params)",classic_NN_6-6,40
37.0,37,136748,CartPole-v1,"CP-ppo-ac-NN(6,6)-(lr=1.0e-5)-(86-params)",classic_NN_6-6,40
47.0,47,136768,CartPole-v1,"CP-ppo-ac-NN(6,6)-(lr=1.0e-5)-(86-params)",classic_NN_6-6,40
12.0,12,136776,CartPole-v1,"CP-ppo-ac-NN(6,6)-(lr=1.0e-5)-(86-params)",classic_NN_6-6,40
10.0,10,136788,CartPole-v1,"CP-ppo-ac-NN(6,6)-(lr=1.0e-5)-(86-params)",classic_NN_6-6,40
19.0,19,136844,CartPole-v1,"CP-ppo-ac-NN(6,6)-(lr=1.0e-5)-(86-params)",classic_NN_6-6,40
15.0,15,136848,CartPole-v1,"CP-ppo-ac-NN(6,6)-(lr=1.0e-5)-(86-params)",classic_NN_6-6,40
21.0,21,136860,CartPole-v1,"CP-ppo-ac-NN(6,6)-(lr=1.0e-5)-(86-params)",classic_NN_6-6,40
45.0,45,136892,CartPole-v1,"CP-ppo-ac-NN(6,6)-(lr=1.0e-5)-(86-params)",classic_NN_6-6,40
28.0,28,136956,CartPole-v1,"CP-ppo-ac-NN(6,6)-(lr=1.0e-5)-(86-params)",classic_NN_6-6,40
30.0,30,136980,CartPole-v1,"CP-ppo-ac-NN(6,6)-(lr=1.0e-5)-(86-params)",classic_NN_6-6,40
24.0,24,136988,CartPole-v1,"CP-ppo-ac-NN(6,6)-(lr=1.0e-5)-(86-params)",classic_NN_6-6,40
17.0,17,137024,CartPole-v1,"CP-ppo-ac-NN(6,6)-(lr=1.0e-5)-(86-params)",classic_NN_6-6,40
16.0,16,137044,CartPole-v1,"CP-ppo-ac-NN(6,6)-(lr=1.0e-5)-(86-params)",classic_NN_6-6,40
16.0,16,137052,CartPole-v1,"CP-ppo-ac-NN(6,6)-(lr=1.0e-5)-(86-params)",classic_NN_6-6,40
52.0,52,137056,CartPole-v1,"CP-ppo-ac-NN(6,6)-(lr=1.0e-5)-(86-params)",classic_NN_6-6,40
19.0,19,137100,CartPole-v1,"CP-ppo-ac-NN(6,6)-(lr=1.0e-5)-(86-params)",classic_NN_6-6,40
19.0,19,137120,CartPole-v1,"CP-ppo-ac-NN(6,6)-(lr=1.0e-5)-(86-params)",classic_NN_6-6,40
23.0,23,137148,CartPole-v1,"CP-ppo-ac-NN(6,6)-(lr=1.0e-5)-(86-params)",classic_NN_6-6,40
17.0,17,137168,CartPole-v1,"CP-ppo-ac-NN(6,6)-(lr=1.0e-5)-(86-params)",classic_NN_6-6,40
9.0,9,137184,CartPole-v1,"CP-ppo-ac-NN(6,6)-(lr=1.0e-5)-(86-params)",classic_NN_6-6,40
35.0,35,137192,CartPole-v1,"CP-ppo-ac-NN(6,6)-(lr=1.0e-5)-(86-params)",classic_NN_6-6,40
41.0,41,137284,CartPole-v1,"CP-ppo-ac-NN(6,6)-(lr=1.0e-5)-(86-params)",classic_NN_6-6,40
25.0,25,137284,CartPole-v1,"CP-ppo-ac-NN(6,6)-(lr=1.0e-5)-(86-params)",classic_NN_6-6,40
24.0,24,137288,CartPole-v1,"CP-ppo-ac-NN(6,6)-(lr=1.0e-5)-(86-params)",classic_NN_6-6,40
16.0,16,137352,CartPole-v1,"CP-ppo-ac-NN(6,6)-(lr=1.0e-5)-(86-params)",classic_NN_6-6,40
50.0,50,137368,CartPole-v1,"CP-ppo-ac-NN(6,6)-(lr=1.0e-5)-(86-params)",classic_NN_6-6,40
28.0,28,137396,CartPole-v1,"CP-ppo-ac-NN(6,6)-(lr=1.0e-5)-(86-params)",classic_NN_6-6,40
32.0,32,137412,CartPole-v1,"CP-ppo-ac-NN(6,6)-(lr=1.0e-5)-(86-params)",classic_NN_6-6,40
9.0,9,137448,CartPole-v1,"CP-ppo-ac-NN(6,6)-(lr=1.0e-5)-(86-params)",classic_NN_6-6,40
24.0,24,137492,CartPole-v1,"CP-ppo-ac-NN(6,6)-(lr=1.0e-5)-(86-params)",classic_NN_6-6,40
40.0,40,137528,CartPole-v1,"CP-ppo-ac-NN(6,6)-(lr=1.0e-5)-(86-params)",classic_NN_6-6,40
20.0,20,137572,CartPole-v1,"CP-ppo-ac-NN(6,6)-(lr=1.0e-5)-(86-params)",classic_NN_6-6,40
14.0,14,137584,CartPole-v1,"CP-ppo-ac-NN(6,6)-(lr=1.0e-5)-(86-params)",classic_NN_6-6,40
34.0,34,137584,CartPole-v1,"CP-ppo-ac-NN(6,6)-(lr=1.0e-5)-(86-params)",classic_NN_6-6,40
59.0,59,137588,CartPole-v1,"CP-ppo-ac-NN(6,6)-(lr=1.0e-5)-(86-params)",classic_NN_6-6,40
12.0,12,137632,CartPole-v1,"CP-ppo-ac-NN(6,6)-(lr=1.0e-5)-(86-params)",classic_NN_6-6,40
17.0,17,137640,CartPole-v1,"CP-ppo-ac-NN(6,6)-(lr=1.0e-5)-(86-params)",classic_NN_6-6,40
16.0,16,137652,CartPole-v1,"CP-ppo-ac-NN(6,6)-(lr=1.0e-5)-(86-params)",classic_NN_6-6,40
20.0,20,137664,CartPole-v1,"CP-ppo-ac-NN(6,6)-(lr=1.0e-5)-(86-params)",classic_NN_6-6,40
19.0,19,137708,CartPole-v1,"CP-ppo-ac-NN(6,6)-(lr=1.0e-5)-(86-params)",classic_NN_6-6,40
23.0,23,137732,CartPole-v1,"CP-ppo-ac-NN(6,6)-(lr=1.0e-5)-(86-params)",classic_NN_6-6,40
11.0,11,137752,CartPole-v1,"CP-ppo-ac-NN(6,6)-(lr=1.0e-5)-(86-params)",classic_NN_6-6,40
26.0,26,137756,CartPole-v1,"CP-ppo-ac-NN(6,6)-(lr=1.0e-5)-(86-params)",classic_NN_6-6,40
11.0,11,137776,CartPole-v1,"CP-ppo-ac-NN(6,6)-(lr=1.0e-5)-(86-params)",classic_NN_6-6,40
38.0,38,137816,CartPole-v1,"CP-ppo-ac-NN(6,6)-(lr=1.0e-5)-(86-params)",classic_NN_6-6,40
16.0,16,137816,CartPole-v1,"CP-ppo-ac-NN(6,6)-(lr=1.0e-5)-(86-params)",classic_NN_6-6,40
26.0,26,137860,CartPole-v1,"CP-ppo-ac-NN(6,6)-(lr=1.0e-5)-(86-params)",classic_NN_6-6,40
15.0,15,137920,CartPole-v1,"CP-ppo-ac-NN(6,6)-(lr=1.0e-5)-(86-params)",classic_NN_6-6,40
30.0,30,137936,CartPole-v1,"CP-ppo-ac-NN(6,6)-(lr=1.0e-5)-(86-params)",classic_NN_6-6,40
46.0,46,137960,CartPole-v1,"CP-ppo-ac-NN(6,6)-(lr=1.0e-5)-(86-params)",classic_NN_6-6,40
51.0,51,138020,CartPole-v1,"CP-ppo-ac-NN(6,6)-(lr=1.0e-5)-(86-params)",classic_NN_6-6,40
21.0,21,138044,CartPole-v1,"CP-ppo-ac-NN(6,6)-(lr=1.0e-5)-(86-params)",classic_NN_6-6,40
27.0,27,138044,CartPole-v1,"CP-ppo-ac-NN(6,6)-(lr=1.0e-5)-(86-params)",classic_NN_6-6,40
32.0,32,138048,CartPole-v1,"CP-ppo-ac-NN(6,6)-(lr=1.0e-5)-(86-params)",classic_NN_6-6,40
15.0,15,138108,CartPole-v1,"CP-ppo-ac-NN(6,6)-(lr=1.0e-5)-(86-params)",classic_NN_6-6,40
30.0,30,138140,CartPole-v1,"CP-ppo-ac-NN(6,6)-(lr=1.0e-5)-(86-params)",classic_NN_6-6,40
10.0,10,138180,CartPole-v1,"CP-ppo-ac-NN(6,6)-(lr=1.0e-5)-(86-params)",classic_NN_6-6,40
50.0,50,138244,CartPole-v1,"CP-ppo-ac-NN(6,6)-(lr=1.0e-5)-(86-params)",classic_NN_6-6,40
37.0,37,138256,CartPole-v1,"CP-ppo-ac-NN(6,6)-(lr=1.0e-5)-(86-params)",classic_NN_6-6,40
56.0,56,138268,CartPole-v1,"CP-ppo-ac-NN(6,6)-(lr=1.0e-5)-(86-params)",classic_NN_6-6,40
11.0,11,138312,CartPole-v1,"CP-ppo-ac-NN(6,6)-(lr=1.0e-5)-(86-params)",classic_NN_6-6,40
16.0,16,138320,CartPole-v1,"CP-ppo-ac-NN(6,6)-(lr=1.0e-5)-(86-params)",classic_NN_6-6,40
30.0,30,138364,CartPole-v1,"CP-ppo-ac-NN(6,6)-(lr=1.0e-5)-(86-params)",classic_NN_6-6,40
48.0,48,138372,CartPole-v1,"CP-ppo-ac-NN(6,6)-(lr=1.0e-5)-(86-params)",classic_NN_6-6,40
16.0,16,138376,CartPole-v1,"CP-ppo-ac-NN(6,6)-(lr=1.0e-5)-(86-params)",classic_NN_6-6,40
21.0,21,138448,CartPole-v1,"CP-ppo-ac-NN(6,6)-(lr=1.0e-5)-(86-params)",classic_NN_6-6,40
19.0,19,138448,CartPole-v1,"CP-ppo-ac-NN(6,6)-(lr=1.0e-5)-(86-params)",classic_NN_6-6,40
32.0,32,138448,CartPole-v1,"CP-ppo-ac-NN(6,6)-(lr=1.0e-5)-(86-params)",classic_NN_6-6,40
19.0,19,138452,CartPole-v1,"CP-ppo-ac-NN(6,6)-(lr=1.0e-5)-(86-params)",classic_NN_6-6,40
13.0,13,138500,CartPole-v1,"CP-ppo-ac-NN(6,6)-(lr=1.0e-5)-(86-params)",classic_NN_6-6,40
12.0,12,138500,CartPole-v1,"CP-ppo-ac-NN(6,6)-(lr=1.0e-5)-(86-params)",classic_NN_6-6,40
20.0,20,138580,CartPole-v1,"CP-ppo-ac-NN(6,6)-(lr=1.0e-5)-(86-params)",classic_NN_6-6,40
22.0,22,138588,CartPole-v1,"CP-ppo-ac-NN(6,6)-(lr=1.0e-5)-(86-params)",classic_NN_6-6,40
16.0,16,138652,CartPole-v1,"CP-ppo-ac-NN(6,6)-(lr=1.0e-5)-(86-params)",classic_NN_6-6,40
51.0,51,138652,CartPole-v1,"CP-ppo-ac-NN(6,6)-(lr=1.0e-5)-(86-params)",classic_NN_6-6,40
14.0,14,138708,CartPole-v1,"CP-ppo-ac-NN(6,6)-(lr=1.0e-5)-(86-params)",classic_NN_6-6,40
67.0,67,138716,CartPole-v1,"CP-ppo-ac-NN(6,6)-(lr=1.0e-5)-(86-params)",classic_NN_6-6,40
37.0,37,138728,CartPole-v1,"CP-ppo-ac-NN(6,6)-(lr=1.0e-5)-(86-params)",classic_NN_6-6,40
29.0,29,138768,CartPole-v1,"CP-ppo-ac-NN(6,6)-(lr=1.0e-5)-(86-params)",classic_NN_6-6,40
27.0,27,138816,CartPole-v1,"CP-ppo-ac-NN(6,6)-(lr=1.0e-5)-(86-params)",classic_NN_6-6,40
24.0,24,138824,CartPole-v1,"CP-ppo-ac-NN(6,6)-(lr=1.0e-5)-(86-params)",classic_NN_6-6,40
19.0,19,138844,CartPole-v1,"CP-ppo-ac-NN(6,6)-(lr=1.0e-5)-(86-params)",classic_NN_6-6,40
34.0,34,138852,CartPole-v1,"CP-ppo-ac-NN(6,6)-(lr=1.0e-5)-(86-params)",classic_NN_6-6,40
12.0,12,138872,CartPole-v1,"CP-ppo-ac-NN(6,6)-(lr=1.0e-5)-(86-params)",classic_NN_6-6,40
12.0,12,138900,CartPole-v1,"CP-ppo-ac-NN(6,6)-(lr=1.0e-5)-(86-params)",classic_NN_6-6,40
18.0,18,138944,CartPole-v1,"CP-ppo-ac-NN(6,6)-(lr=1.0e-5)-(86-params)",classic_NN_6-6,40
44.0,44,138992,CartPole-v1,"CP-ppo-ac-NN(6,6)-(lr=1.0e-5)-(86-params)",classic_NN_6-6,40
21.0,21,139028,CartPole-v1,"CP-ppo-ac-NN(6,6)-(lr=1.0e-5)-(86-params)",classic_NN_6-6,40
53.0,53,139056,CartPole-v1,"CP-ppo-ac-NN(6,6)-(lr=1.0e-5)-(86-params)",classic_NN_6-6,40
40.0,40,139060,CartPole-v1,"CP-ppo-ac-NN(6,6)-(lr=1.0e-5)-(86-params)",classic_NN_6-6,40
20.0,20,139108,CartPole-v1,"CP-ppo-ac-NN(6,6)-(lr=1.0e-5)-(86-params)",classic_NN_6-6,40
16.0,16,139124,CartPole-v1,"CP-ppo-ac-NN(6,6)-(lr=1.0e-5)-(86-params)",classic_NN_6-6,40
18.0,18,139128,CartPole-v1,"CP-ppo-ac-NN(6,6)-(lr=1.0e-5)-(86-params)",classic_NN_6-6,40
35.0,35,139132,CartPole-v1,"CP-ppo-ac-NN(6,6)-(lr=1.0e-5)-(86-params)",classic_NN_6-6,40
14.0,14,139164,CartPole-v1,"CP-ppo-ac-NN(6,6)-(lr=1.0e-5)-(86-params)",classic_NN_6-6,40
28.0,28,139236,CartPole-v1,"CP-ppo-ac-NN(6,6)-(lr=1.0e-5)-(86-params)",classic_NN_6-6,40
27.0,27,139236,CartPole-v1,"CP-ppo-ac-NN(6,6)-(lr=1.0e-5)-(86-params)",classic_NN_6-6,40
32.0,32,139292,CartPole-v1,"CP-ppo-ac-NN(6,6)-(lr=1.0e-5)-(86-params)",classic_NN_6-6,40
16.0,16,139300,CartPole-v1,"CP-ppo-ac-NN(6,6)-(lr=1.0e-5)-(86-params)",classic_NN_6-6,40
47.0,47,139320,CartPole-v1,"CP-ppo-ac-NN(6,6)-(lr=1.0e-5)-(86-params)",classic_NN_6-6,40
33.0,33,139368,CartPole-v1,"CP-ppo-ac-NN(6,6)-(lr=1.0e-5)-(86-params)",classic_NN_6-6,40
23.0,23,139384,CartPole-v1,"CP-ppo-ac-NN(6,6)-(lr=1.0e-5)-(86-params)",classic_NN_6-6,40
17.0,17,139388,CartPole-v1,"CP-ppo-ac-NN(6,6)-(lr=1.0e-5)-(86-params)",classic_NN_6-6,40
32.0,32,139496,CartPole-v1,"CP-ppo-ac-NN(6,6)-(lr=1.0e-5)-(86-params)",classic_NN_6-6,40
30.0,30,139504,CartPole-v1,"CP-ppo-ac-NN(6,6)-(lr=1.0e-5)-(86-params)",classic_NN_6-6,40
59.0,59,139536,CartPole-v1,"CP-ppo-ac-NN(6,6)-(lr=1.0e-5)-(86-params)",classic_NN_6-6,40
19.0,19,139572,CartPole-v1,"CP-ppo-ac-NN(6,6)-(lr=1.0e-5)-(86-params)",classic_NN_6-6,40
50.0,50,139588,CartPole-v1,"CP-ppo-ac-NN(6,6)-(lr=1.0e-5)-(86-params)",classic_NN_6-6,40
29.0,29,139620,CartPole-v1,"CP-ppo-ac-NN(6,6)-(lr=1.0e-5)-(86-params)",classic_NN_6-6,40
17.0,17,139640,CartPole-v1,"CP-ppo-ac-NN(6,6)-(lr=1.0e-5)-(86-params)",classic_NN_6-6,40
13.0,13,139672,CartPole-v1,"CP-ppo-ac-NN(6,6)-(lr=1.0e-5)-(86-params)",classic_NN_6-6,40
21.0,21,139724,CartPole-v1,"CP-ppo-ac-NN(6,6)-(lr=1.0e-5)-(86-params)",classic_NN_6-6,40
13.0,13,139724,CartPole-v1,"CP-ppo-ac-NN(6,6)-(lr=1.0e-5)-(86-params)",classic_NN_6-6,40
49.0,49,139732,CartPole-v1,"CP-ppo-ac-NN(6,6)-(lr=1.0e-5)-(86-params)",classic_NN_6-6,40
37.0,37,139736,CartPole-v1,"CP-ppo-ac-NN(6,6)-(lr=1.0e-5)-(86-params)",classic_NN_6-6,40
13.0,13,139784,CartPole-v1,"CP-ppo-ac-NN(6,6)-(lr=1.0e-5)-(86-params)",classic_NN_6-6,40
15.0,15,139784,CartPole-v1,"CP-ppo-ac-NN(6,6)-(lr=1.0e-5)-(86-params)",classic_NN_6-6,40
21.0,21,139808,CartPole-v1,"CP-ppo-ac-NN(6,6)-(lr=1.0e-5)-(86-params)",classic_NN_6-6,40
20.0,20,139816,CartPole-v1,"CP-ppo-ac-NN(6,6)-(lr=1.0e-5)-(86-params)",classic_NN_6-6,40
16.0,16,139848,CartPole-v1,"CP-ppo-ac-NN(6,6)-(lr=1.0e-5)-(86-params)",classic_NN_6-6,40
21.0,21,139868,CartPole-v1,"CP-ppo-ac-NN(6,6)-(lr=1.0e-5)-(86-params)",classic_NN_6-6,40
25.0,25,139908,CartPole-v1,"CP-ppo-ac-NN(6,6)-(lr=1.0e-5)-(86-params)",classic_NN_6-6,40
29.0,29,139932,CartPole-v1,"CP-ppo-ac-NN(6,6)-(lr=1.0e-5)-(86-params)",classic_NN_6-6,40
13.0,13,139960,CartPole-v1,"CP-ppo-ac-NN(6,6)-(lr=1.0e-5)-(86-params)",classic_NN_6-6,40
23.0,23,139960,CartPole-v1,"CP-ppo-ac-NN(6,6)-(lr=1.0e-5)-(86-params)",classic_NN_6-6,40
11.0,11,139976,CartPole-v1,"CP-ppo-ac-NN(6,6)-(lr=1.0e-5)-(86-params)",classic_NN_6-6,40
15.0,15,140020,CartPole-v1,"CP-ppo-ac-NN(6,6)-(lr=1.0e-5)-(86-params)",classic_NN_6-6,40
17.0,17,140028,CartPole-v1,"CP-ppo-ac-NN(6,6)-(lr=1.0e-5)-(86-params)",classic_NN_6-6,40
49.0,49,140044,CartPole-v1,"CP-ppo-ac-NN(6,6)-(lr=1.0e-5)-(86-params)",classic_NN_6-6,40
18.0,18,140048,CartPole-v1,"CP-ppo-ac-NN(6,6)-(lr=1.0e-5)-(86-params)",classic_NN_6-6,40
14.0,14,140084,CartPole-v1,"CP-ppo-ac-NN(6,6)-(lr=1.0e-5)-(86-params)",classic_NN_6-6,40
11.0,11,140092,CartPole-v1,"CP-ppo-ac-NN(6,6)-(lr=1.0e-5)-(86-params)",classic_NN_6-6,40
15.0,15,140104,CartPole-v1,"CP-ppo-ac-NN(6,6)-(lr=1.0e-5)-(86-params)",classic_NN_6-6,40
9.0,9,140140,CartPole-v1,"CP-ppo-ac-NN(6,6)-(lr=1.0e-5)-(86-params)",classic_NN_6-6,40
15.0,15,140152,CartPole-v1,"CP-ppo-ac-NN(6,6)-(lr=1.0e-5)-(86-params)",classic_NN_6-6,40
22.0,22,140172,CartPole-v1,"CP-ppo-ac-NN(6,6)-(lr=1.0e-5)-(86-params)",classic_NN_6-6,40
39.0,39,140176,CartPole-v1,"CP-ppo-ac-NN(6,6)-(lr=1.0e-5)-(86-params)",classic_NN_6-6,40
20.0,20,140220,CartPole-v1,"CP-ppo-ac-NN(6,6)-(lr=1.0e-5)-(86-params)",classic_NN_6-6,40
13.0,13,140228,CartPole-v1,"CP-ppo-ac-NN(6,6)-(lr=1.0e-5)-(86-params)",classic_NN_6-6,40
19.0,19,140228,CartPole-v1,"CP-ppo-ac-NN(6,6)-(lr=1.0e-5)-(86-params)",classic_NN_6-6,40
17.0,17,140240,CartPole-v1,"CP-ppo-ac-NN(6,6)-(lr=1.0e-5)-(86-params)",classic_NN_6-6,40
11.0,11,140284,CartPole-v1,"CP-ppo-ac-NN(6,6)-(lr=1.0e-5)-(86-params)",classic_NN_6-6,40
30.0,30,140348,CartPole-v1,"CP-ppo-ac-NN(6,6)-(lr=1.0e-5)-(86-params)",classic_NN_6-6,40
36.0,36,140372,CartPole-v1,"CP-ppo-ac-NN(6,6)-(lr=1.0e-5)-(86-params)",classic_NN_6-6,40
43.0,43,140392,CartPole-v1,"CP-ppo-ac-NN(6,6)-(lr=1.0e-5)-(86-params)",classic_NN_6-6,40
24.0,24,140444,CartPole-v1,"CP-ppo-ac-NN(6,6)-(lr=1.0e-5)-(86-params)",classic_NN_6-6,40
19.0,19,140448,CartPole-v1,"CP-ppo-ac-NN(6,6)-(lr=1.0e-5)-(86-params)",classic_NN_6-6,40
21.0,21,140476,CartPole-v1,"CP-ppo-ac-NN(6,6)-(lr=1.0e-5)-(86-params)",classic_NN_6-6,40
23.0,23,140536,CartPole-v1,"CP-ppo-ac-NN(6,6)-(lr=1.0e-5)-(86-params)",classic_NN_6-6,40
25.0,25,140548,CartPole-v1,"CP-ppo-ac-NN(6,6)-(lr=1.0e-5)-(86-params)",classic_NN_6-6,40
22.0,22,140564,CartPole-v1,"CP-ppo-ac-NN(6,6)-(lr=1.0e-5)-(86-params)",classic_NN_6-6,40
73.0,73,140576,CartPole-v1,"CP-ppo-ac-NN(6,6)-(lr=1.0e-5)-(86-params)",classic_NN_6-6,40
11.0,11,140580,CartPole-v1,"CP-ppo-ac-NN(6,6)-(lr=1.0e-5)-(86-params)",classic_NN_6-6,40
12.0,12,140628,CartPole-v1,"CP-ppo-ac-NN(6,6)-(lr=1.0e-5)-(86-params)",classic_NN_6-6,40
18.0,18,140636,CartPole-v1,"CP-ppo-ac-NN(6,6)-(lr=1.0e-5)-(86-params)",classic_NN_6-6,40
26.0,26,140680,CartPole-v1,"CP-ppo-ac-NN(6,6)-(lr=1.0e-5)-(86-params)",classic_NN_6-6,40
35.0,35,140688,CartPole-v1,"CP-ppo-ac-NN(6,6)-(lr=1.0e-5)-(86-params)",classic_NN_6-6,40
22.0,22,140716,CartPole-v1,"CP-ppo-ac-NN(6,6)-(lr=1.0e-5)-(86-params)",classic_NN_6-6,40
14.0,14,140744,CartPole-v1,"CP-ppo-ac-NN(6,6)-(lr=1.0e-5)-(86-params)",classic_NN_6-6,40
24.0,24,140776,CartPole-v1,"CP-ppo-ac-NN(6,6)-(lr=1.0e-5)-(86-params)",classic_NN_6-6,40
32.0,32,140844,CartPole-v1,"CP-ppo-ac-NN(6,6)-(lr=1.0e-5)-(86-params)",classic_NN_6-6,40
19.0,19,140852,CartPole-v1,"CP-ppo-ac-NN(6,6)-(lr=1.0e-5)-(86-params)",classic_NN_6-6,40
29.0,29,140860,CartPole-v1,"CP-ppo-ac-NN(6,6)-(lr=1.0e-5)-(86-params)",classic_NN_6-6,40
59.0,59,140872,CartPole-v1,"CP-ppo-ac-NN(6,6)-(lr=1.0e-5)-(86-params)",classic_NN_6-6,40
16.0,16,140916,CartPole-v1,"CP-ppo-ac-NN(6,6)-(lr=1.0e-5)-(86-params)",classic_NN_6-6,40
24.0,24,140940,CartPole-v1,"CP-ppo-ac-NN(6,6)-(lr=1.0e-5)-(86-params)",classic_NN_6-6,40
25.0,25,140960,CartPole-v1,"CP-ppo-ac-NN(6,6)-(lr=1.0e-5)-(86-params)",classic_NN_6-6,40
29.0,29,140988,CartPole-v1,"CP-ppo-ac-NN(6,6)-(lr=1.0e-5)-(86-params)",classic_NN_6-6,40
9.0,9,140996,CartPole-v1,"CP-ppo-ac-NN(6,6)-(lr=1.0e-5)-(86-params)",classic_NN_6-6,40
24.0,24,141012,CartPole-v1,"CP-ppo-ac-NN(6,6)-(lr=1.0e-5)-(86-params)",classic_NN_6-6,40
14.0,14,141044,CartPole-v1,"CP-ppo-ac-NN(6,6)-(lr=1.0e-5)-(86-params)",classic_NN_6-6,40
27.0,27,141048,CartPole-v1,"CP-ppo-ac-NN(6,6)-(lr=1.0e-5)-(86-params)",classic_NN_6-6,40
16.0,16,141060,CartPole-v1,"CP-ppo-ac-NN(6,6)-(lr=1.0e-5)-(86-params)",classic_NN_6-6,40
18.0,18,141084,CartPole-v1,"CP-ppo-ac-NN(6,6)-(lr=1.0e-5)-(86-params)",classic_NN_6-6,40
13.0,13,141112,CartPole-v1,"CP-ppo-ac-NN(6,6)-(lr=1.0e-5)-(86-params)",classic_NN_6-6,40
19.0,19,141120,CartPole-v1,"CP-ppo-ac-NN(6,6)-(lr=1.0e-5)-(86-params)",classic_NN_6-6,40
12.0,12,141132,CartPole-v1,"CP-ppo-ac-NN(6,6)-(lr=1.0e-5)-(86-params)",classic_NN_6-6,40
9.0,9,141168,CartPole-v1,"CP-ppo-ac-NN(6,6)-(lr=1.0e-5)-(86-params)",classic_NN_6-6,40
20.0,20,141192,CartPole-v1,"CP-ppo-ac-NN(6,6)-(lr=1.0e-5)-(86-params)",classic_NN_6-6,40
17.0,17,141236,CartPole-v1,"CP-ppo-ac-NN(6,6)-(lr=1.0e-5)-(86-params)",classic_NN_6-6,40
50.0,50,141248,CartPole-v1,"CP-ppo-ac-NN(6,6)-(lr=1.0e-5)-(86-params)",classic_NN_6-6,40
19.0,19,141268,CartPole-v1,"CP-ppo-ac-NN(6,6)-(lr=1.0e-5)-(86-params)",classic_NN_6-6,40
17.0,17,141304,CartPole-v1,"CP-ppo-ac-NN(6,6)-(lr=1.0e-5)-(86-params)",classic_NN_6-6,40
46.0,46,141304,CartPole-v1,"CP-ppo-ac-NN(6,6)-(lr=1.0e-5)-(86-params)",classic_NN_6-6,40
11.0,11,141348,CartPole-v1,"CP-ppo-ac-NN(6,6)-(lr=1.0e-5)-(86-params)",classic_NN_6-6,40
27.0,27,141412,CartPole-v1,"CP-ppo-ac-NN(6,6)-(lr=1.0e-5)-(86-params)",classic_NN_6-6,40
45.0,45,141428,CartPole-v1,"CP-ppo-ac-NN(6,6)-(lr=1.0e-5)-(86-params)",classic_NN_6-6,40
27.0,27,141520,CartPole-v1,"CP-ppo-ac-NN(6,6)-(lr=1.0e-5)-(86-params)",classic_NN_6-6,40
12.0,12,141568,CartPole-v1,"CP-ppo-ac-NN(6,6)-(lr=1.0e-5)-(86-params)",classic_NN_6-6,40
75.0,75,141568,CartPole-v1,"CP-ppo-ac-NN(6,6)-(lr=1.0e-5)-(86-params)",classic_NN_6-6,40
65.0,65,141608,CartPole-v1,"CP-ppo-ac-NN(6,6)-(lr=1.0e-5)-(86-params)",classic_NN_6-6,40
17.0,17,141676,CartPole-v1,"CP-ppo-ac-NN(6,6)-(lr=1.0e-5)-(86-params)",classic_NN_6-6,40
32.0,32,141696,CartPole-v1,"CP-ppo-ac-NN(6,6)-(lr=1.0e-5)-(86-params)",classic_NN_6-6,40
34.0,34,141704,CartPole-v1,"CP-ppo-ac-NN(6,6)-(lr=1.0e-5)-(86-params)",classic_NN_6-6,40
17.0,17,141764,CartPole-v1,"CP-ppo-ac-NN(6,6)-(lr=1.0e-5)-(86-params)",classic_NN_6-6,40
20.0,20,141784,CartPole-v1,"CP-ppo-ac-NN(6,6)-(lr=1.0e-5)-(86-params)",classic_NN_6-6,40
32.0,32,141804,CartPole-v1,"CP-ppo-ac-NN(6,6)-(lr=1.0e-5)-(86-params)",classic_NN_6-6,40
18.0,18,141836,CartPole-v1,"CP-ppo-ac-NN(6,6)-(lr=1.0e-5)-(86-params)",classic_NN_6-6,40
106.0,106,141852,CartPole-v1,"CP-ppo-ac-NN(6,6)-(lr=1.0e-5)-(86-params)",classic_NN_6-6,40
21.0,21,141888,CartPole-v1,"CP-ppo-ac-NN(6,6)-(lr=1.0e-5)-(86-params)",classic_NN_6-6,40
16.0,16,141900,CartPole-v1,"CP-ppo-ac-NN(6,6)-(lr=1.0e-5)-(86-params)",classic_NN_6-6,40
29.0,29,141900,CartPole-v1,"CP-ppo-ac-NN(6,6)-(lr=1.0e-5)-(86-params)",classic_NN_6-6,40
24.0,24,141948,CartPole-v1,"CP-ppo-ac-NN(6,6)-(lr=1.0e-5)-(86-params)",classic_NN_6-6,40
21.0,21,141984,CartPole-v1,"CP-ppo-ac-NN(6,6)-(lr=1.0e-5)-(86-params)",classic_NN_6-6,40
31.0,31,142012,CartPole-v1,"CP-ppo-ac-NN(6,6)-(lr=1.0e-5)-(86-params)",classic_NN_6-6,40
29.0,29,142016,CartPole-v1,"CP-ppo-ac-NN(6,6)-(lr=1.0e-5)-(86-params)",classic_NN_6-6,40
22.0,22,142036,CartPole-v1,"CP-ppo-ac-NN(6,6)-(lr=1.0e-5)-(86-params)",classic_NN_6-6,40
21.0,21,142068,CartPole-v1,"CP-ppo-ac-NN(6,6)-(lr=1.0e-5)-(86-params)",classic_NN_6-6,40
19.0,19,142088,CartPole-v1,"CP-ppo-ac-NN(6,6)-(lr=1.0e-5)-(86-params)",classic_NN_6-6,40
13.0,13,142088,CartPole-v1,"CP-ppo-ac-NN(6,6)-(lr=1.0e-5)-(86-params)",classic_NN_6-6,40
17.0,17,142136,CartPole-v1,"CP-ppo-ac-NN(6,6)-(lr=1.0e-5)-(86-params)",classic_NN_6-6,40
37.0,37,142164,CartPole-v1,"CP-ppo-ac-NN(6,6)-(lr=1.0e-5)-(86-params)",classic_NN_6-6,40
17.0,17,142204,CartPole-v1,"CP-ppo-ac-NN(6,6)-(lr=1.0e-5)-(86-params)",classic_NN_6-6,40
15.0,15,142224,CartPole-v1,"CP-ppo-ac-NN(6,6)-(lr=1.0e-5)-(86-params)",classic_NN_6-6,40
35.0,35,142228,CartPole-v1,"CP-ppo-ac-NN(6,6)-(lr=1.0e-5)-(86-params)",classic_NN_6-6,40
47.0,47,142276,CartPole-v1,"CP-ppo-ac-NN(6,6)-(lr=1.0e-5)-(86-params)",classic_NN_6-6,40
21.0,21,142288,CartPole-v1,"CP-ppo-ac-NN(6,6)-(lr=1.0e-5)-(86-params)",classic_NN_6-6,40
17.0,17,142296,CartPole-v1,"CP-ppo-ac-NN(6,6)-(lr=1.0e-5)-(86-params)",classic_NN_6-6,40
10.0,10,142316,CartPole-v1,"CP-ppo-ac-NN(6,6)-(lr=1.0e-5)-(86-params)",classic_NN_6-6,40
11.0,11,142340,CartPole-v1,"CP-ppo-ac-NN(6,6)-(lr=1.0e-5)-(86-params)",classic_NN_6-6,40
29.0,29,142340,CartPole-v1,"CP-ppo-ac-NN(6,6)-(lr=1.0e-5)-(86-params)",classic_NN_6-6,40
20.0,20,142368,CartPole-v1,"CP-ppo-ac-NN(6,6)-(lr=1.0e-5)-(86-params)",classic_NN_6-6,40
23.0,23,142432,CartPole-v1,"CP-ppo-ac-NN(6,6)-(lr=1.0e-5)-(86-params)",classic_NN_6-6,40
25.0,25,142440,CartPole-v1,"CP-ppo-ac-NN(6,6)-(lr=1.0e-5)-(86-params)",classic_NN_6-6,40
34.0,34,142452,CartPole-v1,"CP-ppo-ac-NN(6,6)-(lr=1.0e-5)-(86-params)",classic_NN_6-6,40
13.0,13,142484,CartPole-v1,"CP-ppo-ac-NN(6,6)-(lr=1.0e-5)-(86-params)",classic_NN_6-6,40
16.0,16,142548,CartPole-v1,"CP-ppo-ac-NN(6,6)-(lr=1.0e-5)-(86-params)",classic_NN_6-6,40
33.0,33,142584,CartPole-v1,"CP-ppo-ac-NN(6,6)-(lr=1.0e-5)-(86-params)",classic_NN_6-6,40
13.0,13,142600,CartPole-v1,"CP-ppo-ac-NN(6,6)-(lr=1.0e-5)-(86-params)",classic_NN_6-6,40
15.0,15,142644,CartPole-v1,"CP-ppo-ac-NN(6,6)-(lr=1.0e-5)-(86-params)",classic_NN_6-6,40
29.0,29,142716,CartPole-v1,"CP-ppo-ac-NN(6,6)-(lr=1.0e-5)-(86-params)",classic_NN_6-6,40
92.0,92,142736,CartPole-v1,"CP-ppo-ac-NN(6,6)-(lr=1.0e-5)-(86-params)",classic_NN_6-6,40
23.0,23,142736,CartPole-v1,"CP-ppo-ac-NN(6,6)-(lr=1.0e-5)-(86-params)",classic_NN_6-6,40
16.0,16,142780,CartPole-v1,"CP-ppo-ac-NN(6,6)-(lr=1.0e-5)-(86-params)",classic_NN_6-6,40
97.0,97,142828,CartPole-v1,"CP-ppo-ac-NN(6,6)-(lr=1.0e-5)-(86-params)",classic_NN_6-6,40
25.0,25,142836,CartPole-v1,"CP-ppo-ac-NN(6,6)-(lr=1.0e-5)-(86-params)",classic_NN_6-6,40
16.0,16,142844,CartPole-v1,"CP-ppo-ac-NN(6,6)-(lr=1.0e-5)-(86-params)",classic_NN_6-6,40
35.0,35,142876,CartPole-v1,"CP-ppo-ac-NN(6,6)-(lr=1.0e-5)-(86-params)",classic_NN_6-6,40
36.0,36,142972,CartPole-v1,"CP-ppo-ac-NN(6,6)-(lr=1.0e-5)-(86-params)",classic_NN_6-6,40
28.0,28,142988,CartPole-v1,"CP-ppo-ac-NN(6,6)-(lr=1.0e-5)-(86-params)",classic_NN_6-6,40
21.0,21,143056,CartPole-v1,"CP-ppo-ac-NN(6,6)-(lr=1.0e-5)-(86-params)",classic_NN_6-6,40
33.0,33,143120,CartPole-v1,"CP-ppo-ac-NN(6,6)-(lr=1.0e-5)-(86-params)",classic_NN_6-6,40
83.0,83,143176,CartPole-v1,"CP-ppo-ac-NN(6,6)-(lr=1.0e-5)-(86-params)",classic_NN_6-6,40
87.0,87,143184,CartPole-v1,"CP-ppo-ac-NN(6,6)-(lr=1.0e-5)-(86-params)",classic_NN_6-6,40
15.0,15,143236,CartPole-v1,"CP-ppo-ac-NN(6,6)-(lr=1.0e-5)-(86-params)",classic_NN_6-6,40
38.0,38,143272,CartPole-v1,"CP-ppo-ac-NN(6,6)-(lr=1.0e-5)-(86-params)",classic_NN_6-6,40
63.0,63,143308,CartPole-v1,"CP-ppo-ac-NN(6,6)-(lr=1.0e-5)-(86-params)",classic_NN_6-6,40
43.0,43,143356,CartPole-v1,"CP-ppo-ac-NN(6,6)-(lr=1.0e-5)-(86-params)",classic_NN_6-6,40
42.0,42,143440,CartPole-v1,"CP-ppo-ac-NN(6,6)-(lr=1.0e-5)-(86-params)",classic_NN_6-6,40
23.0,23,143448,CartPole-v1,"CP-ppo-ac-NN(6,6)-(lr=1.0e-5)-(86-params)",classic_NN_6-6,40
64.0,64,143492,CartPole-v1,"CP-ppo-ac-NN(6,6)-(lr=1.0e-5)-(86-params)",classic_NN_6-6,40
18.0,18,143512,CartPole-v1,"CP-ppo-ac-NN(6,6)-(lr=1.0e-5)-(86-params)",classic_NN_6-6,40
54.0,54,143524,CartPole-v1,"CP-ppo-ac-NN(6,6)-(lr=1.0e-5)-(86-params)",classic_NN_6-6,40
25.0,25,143548,CartPole-v1,"CP-ppo-ac-NN(6,6)-(lr=1.0e-5)-(86-params)",classic_NN_6-6,40
10.0,10,143564,CartPole-v1,"CP-ppo-ac-NN(6,6)-(lr=1.0e-5)-(86-params)",classic_NN_6-6,40
25.0,25,143592,CartPole-v1,"CP-ppo-ac-NN(6,6)-(lr=1.0e-5)-(86-params)",classic_NN_6-6,40
11.0,11,143592,CartPole-v1,"CP-ppo-ac-NN(6,6)-(lr=1.0e-5)-(86-params)",classic_NN_6-6,40
15.0,15,143624,CartPole-v1,"CP-ppo-ac-NN(6,6)-(lr=1.0e-5)-(86-params)",classic_NN_6-6,40
30.0,30,143632,CartPole-v1,"CP-ppo-ac-NN(6,6)-(lr=1.0e-5)-(86-params)",classic_NN_6-6,40
15.0,15,143652,CartPole-v1,"CP-ppo-ac-NN(6,6)-(lr=1.0e-5)-(86-params)",classic_NN_6-6,40
19.0,19,143668,CartPole-v1,"CP-ppo-ac-NN(6,6)-(lr=1.0e-5)-(86-params)",classic_NN_6-6,40
14.0,14,143688,CartPole-v1,"CP-ppo-ac-NN(6,6)-(lr=1.0e-5)-(86-params)",classic_NN_6-6,40
17.0,17,143720,CartPole-v1,"CP-ppo-ac-NN(6,6)-(lr=1.0e-5)-(86-params)",classic_NN_6-6,40
14.0,14,143724,CartPole-v1,"CP-ppo-ac-NN(6,6)-(lr=1.0e-5)-(86-params)",classic_NN_6-6,40
11.0,11,143732,CartPole-v1,"CP-ppo-ac-NN(6,6)-(lr=1.0e-5)-(86-params)",classic_NN_6-6,40
32.0,32,143752,CartPole-v1,"CP-ppo-ac-NN(6,6)-(lr=1.0e-5)-(86-params)",classic_NN_6-6,40
13.0,13,143804,CartPole-v1,"CP-ppo-ac-NN(6,6)-(lr=1.0e-5)-(86-params)",classic_NN_6-6,40
23.0,23,143816,CartPole-v1,"CP-ppo-ac-NN(6,6)-(lr=1.0e-5)-(86-params)",classic_NN_6-6,40
13.0,13,143856,CartPole-v1,"CP-ppo-ac-NN(6,6)-(lr=1.0e-5)-(86-params)",classic_NN_6-6,40
23.0,23,143908,CartPole-v1,"CP-ppo-ac-NN(6,6)-(lr=1.0e-5)-(86-params)",classic_NN_6-6,40
53.0,53,143944,CartPole-v1,"CP-ppo-ac-NN(6,6)-(lr=1.0e-5)-(86-params)",classic_NN_6-6,40
27.0,27,143964,CartPole-v1,"CP-ppo-ac-NN(6,6)-(lr=1.0e-5)-(86-params)",classic_NN_6-6,40
15.0,15,144004,CartPole-v1,"CP-ppo-ac-NN(6,6)-(lr=1.0e-5)-(86-params)",classic_NN_6-6,40
72.0,72,144008,CartPole-v1,"CP-ppo-ac-NN(6,6)-(lr=1.0e-5)-(86-params)",classic_NN_6-6,40
11.0,11,144052,CartPole-v1,"CP-ppo-ac-NN(6,6)-(lr=1.0e-5)-(86-params)",classic_NN_6-6,40
30.0,30,144084,CartPole-v1,"CP-ppo-ac-NN(6,6)-(lr=1.0e-5)-(86-params)",classic_NN_6-6,40
26.0,26,144108,CartPole-v1,"CP-ppo-ac-NN(6,6)-(lr=1.0e-5)-(86-params)",classic_NN_6-6,40
20.0,20,144188,CartPole-v1,"CP-ppo-ac-NN(6,6)-(lr=1.0e-5)-(86-params)",classic_NN_6-6,40
37.0,37,144200,CartPole-v1,"CP-ppo-ac-NN(6,6)-(lr=1.0e-5)-(86-params)",classic_NN_6-6,40
76.0,76,144212,CartPole-v1,"CP-ppo-ac-NN(6,6)-(lr=1.0e-5)-(86-params)",classic_NN_6-6,40
36.0,36,144228,CartPole-v1,"CP-ppo-ac-NN(6,6)-(lr=1.0e-5)-(86-params)",classic_NN_6-6,40
11.0,11,144232,CartPole-v1,"CP-ppo-ac-NN(6,6)-(lr=1.0e-5)-(86-params)",classic_NN_6-6,40
14.0,14,144284,CartPole-v1,"CP-ppo-ac-NN(6,6)-(lr=1.0e-5)-(86-params)",classic_NN_6-6,40
14.0,14,144288,CartPole-v1,"CP-ppo-ac-NN(6,6)-(lr=1.0e-5)-(86-params)",classic_NN_6-6,40
24.0,24,144296,CartPole-v1,"CP-ppo-ac-NN(6,6)-(lr=1.0e-5)-(86-params)",classic_NN_6-6,40
21.0,21,144296,CartPole-v1,"CP-ppo-ac-NN(6,6)-(lr=1.0e-5)-(86-params)",classic_NN_6-6,40
13.0,13,144336,CartPole-v1,"CP-ppo-ac-NN(6,6)-(lr=1.0e-5)-(86-params)",classic_NN_6-6,40
13.0,13,144348,CartPole-v1,"CP-ppo-ac-NN(6,6)-(lr=1.0e-5)-(86-params)",classic_NN_6-6,40
19.0,19,144364,CartPole-v1,"CP-ppo-ac-NN(6,6)-(lr=1.0e-5)-(86-params)",classic_NN_6-6,40
23.0,23,144388,CartPole-v1,"CP-ppo-ac-NN(6,6)-(lr=1.0e-5)-(86-params)",classic_NN_6-6,40
11.0,11,144432,CartPole-v1,"CP-ppo-ac-NN(6,6)-(lr=1.0e-5)-(86-params)",classic_NN_6-6,40
17.0,17,144432,CartPole-v1,"CP-ppo-ac-NN(6,6)-(lr=1.0e-5)-(86-params)",classic_NN_6-6,40
26.0,26,144440,CartPole-v1,"CP-ppo-ac-NN(6,6)-(lr=1.0e-5)-(86-params)",classic_NN_6-6,40
13.0,13,144484,CartPole-v1,"CP-ppo-ac-NN(6,6)-(lr=1.0e-5)-(86-params)",classic_NN_6-6,40
12.0,12,144488,CartPole-v1,"CP-ppo-ac-NN(6,6)-(lr=1.0e-5)-(86-params)",classic_NN_6-6,40
37.0,37,144496,CartPole-v1,"CP-ppo-ac-NN(6,6)-(lr=1.0e-5)-(86-params)",classic_NN_6-6,40
10.0,10,144536,CartPole-v1,"CP-ppo-ac-NN(6,6)-(lr=1.0e-5)-(86-params)",classic_NN_6-6,40
14.0,14,144540,CartPole-v1,"CP-ppo-ac-NN(6,6)-(lr=1.0e-5)-(86-params)",classic_NN_6-6,40
34.0,34,144568,CartPole-v1,"CP-ppo-ac-NN(6,6)-(lr=1.0e-5)-(86-params)",classic_NN_6-6,40
11.0,11,144580,CartPole-v1,"CP-ppo-ac-NN(6,6)-(lr=1.0e-5)-(86-params)",classic_NN_6-6,40
14.0,14,144624,CartPole-v1,"CP-ppo-ac-NN(6,6)-(lr=1.0e-5)-(86-params)",classic_NN_6-6,40
11.0,11,144624,CartPole-v1,"CP-ppo-ac-NN(6,6)-(lr=1.0e-5)-(86-params)",classic_NN_6-6,40
35.0,35,144628,CartPole-v1,"CP-ppo-ac-NN(6,6)-(lr=1.0e-5)-(86-params)",classic_NN_6-6,40
23.0,23,144632,CartPole-v1,"CP-ppo-ac-NN(6,6)-(lr=1.0e-5)-(86-params)",classic_NN_6-6,40
15.0,15,144684,CartPole-v1,"CP-ppo-ac-NN(6,6)-(lr=1.0e-5)-(86-params)",classic_NN_6-6,40
16.0,16,144696,CartPole-v1,"CP-ppo-ac-NN(6,6)-(lr=1.0e-5)-(86-params)",classic_NN_6-6,40
20.0,20,144704,CartPole-v1,"CP-ppo-ac-NN(6,6)-(lr=1.0e-5)-(86-params)",classic_NN_6-6,40
19.0,19,144704,CartPole-v1,"CP-ppo-ac-NN(6,6)-(lr=1.0e-5)-(86-params)",classic_NN_6-6,40
21.0,21,144768,CartPole-v1,"CP-ppo-ac-NN(6,6)-(lr=1.0e-5)-(86-params)",classic_NN_6-6,40
26.0,26,144808,CartPole-v1,"CP-ppo-ac-NN(6,6)-(lr=1.0e-5)-(86-params)",classic_NN_6-6,40
29.0,29,144820,CartPole-v1,"CP-ppo-ac-NN(6,6)-(lr=1.0e-5)-(86-params)",classic_NN_6-6,40
21.0,21,144852,CartPole-v1,"CP-ppo-ac-NN(6,6)-(lr=1.0e-5)-(86-params)",classic_NN_6-6,40
16.0,16,144872,CartPole-v1,"CP-ppo-ac-NN(6,6)-(lr=1.0e-5)-(86-params)",classic_NN_6-6,40
18.0,18,144892,CartPole-v1,"CP-ppo-ac-NN(6,6)-(lr=1.0e-5)-(86-params)",classic_NN_6-6,40
53.0,53,144908,CartPole-v1,"CP-ppo-ac-NN(6,6)-(lr=1.0e-5)-(86-params)",classic_NN_6-6,40
18.0,18,144924,CartPole-v1,"CP-ppo-ac-NN(6,6)-(lr=1.0e-5)-(86-params)",classic_NN_6-6,40
14.0,14,144980,CartPole-v1,"CP-ppo-ac-NN(6,6)-(lr=1.0e-5)-(86-params)",classic_NN_6-6,40
27.0,27,145016,CartPole-v1,"CP-ppo-ac-NN(6,6)-(lr=1.0e-5)-(86-params)",classic_NN_6-6,40
35.0,35,145032,CartPole-v1,"CP-ppo-ac-NN(6,6)-(lr=1.0e-5)-(86-params)",classic_NN_6-6,40
12.0,12,145064,CartPole-v1,"CP-ppo-ac-NN(6,6)-(lr=1.0e-5)-(86-params)",classic_NN_6-6,40
22.0,22,145068,CartPole-v1,"CP-ppo-ac-NN(6,6)-(lr=1.0e-5)-(86-params)",classic_NN_6-6,40
49.0,49,145068,CartPole-v1,"CP-ppo-ac-NN(6,6)-(lr=1.0e-5)-(86-params)",classic_NN_6-6,40
17.0,17,145100,CartPole-v1,"CP-ppo-ac-NN(6,6)-(lr=1.0e-5)-(86-params)",classic_NN_6-6,40
19.0,19,145144,CartPole-v1,"CP-ppo-ac-NN(6,6)-(lr=1.0e-5)-(86-params)",classic_NN_6-6,40
13.0,13,145152,CartPole-v1,"CP-ppo-ac-NN(6,6)-(lr=1.0e-5)-(86-params)",classic_NN_6-6,40
22.0,22,145156,CartPole-v1,"CP-ppo-ac-NN(6,6)-(lr=1.0e-5)-(86-params)",classic_NN_6-6,40
13.0,13,145208,CartPole-v1,"CP-ppo-ac-NN(6,6)-(lr=1.0e-5)-(86-params)",classic_NN_6-6,40
42.0,42,145232,CartPole-v1,"CP-ppo-ac-NN(6,6)-(lr=1.0e-5)-(86-params)",classic_NN_6-6,40
21.0,21,145236,CartPole-v1,"CP-ppo-ac-NN(6,6)-(lr=1.0e-5)-(86-params)",classic_NN_6-6,40
9.0,9,145244,CartPole-v1,"CP-ppo-ac-NN(6,6)-(lr=1.0e-5)-(86-params)",classic_NN_6-6,40
16.0,16,145300,CartPole-v1,"CP-ppo-ac-NN(6,6)-(lr=1.0e-5)-(86-params)",classic_NN_6-6,40
44.0,44,145320,CartPole-v1,"CP-ppo-ac-NN(6,6)-(lr=1.0e-5)-(86-params)",classic_NN_6-6,40
23.0,23,145324,CartPole-v1,"CP-ppo-ac-NN(6,6)-(lr=1.0e-5)-(86-params)",classic_NN_6-6,40
11.0,11,145344,CartPole-v1,"CP-ppo-ac-NN(6,6)-(lr=1.0e-5)-(86-params)",classic_NN_6-6,40
26.0,26,145348,CartPole-v1,"CP-ppo-ac-NN(6,6)-(lr=1.0e-5)-(86-params)",classic_NN_6-6,40
11.0,11,145368,CartPole-v1,"CP-ppo-ac-NN(6,6)-(lr=1.0e-5)-(86-params)",classic_NN_6-6,40
27.0,27,145476,CartPole-v1,"CP-ppo-ac-NN(6,6)-(lr=1.0e-5)-(86-params)",classic_NN_6-6,40
37.0,37,145492,CartPole-v1,"CP-ppo-ac-NN(6,6)-(lr=1.0e-5)-(86-params)",classic_NN_6-6,40
38.0,38,145500,CartPole-v1,"CP-ppo-ac-NN(6,6)-(lr=1.0e-5)-(86-params)",classic_NN_6-6,40
51.0,51,145524,CartPole-v1,"CP-ppo-ac-NN(6,6)-(lr=1.0e-5)-(86-params)",classic_NN_6-6,40
13.0,13,145552,CartPole-v1,"CP-ppo-ac-NN(6,6)-(lr=1.0e-5)-(86-params)",classic_NN_6-6,40
13.0,13,145576,CartPole-v1,"CP-ppo-ac-NN(6,6)-(lr=1.0e-5)-(86-params)",classic_NN_6-6,40
33.0,33,145624,CartPole-v1,"CP-ppo-ac-NN(6,6)-(lr=1.0e-5)-(86-params)",classic_NN_6-6,40
14.0,14,145632,CartPole-v1,"CP-ppo-ac-NN(6,6)-(lr=1.0e-5)-(86-params)",classic_NN_6-6,40
21.0,21,145636,CartPole-v1,"CP-ppo-ac-NN(6,6)-(lr=1.0e-5)-(86-params)",classic_NN_6-6,40
20.0,20,145716,CartPole-v1,"CP-ppo-ac-NN(6,6)-(lr=1.0e-5)-(86-params)",classic_NN_6-6,40
29.0,29,145748,CartPole-v1,"CP-ppo-ac-NN(6,6)-(lr=1.0e-5)-(86-params)",classic_NN_6-6,40
69.0,69,145752,CartPole-v1,"CP-ppo-ac-NN(6,6)-(lr=1.0e-5)-(86-params)",classic_NN_6-6,40
40.0,40,145784,CartPole-v1,"CP-ppo-ac-NN(6,6)-(lr=1.0e-5)-(86-params)",classic_NN_6-6,40
17.0,17,145784,CartPole-v1,"CP-ppo-ac-NN(6,6)-(lr=1.0e-5)-(86-params)",classic_NN_6-6,40
13.0,13,145800,CartPole-v1,"CP-ppo-ac-NN(6,6)-(lr=1.0e-5)-(86-params)",classic_NN_6-6,40
32.0,32,145880,CartPole-v1,"CP-ppo-ac-NN(6,6)-(lr=1.0e-5)-(86-params)",classic_NN_6-6,40
21.0,21,145884,CartPole-v1,"CP-ppo-ac-NN(6,6)-(lr=1.0e-5)-(86-params)",classic_NN_6-6,40
29.0,29,145900,CartPole-v1,"CP-ppo-ac-NN(6,6)-(lr=1.0e-5)-(86-params)",classic_NN_6-6,40
17.0,17,145952,CartPole-v1,"CP-ppo-ac-NN(6,6)-(lr=1.0e-5)-(86-params)",classic_NN_6-6,40
22.0,22,145968,CartPole-v1,"CP-ppo-ac-NN(6,6)-(lr=1.0e-5)-(86-params)",classic_NN_6-6,40
51.0,51,145988,CartPole-v1,"CP-ppo-ac-NN(6,6)-(lr=1.0e-5)-(86-params)",classic_NN_6-6,40
11.0,11,146032,CartPole-v1,"CP-ppo-ac-NN(6,6)-(lr=1.0e-5)-(86-params)",classic_NN_6-6,40
33.0,33,146084,CartPole-v1,"CP-ppo-ac-NN(6,6)-(lr=1.0e-5)-(86-params)",classic_NN_6-6,40
53.0,53,146112,CartPole-v1,"CP-ppo-ac-NN(6,6)-(lr=1.0e-5)-(86-params)",classic_NN_6-6,40
25.0,25,146132,CartPole-v1,"CP-ppo-ac-NN(6,6)-(lr=1.0e-5)-(86-params)",classic_NN_6-6,40
11.0,11,146176,CartPole-v1,"CP-ppo-ac-NN(6,6)-(lr=1.0e-5)-(86-params)",classic_NN_6-6,40
27.0,27,146192,CartPole-v1,"CP-ppo-ac-NN(6,6)-(lr=1.0e-5)-(86-params)",classic_NN_6-6,40
29.0,29,146228,CartPole-v1,"CP-ppo-ac-NN(6,6)-(lr=1.0e-5)-(86-params)",classic_NN_6-6,40
17.0,17,146260,CartPole-v1,"CP-ppo-ac-NN(6,6)-(lr=1.0e-5)-(86-params)",classic_NN_6-6,40
23.0,23,146268,CartPole-v1,"CP-ppo-ac-NN(6,6)-(lr=1.0e-5)-(86-params)",classic_NN_6-6,40
11.0,11,146304,CartPole-v1,"CP-ppo-ac-NN(6,6)-(lr=1.0e-5)-(86-params)",classic_NN_6-6,40
24.0,24,146324,CartPole-v1,"CP-ppo-ac-NN(6,6)-(lr=1.0e-5)-(86-params)",classic_NN_6-6,40
15.0,15,146328,CartPole-v1,"CP-ppo-ac-NN(6,6)-(lr=1.0e-5)-(86-params)",classic_NN_6-6,40
95.0,95,146348,CartPole-v1,"CP-ppo-ac-NN(6,6)-(lr=1.0e-5)-(86-params)",classic_NN_6-6,40
25.0,25,146428,CartPole-v1,"CP-ppo-ac-NN(6,6)-(lr=1.0e-5)-(86-params)",classic_NN_6-6,40
41.0,41,146468,CartPole-v1,"CP-ppo-ac-NN(6,6)-(lr=1.0e-5)-(86-params)",classic_NN_6-6,40
19.0,19,146504,CartPole-v1,"CP-ppo-ac-NN(6,6)-(lr=1.0e-5)-(86-params)",classic_NN_6-6,40
14.0,14,146524,CartPole-v1,"CP-ppo-ac-NN(6,6)-(lr=1.0e-5)-(86-params)",classic_NN_6-6,40
15.0,15,146564,CartPole-v1,"CP-ppo-ac-NN(6,6)-(lr=1.0e-5)-(86-params)",classic_NN_6-6,40
55.0,55,146568,CartPole-v1,"CP-ppo-ac-NN(6,6)-(lr=1.0e-5)-(86-params)",classic_NN_6-6,40
62.0,62,146572,CartPole-v1,"CP-ppo-ac-NN(6,6)-(lr=1.0e-5)-(86-params)",classic_NN_6-6,40
14.0,14,146620,CartPole-v1,"CP-ppo-ac-NN(6,6)-(lr=1.0e-5)-(86-params)",classic_NN_6-6,40
25.0,25,146624,CartPole-v1,"CP-ppo-ac-NN(6,6)-(lr=1.0e-5)-(86-params)",classic_NN_6-6,40
15.0,15,146632,CartPole-v1,"CP-ppo-ac-NN(6,6)-(lr=1.0e-5)-(86-params)",classic_NN_6-6,40
19.0,19,146644,CartPole-v1,"CP-ppo-ac-NN(6,6)-(lr=1.0e-5)-(86-params)",classic_NN_6-6,40
12.0,12,146672,CartPole-v1,"CP-ppo-ac-NN(6,6)-(lr=1.0e-5)-(86-params)",classic_NN_6-6,40
16.0,16,146696,CartPole-v1,"CP-ppo-ac-NN(6,6)-(lr=1.0e-5)-(86-params)",classic_NN_6-6,40
16.0,16,146736,CartPole-v1,"CP-ppo-ac-NN(6,6)-(lr=1.0e-5)-(86-params)",classic_NN_6-6,40
30.0,30,146764,CartPole-v1,"CP-ppo-ac-NN(6,6)-(lr=1.0e-5)-(86-params)",classic_NN_6-6,40
39.0,39,146776,CartPole-v1,"CP-ppo-ac-NN(6,6)-(lr=1.0e-5)-(86-params)",classic_NN_6-6,40
28.0,28,146808,CartPole-v1,"CP-ppo-ac-NN(6,6)-(lr=1.0e-5)-(86-params)",classic_NN_6-6,40
12.0,12,146812,CartPole-v1,"CP-ppo-ac-NN(6,6)-(lr=1.0e-5)-(86-params)",classic_NN_6-6,40
11.0,11,146820,CartPole-v1,"CP-ppo-ac-NN(6,6)-(lr=1.0e-5)-(86-params)",classic_NN_6-6,40
22.0,22,146824,CartPole-v1,"CP-ppo-ac-NN(6,6)-(lr=1.0e-5)-(86-params)",classic_NN_6-6,40
14.0,14,146864,CartPole-v1,"CP-ppo-ac-NN(6,6)-(lr=1.0e-5)-(86-params)",classic_NN_6-6,40
13.0,13,146876,CartPole-v1,"CP-ppo-ac-NN(6,6)-(lr=1.0e-5)-(86-params)",classic_NN_6-6,40
20.0,20,146900,CartPole-v1,"CP-ppo-ac-NN(6,6)-(lr=1.0e-5)-(86-params)",classic_NN_6-6,40
9.0,9,146936,CartPole-v1,"CP-ppo-ac-NN(6,6)-(lr=1.0e-5)-(86-params)",classic_NN_6-6,40
38.0,38,146964,CartPole-v1,"CP-ppo-ac-NN(6,6)-(lr=1.0e-5)-(86-params)",classic_NN_6-6,40
27.0,27,146972,CartPole-v1,"CP-ppo-ac-NN(6,6)-(lr=1.0e-5)-(86-params)",classic_NN_6-6,40
29.0,29,146992,CartPole-v1,"CP-ppo-ac-NN(6,6)-(lr=1.0e-5)-(86-params)",classic_NN_6-6,40
18.0,18,147044,CartPole-v1,"CP-ppo-ac-NN(6,6)-(lr=1.0e-5)-(86-params)",classic_NN_6-6,40
29.0,29,147080,CartPole-v1,"CP-ppo-ac-NN(6,6)-(lr=1.0e-5)-(86-params)",classic_NN_6-6,40
38.0,38,147088,CartPole-v1,"CP-ppo-ac-NN(6,6)-(lr=1.0e-5)-(86-params)",classic_NN_6-6,40
32.0,32,147120,CartPole-v1,"CP-ppo-ac-NN(6,6)-(lr=1.0e-5)-(86-params)",classic_NN_6-6,40
15.0,15,147148,CartPole-v1,"CP-ppo-ac-NN(6,6)-(lr=1.0e-5)-(86-params)",classic_NN_6-6,40
34.0,34,147180,CartPole-v1,"CP-ppo-ac-NN(6,6)-(lr=1.0e-5)-(86-params)",classic_NN_6-6,40
28.0,28,147192,CartPole-v1,"CP-ppo-ac-NN(6,6)-(lr=1.0e-5)-(86-params)",classic_NN_6-6,40
24.0,24,147216,CartPole-v1,"CP-ppo-ac-NN(6,6)-(lr=1.0e-5)-(86-params)",classic_NN_6-6,40
20.0,20,147228,CartPole-v1,"CP-ppo-ac-NN(6,6)-(lr=1.0e-5)-(86-params)",classic_NN_6-6,40
12.0,12,147228,CartPole-v1,"CP-ppo-ac-NN(6,6)-(lr=1.0e-5)-(86-params)",classic_NN_6-6,40
20.0,20,147272,CartPole-v1,"CP-ppo-ac-NN(6,6)-(lr=1.0e-5)-(86-params)",classic_NN_6-6,40
18.0,18,147288,CartPole-v1,"CP-ppo-ac-NN(6,6)-(lr=1.0e-5)-(86-params)",classic_NN_6-6,40
18.0,18,147300,CartPole-v1,"CP-ppo-ac-NN(6,6)-(lr=1.0e-5)-(86-params)",classic_NN_6-6,40
14.0,14,147328,CartPole-v1,"CP-ppo-ac-NN(6,6)-(lr=1.0e-5)-(86-params)",classic_NN_6-6,40
30.0,30,147348,CartPole-v1,"CP-ppo-ac-NN(6,6)-(lr=1.0e-5)-(86-params)",classic_NN_6-6,40
10.0,10,147368,CartPole-v1,"CP-ppo-ac-NN(6,6)-(lr=1.0e-5)-(86-params)",classic_NN_6-6,40
22.0,22,147436,CartPole-v1,"CP-ppo-ac-NN(6,6)-(lr=1.0e-5)-(86-params)",classic_NN_6-6,40
48.0,48,147492,CartPole-v1,"CP-ppo-ac-NN(6,6)-(lr=1.0e-5)-(86-params)",classic_NN_6-6,40
57.0,57,147516,CartPole-v1,"CP-ppo-ac-NN(6,6)-(lr=1.0e-5)-(86-params)",classic_NN_6-6,40
22.0,22,147524,CartPole-v1,"CP-ppo-ac-NN(6,6)-(lr=1.0e-5)-(86-params)",classic_NN_6-6,40
50.0,50,147568,CartPole-v1,"CP-ppo-ac-NN(6,6)-(lr=1.0e-5)-(86-params)",classic_NN_6-6,40
13.0,13,147576,CartPole-v1,"CP-ppo-ac-NN(6,6)-(lr=1.0e-5)-(86-params)",classic_NN_6-6,40
24.0,24,147588,CartPole-v1,"CP-ppo-ac-NN(6,6)-(lr=1.0e-5)-(86-params)",classic_NN_6-6,40
19.0,19,147592,CartPole-v1,"CP-ppo-ac-NN(6,6)-(lr=1.0e-5)-(86-params)",classic_NN_6-6,40
9.0,9,147612,CartPole-v1,"CP-ppo-ac-NN(6,6)-(lr=1.0e-5)-(86-params)",classic_NN_6-6,40
21.0,21,147652,CartPole-v1,"CP-ppo-ac-NN(6,6)-(lr=1.0e-5)-(86-params)",classic_NN_6-6,40
20.0,20,147672,CartPole-v1,"CP-ppo-ac-NN(6,6)-(lr=1.0e-5)-(86-params)",classic_NN_6-6,40
20.0,20,147692,CartPole-v1,"CP-ppo-ac-NN(6,6)-(lr=1.0e-5)-(86-params)",classic_NN_6-6,40
11.0,11,147696,CartPole-v1,"CP-ppo-ac-NN(6,6)-(lr=1.0e-5)-(86-params)",classic_NN_6-6,40
11.0,11,147716,CartPole-v1,"CP-ppo-ac-NN(6,6)-(lr=1.0e-5)-(86-params)",classic_NN_6-6,40
19.0,19,147768,CartPole-v1,"CP-ppo-ac-NN(6,6)-(lr=1.0e-5)-(86-params)",classic_NN_6-6,40
31.0,31,147820,CartPole-v1,"CP-ppo-ac-NN(6,6)-(lr=1.0e-5)-(86-params)",classic_NN_6-6,40
60.0,60,147828,CartPole-v1,"CP-ppo-ac-NN(6,6)-(lr=1.0e-5)-(86-params)",classic_NN_6-6,40
21.0,21,147852,CartPole-v1,"CP-ppo-ac-NN(6,6)-(lr=1.0e-5)-(86-params)",classic_NN_6-6,40
13.0,13,147880,CartPole-v1,"CP-ppo-ac-NN(6,6)-(lr=1.0e-5)-(86-params)",classic_NN_6-6,40
18.0,18,147892,CartPole-v1,"CP-ppo-ac-NN(6,6)-(lr=1.0e-5)-(86-params)",classic_NN_6-6,40
18.0,18,147924,CartPole-v1,"CP-ppo-ac-NN(6,6)-(lr=1.0e-5)-(86-params)",classic_NN_6-6,40
54.0,54,147932,CartPole-v1,"CP-ppo-ac-NN(6,6)-(lr=1.0e-5)-(86-params)",classic_NN_6-6,40
13.0,13,147944,CartPole-v1,"CP-ppo-ac-NN(6,6)-(lr=1.0e-5)-(86-params)",classic_NN_6-6,40
18.0,18,148016,CartPole-v1,"CP-ppo-ac-NN(6,6)-(lr=1.0e-5)-(86-params)",classic_NN_6-6,40
35.0,35,148020,CartPole-v1,"CP-ppo-ac-NN(6,6)-(lr=1.0e-5)-(86-params)",classic_NN_6-6,40
30.0,30,148044,CartPole-v1,"CP-ppo-ac-NN(6,6)-(lr=1.0e-5)-(86-params)",classic_NN_6-6,40
12.0,12,148064,CartPole-v1,"CP-ppo-ac-NN(6,6)-(lr=1.0e-5)-(86-params)",classic_NN_6-6,40
10.0,10,148084,CartPole-v1,"CP-ppo-ac-NN(6,6)-(lr=1.0e-5)-(86-params)",classic_NN_6-6,40
39.0,39,148088,CartPole-v1,"CP-ppo-ac-NN(6,6)-(lr=1.0e-5)-(86-params)",classic_NN_6-6,40
11.0,11,148108,CartPole-v1,"CP-ppo-ac-NN(6,6)-(lr=1.0e-5)-(86-params)",classic_NN_6-6,40
26.0,26,148124,CartPole-v1,"CP-ppo-ac-NN(6,6)-(lr=1.0e-5)-(86-params)",classic_NN_6-6,40
19.0,19,148160,CartPole-v1,"CP-ppo-ac-NN(6,6)-(lr=1.0e-5)-(86-params)",classic_NN_6-6,40
15.0,15,148168,CartPole-v1,"CP-ppo-ac-NN(6,6)-(lr=1.0e-5)-(86-params)",classic_NN_6-6,40
22.0,22,148176,CartPole-v1,"CP-ppo-ac-NN(6,6)-(lr=1.0e-5)-(86-params)",classic_NN_6-6,40
15.0,15,148184,CartPole-v1,"CP-ppo-ac-NN(6,6)-(lr=1.0e-5)-(86-params)",classic_NN_6-6,40
13.0,13,148220,CartPole-v1,"CP-ppo-ac-NN(6,6)-(lr=1.0e-5)-(86-params)",classic_NN_6-6,40
9.0,9,148220,CartPole-v1,"CP-ppo-ac-NN(6,6)-(lr=1.0e-5)-(86-params)",classic_NN_6-6,40
18.0,18,148232,CartPole-v1,"CP-ppo-ac-NN(6,6)-(lr=1.0e-5)-(86-params)",classic_NN_6-6,40
17.0,17,148244,CartPole-v1,"CP-ppo-ac-NN(6,6)-(lr=1.0e-5)-(86-params)",classic_NN_6-6,40
24.0,24,148316,CartPole-v1,"CP-ppo-ac-NN(6,6)-(lr=1.0e-5)-(86-params)",classic_NN_6-6,40
19.0,19,148320,CartPole-v1,"CP-ppo-ac-NN(6,6)-(lr=1.0e-5)-(86-params)",classic_NN_6-6,40
9.0,9,148356,CartPole-v1,"CP-ppo-ac-NN(6,6)-(lr=1.0e-5)-(86-params)",classic_NN_6-6,40
34.0,34,148368,CartPole-v1,"CP-ppo-ac-NN(6,6)-(lr=1.0e-5)-(86-params)",classic_NN_6-6,40
37.0,37,148368,CartPole-v1,"CP-ppo-ac-NN(6,6)-(lr=1.0e-5)-(86-params)",classic_NN_6-6,40
37.0,37,148464,CartPole-v1,"CP-ppo-ac-NN(6,6)-(lr=1.0e-5)-(86-params)",classic_NN_6-6,40
28.0,28,148468,CartPole-v1,"CP-ppo-ac-NN(6,6)-(lr=1.0e-5)-(86-params)",classic_NN_6-6,40
31.0,31,148492,CartPole-v1,"CP-ppo-ac-NN(6,6)-(lr=1.0e-5)-(86-params)",classic_NN_6-6,40
18.0,18,148540,CartPole-v1,"CP-ppo-ac-NN(6,6)-(lr=1.0e-5)-(86-params)",classic_NN_6-6,40
44.0,44,148544,CartPole-v1,"CP-ppo-ac-NN(6,6)-(lr=1.0e-5)-(86-params)",classic_NN_6-6,40
23.0,23,148556,CartPole-v1,"CP-ppo-ac-NN(6,6)-(lr=1.0e-5)-(86-params)",classic_NN_6-6,40
11.0,11,148600,CartPole-v1,"CP-ppo-ac-NN(6,6)-(lr=1.0e-5)-(86-params)",classic_NN_6-6,40
17.0,17,148612,CartPole-v1,"CP-ppo-ac-NN(6,6)-(lr=1.0e-5)-(86-params)",classic_NN_6-6,40
22.0,22,148628,CartPole-v1,"CP-ppo-ac-NN(6,6)-(lr=1.0e-5)-(86-params)",classic_NN_6-6,40
18.0,18,148672,CartPole-v1,"CP-ppo-ac-NN(6,6)-(lr=1.0e-5)-(86-params)",classic_NN_6-6,40
47.0,47,148680,CartPole-v1,"CP-ppo-ac-NN(6,6)-(lr=1.0e-5)-(86-params)",classic_NN_6-6,40
23.0,23,148720,CartPole-v1,"CP-ppo-ac-NN(6,6)-(lr=1.0e-5)-(86-params)",classic_NN_6-6,40
29.0,29,148728,CartPole-v1,"CP-ppo-ac-NN(6,6)-(lr=1.0e-5)-(86-params)",classic_NN_6-6,40
14.0,14,148728,CartPole-v1,"CP-ppo-ac-NN(6,6)-(lr=1.0e-5)-(86-params)",classic_NN_6-6,40
14.0,14,148736,CartPole-v1,"CP-ppo-ac-NN(6,6)-(lr=1.0e-5)-(86-params)",classic_NN_6-6,40
23.0,23,148812,CartPole-v1,"CP-ppo-ac-NN(6,6)-(lr=1.0e-5)-(86-params)",classic_NN_6-6,40
23.0,23,148820,CartPole-v1,"CP-ppo-ac-NN(6,6)-(lr=1.0e-5)-(86-params)",classic_NN_6-6,40
14.0,14,148868,CartPole-v1,"CP-ppo-ac-NN(6,6)-(lr=1.0e-5)-(86-params)",classic_NN_6-6,40
23.0,23,148912,CartPole-v1,"CP-ppo-ac-NN(6,6)-(lr=1.0e-5)-(86-params)",classic_NN_6-6,40
52.0,52,148936,CartPole-v1,"CP-ppo-ac-NN(6,6)-(lr=1.0e-5)-(86-params)",classic_NN_6-6,40
18.0,18,148940,CartPole-v1,"CP-ppo-ac-NN(6,6)-(lr=1.0e-5)-(86-params)",classic_NN_6-6,40
59.0,59,148972,CartPole-v1,"CP-ppo-ac-NN(6,6)-(lr=1.0e-5)-(86-params)",classic_NN_6-6,40
23.0,23,149028,CartPole-v1,"CP-ppo-ac-NN(6,6)-(lr=1.0e-5)-(86-params)",classic_NN_6-6,40
15.0,15,149032,CartPole-v1,"CP-ppo-ac-NN(6,6)-(lr=1.0e-5)-(86-params)",classic_NN_6-6,40
31.0,31,149036,CartPole-v1,"CP-ppo-ac-NN(6,6)-(lr=1.0e-5)-(86-params)",classic_NN_6-6,40
35.0,35,149080,CartPole-v1,"CP-ppo-ac-NN(6,6)-(lr=1.0e-5)-(86-params)",classic_NN_6-6,40
9.0,9,149116,CartPole-v1,"CP-ppo-ac-NN(6,6)-(lr=1.0e-5)-(86-params)",classic_NN_6-6,40
27.0,27,149136,CartPole-v1,"CP-ppo-ac-NN(6,6)-(lr=1.0e-5)-(86-params)",classic_NN_6-6,40
30.0,30,149156,CartPole-v1,"CP-ppo-ac-NN(6,6)-(lr=1.0e-5)-(86-params)",classic_NN_6-6,40
39.0,39,149188,CartPole-v1,"CP-ppo-ac-NN(6,6)-(lr=1.0e-5)-(86-params)",classic_NN_6-6,40
28.0,28,149228,CartPole-v1,"CP-ppo-ac-NN(6,6)-(lr=1.0e-5)-(86-params)",classic_NN_6-6,40
22.0,22,149276,CartPole-v1,"CP-ppo-ac-NN(6,6)-(lr=1.0e-5)-(86-params)",classic_NN_6-6,40
47.0,47,149324,CartPole-v1,"CP-ppo-ac-NN(6,6)-(lr=1.0e-5)-(86-params)",classic_NN_6-6,40
25.0,25,149328,CartPole-v1,"CP-ppo-ac-NN(6,6)-(lr=1.0e-5)-(86-params)",classic_NN_6-6,40
17.0,17,149344,CartPole-v1,"CP-ppo-ac-NN(6,6)-(lr=1.0e-5)-(86-params)",classic_NN_6-6,40
48.0,48,149348,CartPole-v1,"CP-ppo-ac-NN(6,6)-(lr=1.0e-5)-(86-params)",classic_NN_6-6,40
17.0,17,149392,CartPole-v1,"CP-ppo-ac-NN(6,6)-(lr=1.0e-5)-(86-params)",classic_NN_6-6,40
22.0,22,149416,CartPole-v1,"CP-ppo-ac-NN(6,6)-(lr=1.0e-5)-(86-params)",classic_NN_6-6,40
19.0,19,149420,CartPole-v1,"CP-ppo-ac-NN(6,6)-(lr=1.0e-5)-(86-params)",classic_NN_6-6,40
16.0,16,149480,CartPole-v1,"CP-ppo-ac-NN(6,6)-(lr=1.0e-5)-(86-params)",classic_NN_6-6,40
35.0,35,149488,CartPole-v1,"CP-ppo-ac-NN(6,6)-(lr=1.0e-5)-(86-params)",classic_NN_6-6,40
29.0,29,149604,CartPole-v1,"CP-ppo-ac-NN(6,6)-(lr=1.0e-5)-(86-params)",classic_NN_6-6,40
47.0,47,149608,CartPole-v1,"CP-ppo-ac-NN(6,6)-(lr=1.0e-5)-(86-params)",classic_NN_6-6,40
65.0,65,149652,CartPole-v1,"CP-ppo-ac-NN(6,6)-(lr=1.0e-5)-(86-params)",classic_NN_6-6,40
23.0,23,149700,CartPole-v1,"CP-ppo-ac-NN(6,6)-(lr=1.0e-5)-(86-params)",classic_NN_6-6,40
30.0,30,149724,CartPole-v1,"CP-ppo-ac-NN(6,6)-(lr=1.0e-5)-(86-params)",classic_NN_6-6,40
24.0,24,149748,CartPole-v1,"CP-ppo-ac-NN(6,6)-(lr=1.0e-5)-(86-params)",classic_NN_6-6,40
16.0,16,149764,CartPole-v1,"CP-ppo-ac-NN(6,6)-(lr=1.0e-5)-(86-params)",classic_NN_6-6,40
75.0,75,149780,CartPole-v1,"CP-ppo-ac-NN(6,6)-(lr=1.0e-5)-(86-params)",classic_NN_6-6,40
17.0,17,149792,CartPole-v1,"CP-ppo-ac-NN(6,6)-(lr=1.0e-5)-(86-params)",classic_NN_6-6,40
12.0,12,149796,CartPole-v1,"CP-ppo-ac-NN(6,6)-(lr=1.0e-5)-(86-params)",classic_NN_6-6,40
13.0,13,149832,CartPole-v1,"CP-ppo-ac-NN(6,6)-(lr=1.0e-5)-(86-params)",classic_NN_6-6,40
21.0,21,149848,CartPole-v1,"CP-ppo-ac-NN(6,6)-(lr=1.0e-5)-(86-params)",classic_NN_6-6,40
16.0,16,149860,CartPole-v1,"CP-ppo-ac-NN(6,6)-(lr=1.0e-5)-(86-params)",classic_NN_6-6,40
14.0,14,149916,CartPole-v1,"CP-ppo-ac-NN(6,6)-(lr=1.0e-5)-(86-params)",classic_NN_6-6,40
22.0,22,149920,CartPole-v1,"CP-ppo-ac-NN(6,6)-(lr=1.0e-5)-(86-params)",classic_NN_6-6,40
43.0,43,149964,CartPole-v1,"CP-ppo-ac-NN(6,6)-(lr=1.0e-5)-(86-params)",classic_NN_6-6,40
34.0,34,149984,CartPole-v1,"CP-ppo-ac-NN(6,6)-(lr=1.0e-5)-(86-params)",classic_NN_6-6,40
10.0,10,150004,CartPole-v1,"CP-ppo-ac-NN(6,6)-(lr=1.0e-5)-(86-params)",classic_NN_6-6,40
28.0,28,150032,CartPole-v1,"CP-ppo-ac-NN(6,6)-(lr=1.0e-5)-(86-params)",classic_NN_6-6,40
30.0,30,150036,CartPole-v1,"CP-ppo-ac-NN(6,6)-(lr=1.0e-5)-(86-params)",classic_NN_6-6,40
18.0,18,150076,CartPole-v1,"CP-ppo-ac-NN(6,6)-(lr=1.0e-5)-(86-params)",classic_NN_6-6,40
25.0,25,150084,CartPole-v1,"CP-ppo-ac-NN(6,6)-(lr=1.0e-5)-(86-params)",classic_NN_6-6,40
18.0,18,150104,CartPole-v1,"CP-ppo-ac-NN(6,6)-(lr=1.0e-5)-(86-params)",classic_NN_6-6,40
23.0,23,150128,CartPole-v1,"CP-ppo-ac-NN(6,6)-(lr=1.0e-5)-(86-params)",classic_NN_6-6,40
16.0,16,150140,CartPole-v1,"CP-ppo-ac-NN(6,6)-(lr=1.0e-5)-(86-params)",classic_NN_6-6,40
20.0,20,150184,CartPole-v1,"CP-ppo-ac-NN(6,6)-(lr=1.0e-5)-(86-params)",classic_NN_6-6,40
31.0,31,150208,CartPole-v1,"CP-ppo-ac-NN(6,6)-(lr=1.0e-5)-(86-params)",classic_NN_6-6,40
14.0,14,150264,CartPole-v1,"CP-ppo-ac-NN(6,6)-(lr=1.0e-5)-(86-params)",classic_NN_6-6,40
46.0,46,150312,CartPole-v1,"CP-ppo-ac-NN(6,6)-(lr=1.0e-5)-(86-params)",classic_NN_6-6,40
33.0,33,150316,CartPole-v1,"CP-ppo-ac-NN(6,6)-(lr=1.0e-5)-(86-params)",classic_NN_6-6,40
55.0,55,150360,CartPole-v1,"CP-ppo-ac-NN(6,6)-(lr=1.0e-5)-(86-params)",classic_NN_6-6,40
24.0,24,150360,CartPole-v1,"CP-ppo-ac-NN(6,6)-(lr=1.0e-5)-(86-params)",classic_NN_6-6,40
17.0,17,150380,CartPole-v1,"CP-ppo-ac-NN(6,6)-(lr=1.0e-5)-(86-params)",classic_NN_6-6,40
29.0,29,150432,CartPole-v1,"CP-ppo-ac-NN(6,6)-(lr=1.0e-5)-(86-params)",classic_NN_6-6,40
20.0,20,150440,CartPole-v1,"CP-ppo-ac-NN(6,6)-(lr=1.0e-5)-(86-params)",classic_NN_6-6,40
21.0,21,150464,CartPole-v1,"CP-ppo-ac-NN(6,6)-(lr=1.0e-5)-(86-params)",classic_NN_6-6,40
26.0,26,150464,CartPole-v1,"CP-ppo-ac-NN(6,6)-(lr=1.0e-5)-(86-params)",classic_NN_6-6,40
14.0,14,150488,CartPole-v1,"CP-ppo-ac-NN(6,6)-(lr=1.0e-5)-(86-params)",classic_NN_6-6,40
17.0,17,150508,CartPole-v1,"CP-ppo-ac-NN(6,6)-(lr=1.0e-5)-(86-params)",classic_NN_6-6,40
14.0,14,150520,CartPole-v1,"CP-ppo-ac-NN(6,6)-(lr=1.0e-5)-(86-params)",classic_NN_6-6,40
14.0,14,150564,CartPole-v1,"CP-ppo-ac-NN(6,6)-(lr=1.0e-5)-(86-params)",classic_NN_6-6,40
21.0,21,150572,CartPole-v1,"CP-ppo-ac-NN(6,6)-(lr=1.0e-5)-(86-params)",classic_NN_6-6,40
27.0,27,150572,CartPole-v1,"CP-ppo-ac-NN(6,6)-(lr=1.0e-5)-(86-params)",classic_NN_6-6,40
15.0,15,150580,CartPole-v1,"CP-ppo-ac-NN(6,6)-(lr=1.0e-5)-(86-params)",classic_NN_6-6,40
10.0,10,150604,CartPole-v1,"CP-ppo-ac-NN(6,6)-(lr=1.0e-5)-(86-params)",classic_NN_6-6,40
17.0,17,150640,CartPole-v1,"CP-ppo-ac-NN(6,6)-(lr=1.0e-5)-(86-params)",classic_NN_6-6,40
12.0,12,150652,CartPole-v1,"CP-ppo-ac-NN(6,6)-(lr=1.0e-5)-(86-params)",classic_NN_6-6,40
23.0,23,150664,CartPole-v1,"CP-ppo-ac-NN(6,6)-(lr=1.0e-5)-(86-params)",classic_NN_6-6,40
14.0,14,150708,CartPole-v1,"CP-ppo-ac-NN(6,6)-(lr=1.0e-5)-(86-params)",classic_NN_6-6,40
11.0,11,150752,CartPole-v1,"CP-ppo-ac-NN(6,6)-(lr=1.0e-5)-(86-params)",classic_NN_6-6,40
49.0,49,150776,CartPole-v1,"CP-ppo-ac-NN(6,6)-(lr=1.0e-5)-(86-params)",classic_NN_6-6,40
34.0,34,150776,CartPole-v1,"CP-ppo-ac-NN(6,6)-(lr=1.0e-5)-(86-params)",classic_NN_6-6,40
46.0,46,150848,CartPole-v1,"CP-ppo-ac-NN(6,6)-(lr=1.0e-5)-(86-params)",classic_NN_6-6,40
22.0,22,150864,CartPole-v1,"CP-ppo-ac-NN(6,6)-(lr=1.0e-5)-(86-params)",classic_NN_6-6,40
10.0,10,150888,CartPole-v1,"CP-ppo-ac-NN(6,6)-(lr=1.0e-5)-(86-params)",classic_NN_6-6,40
38.0,38,150904,CartPole-v1,"CP-ppo-ac-NN(6,6)-(lr=1.0e-5)-(86-params)",classic_NN_6-6,40
19.0,19,150940,CartPole-v1,"CP-ppo-ac-NN(6,6)-(lr=1.0e-5)-(86-params)",classic_NN_6-6,40
12.0,12,150988,CartPole-v1,"CP-ppo-ac-NN(6,6)-(lr=1.0e-5)-(86-params)",classic_NN_6-6,40
58.0,58,151008,CartPole-v1,"CP-ppo-ac-NN(6,6)-(lr=1.0e-5)-(86-params)",classic_NN_6-6,40
35.0,35,151028,CartPole-v1,"CP-ppo-ac-NN(6,6)-(lr=1.0e-5)-(86-params)",classic_NN_6-6,40
32.0,32,151032,CartPole-v1,"CP-ppo-ac-NN(6,6)-(lr=1.0e-5)-(86-params)",classic_NN_6-6,40
16.0,16,151052,CartPole-v1,"CP-ppo-ac-NN(6,6)-(lr=1.0e-5)-(86-params)",classic_NN_6-6,40
19.0,19,151084,CartPole-v1,"CP-ppo-ac-NN(6,6)-(lr=1.0e-5)-(86-params)",classic_NN_6-6,40
27.0,27,151140,CartPole-v1,"CP-ppo-ac-NN(6,6)-(lr=1.0e-5)-(86-params)",classic_NN_6-6,40
40.0,40,151188,CartPole-v1,"CP-ppo-ac-NN(6,6)-(lr=1.0e-5)-(86-params)",classic_NN_6-6,40
32.0,32,151212,CartPole-v1,"CP-ppo-ac-NN(6,6)-(lr=1.0e-5)-(86-params)",classic_NN_6-6,40
14.0,14,151244,CartPole-v1,"CP-ppo-ac-NN(6,6)-(lr=1.0e-5)-(86-params)",classic_NN_6-6,40
54.0,54,151268,CartPole-v1,"CP-ppo-ac-NN(6,6)-(lr=1.0e-5)-(86-params)",classic_NN_6-6,40
23.0,23,151336,CartPole-v1,"CP-ppo-ac-NN(6,6)-(lr=1.0e-5)-(86-params)",classic_NN_6-6,40
17.0,17,151336,CartPole-v1,"CP-ppo-ac-NN(6,6)-(lr=1.0e-5)-(86-params)",classic_NN_6-6,40
36.0,36,151356,CartPole-v1,"CP-ppo-ac-NN(6,6)-(lr=1.0e-5)-(86-params)",classic_NN_6-6,40
55.0,55,151360,CartPole-v1,"CP-ppo-ac-NN(6,6)-(lr=1.0e-5)-(86-params)",classic_NN_6-6,40
19.0,19,151412,CartPole-v1,"CP-ppo-ac-NN(6,6)-(lr=1.0e-5)-(86-params)",classic_NN_6-6,40
15.0,15,151420,CartPole-v1,"CP-ppo-ac-NN(6,6)-(lr=1.0e-5)-(86-params)",classic_NN_6-6,40
10.0,10,151452,CartPole-v1,"CP-ppo-ac-NN(6,6)-(lr=1.0e-5)-(86-params)",classic_NN_6-6,40
14.0,14,151476,CartPole-v1,"CP-ppo-ac-NN(6,6)-(lr=1.0e-5)-(86-params)",classic_NN_6-6,40
30.0,30,151476,CartPole-v1,"CP-ppo-ac-NN(6,6)-(lr=1.0e-5)-(86-params)",classic_NN_6-6,40
42.0,42,151504,CartPole-v1,"CP-ppo-ac-NN(6,6)-(lr=1.0e-5)-(86-params)",classic_NN_6-6,40
15.0,15,151512,CartPole-v1,"CP-ppo-ac-NN(6,6)-(lr=1.0e-5)-(86-params)",classic_NN_6-6,40
19.0,19,151580,CartPole-v1,"CP-ppo-ac-NN(6,6)-(lr=1.0e-5)-(86-params)",classic_NN_6-6,40
22.0,22,151600,CartPole-v1,"CP-ppo-ac-NN(6,6)-(lr=1.0e-5)-(86-params)",classic_NN_6-6,40
10.0,10,151640,CartPole-v1,"CP-ppo-ac-NN(6,6)-(lr=1.0e-5)-(86-params)",classic_NN_6-6,40
47.0,47,151664,CartPole-v1,"CP-ppo-ac-NN(6,6)-(lr=1.0e-5)-(86-params)",classic_NN_6-6,40
23.0,23,151672,CartPole-v1,"CP-ppo-ac-NN(6,6)-(lr=1.0e-5)-(86-params)",classic_NN_6-6,40
49.0,49,151672,CartPole-v1,"CP-ppo-ac-NN(6,6)-(lr=1.0e-5)-(86-params)",classic_NN_6-6,40
23.0,23,151732,CartPole-v1,"CP-ppo-ac-NN(6,6)-(lr=1.0e-5)-(86-params)",classic_NN_6-6,40
20.0,20,151752,CartPole-v1,"CP-ppo-ac-NN(6,6)-(lr=1.0e-5)-(86-params)",classic_NN_6-6,40
24.0,24,151768,CartPole-v1,"CP-ppo-ac-NN(6,6)-(lr=1.0e-5)-(86-params)",classic_NN_6-6,40
31.0,31,151788,CartPole-v1,"CP-ppo-ac-NN(6,6)-(lr=1.0e-5)-(86-params)",classic_NN_6-6,40
11.0,11,151796,CartPole-v1,"CP-ppo-ac-NN(6,6)-(lr=1.0e-5)-(86-params)",classic_NN_6-6,40
21.0,21,151816,CartPole-v1,"CP-ppo-ac-NN(6,6)-(lr=1.0e-5)-(86-params)",classic_NN_6-6,40
25.0,25,151896,CartPole-v1,"CP-ppo-ac-NN(6,6)-(lr=1.0e-5)-(86-params)",classic_NN_6-6,40
40.0,40,151928,CartPole-v1,"CP-ppo-ac-NN(6,6)-(lr=1.0e-5)-(86-params)",classic_NN_6-6,40
17.0,17,151996,CartPole-v1,"CP-ppo-ac-NN(6,6)-(lr=1.0e-5)-(86-params)",classic_NN_6-6,40
53.0,53,152028,CartPole-v1,"CP-ppo-ac-NN(6,6)-(lr=1.0e-5)-(86-params)",classic_NN_6-6,40
25.0,25,152096,CartPole-v1,"CP-ppo-ac-NN(6,6)-(lr=1.0e-5)-(86-params)",classic_NN_6-6,40
20.0,20,152108,CartPole-v1,"CP-ppo-ac-NN(6,6)-(lr=1.0e-5)-(86-params)",classic_NN_6-6,40
14.0,14,152164,CartPole-v1,"CP-ppo-ac-NN(6,6)-(lr=1.0e-5)-(86-params)",classic_NN_6-6,40
18.0,18,152168,CartPole-v1,"CP-ppo-ac-NN(6,6)-(lr=1.0e-5)-(86-params)",classic_NN_6-6,40
70.0,70,152176,CartPole-v1,"CP-ppo-ac-NN(6,6)-(lr=1.0e-5)-(86-params)",classic_NN_6-6,40
108.0,108,152220,CartPole-v1,"CP-ppo-ac-NN(6,6)-(lr=1.0e-5)-(86-params)",classic_NN_6-6,40
17.0,17,152232,CartPole-v1,"CP-ppo-ac-NN(6,6)-(lr=1.0e-5)-(86-params)",classic_NN_6-6,40
20.0,20,152256,CartPole-v1,"CP-ppo-ac-NN(6,6)-(lr=1.0e-5)-(86-params)",classic_NN_6-6,40
34.0,34,152304,CartPole-v1,"CP-ppo-ac-NN(6,6)-(lr=1.0e-5)-(86-params)",classic_NN_6-6,40
22.0,22,152320,CartPole-v1,"CP-ppo-ac-NN(6,6)-(lr=1.0e-5)-(86-params)",classic_NN_6-6,40
30.0,30,152340,CartPole-v1,"CP-ppo-ac-NN(6,6)-(lr=1.0e-5)-(86-params)",classic_NN_6-6,40
25.0,25,152356,CartPole-v1,"CP-ppo-ac-NN(6,6)-(lr=1.0e-5)-(86-params)",classic_NN_6-6,40
17.0,17,152372,CartPole-v1,"CP-ppo-ac-NN(6,6)-(lr=1.0e-5)-(86-params)",classic_NN_6-6,40
19.0,19,152432,CartPole-v1,"CP-ppo-ac-NN(6,6)-(lr=1.0e-5)-(86-params)",classic_NN_6-6,40
35.0,35,152480,CartPole-v1,"CP-ppo-ac-NN(6,6)-(lr=1.0e-5)-(86-params)",classic_NN_6-6,40
41.0,41,152484,CartPole-v1,"CP-ppo-ac-NN(6,6)-(lr=1.0e-5)-(86-params)",classic_NN_6-6,40
33.0,33,152504,CartPole-v1,"CP-ppo-ac-NN(6,6)-(lr=1.0e-5)-(86-params)",classic_NN_6-6,40
24.0,24,152528,CartPole-v1,"CP-ppo-ac-NN(6,6)-(lr=1.0e-5)-(86-params)",classic_NN_6-6,40
24.0,24,152580,CartPole-v1,"CP-ppo-ac-NN(6,6)-(lr=1.0e-5)-(86-params)",classic_NN_6-6,40
29.0,29,152596,CartPole-v1,"CP-ppo-ac-NN(6,6)-(lr=1.0e-5)-(86-params)",classic_NN_6-6,40
34.0,34,152640,CartPole-v1,"CP-ppo-ac-NN(6,6)-(lr=1.0e-5)-(86-params)",classic_NN_6-6,40
12.0,12,152644,CartPole-v1,"CP-ppo-ac-NN(6,6)-(lr=1.0e-5)-(86-params)",classic_NN_6-6,40
20.0,20,152660,CartPole-v1,"CP-ppo-ac-NN(6,6)-(lr=1.0e-5)-(86-params)",classic_NN_6-6,40
36.0,36,152672,CartPole-v1,"CP-ppo-ac-NN(6,6)-(lr=1.0e-5)-(86-params)",classic_NN_6-6,40
13.0,13,152712,CartPole-v1,"CP-ppo-ac-NN(6,6)-(lr=1.0e-5)-(86-params)",classic_NN_6-6,40
16.0,16,152736,CartPole-v1,"CP-ppo-ac-NN(6,6)-(lr=1.0e-5)-(86-params)",classic_NN_6-6,40
28.0,28,152752,CartPole-v1,"CP-ppo-ac-NN(6,6)-(lr=1.0e-5)-(86-params)",classic_NN_6-6,40
17.0,17,152780,CartPole-v1,"CP-ppo-ac-NN(6,6)-(lr=1.0e-5)-(86-params)",classic_NN_6-6,40
45.0,45,152824,CartPole-v1,"CP-ppo-ac-NN(6,6)-(lr=1.0e-5)-(86-params)",classic_NN_6-6,40
23.0,23,152844,CartPole-v1,"CP-ppo-ac-NN(6,6)-(lr=1.0e-5)-(86-params)",classic_NN_6-6,40
40.0,40,152896,CartPole-v1,"CP-ppo-ac-NN(6,6)-(lr=1.0e-5)-(86-params)",classic_NN_6-6,40
15.0,15,152904,CartPole-v1,"CP-ppo-ac-NN(6,6)-(lr=1.0e-5)-(86-params)",classic_NN_6-6,40
24.0,24,152920,CartPole-v1,"CP-ppo-ac-NN(6,6)-(lr=1.0e-5)-(86-params)",classic_NN_6-6,40
41.0,41,152944,CartPole-v1,"CP-ppo-ac-NN(6,6)-(lr=1.0e-5)-(86-params)",classic_NN_6-6,40
20.0,20,152976,CartPole-v1,"CP-ppo-ac-NN(6,6)-(lr=1.0e-5)-(86-params)",classic_NN_6-6,40
20.0,20,152984,CartPole-v1,"CP-ppo-ac-NN(6,6)-(lr=1.0e-5)-(86-params)",classic_NN_6-6,40
17.0,17,153012,CartPole-v1,"CP-ppo-ac-NN(6,6)-(lr=1.0e-5)-(86-params)",classic_NN_6-6,40
29.0,29,153036,CartPole-v1,"CP-ppo-ac-NN(6,6)-(lr=1.0e-5)-(86-params)",classic_NN_6-6,40
31.0,31,153108,CartPole-v1,"CP-ppo-ac-NN(6,6)-(lr=1.0e-5)-(86-params)",classic_NN_6-6,40
19.0,19,153112,CartPole-v1,"CP-ppo-ac-NN(6,6)-(lr=1.0e-5)-(86-params)",classic_NN_6-6,40
9.0,9,153148,CartPole-v1,"CP-ppo-ac-NN(6,6)-(lr=1.0e-5)-(86-params)",classic_NN_6-6,40
45.0,45,153192,CartPole-v1,"CP-ppo-ac-NN(6,6)-(lr=1.0e-5)-(86-params)",classic_NN_6-6,40
15.0,15,153208,CartPole-v1,"CP-ppo-ac-NN(6,6)-(lr=1.0e-5)-(86-params)",classic_NN_6-6,40
11.0,11,153252,CartPole-v1,"CP-ppo-ac-NN(6,6)-(lr=1.0e-5)-(86-params)",classic_NN_6-6,40
70.0,70,153256,CartPole-v1,"CP-ppo-ac-NN(6,6)-(lr=1.0e-5)-(86-params)",classic_NN_6-6,40
37.0,37,153256,CartPole-v1,"CP-ppo-ac-NN(6,6)-(lr=1.0e-5)-(86-params)",classic_NN_6-6,40
11.0,11,153300,CartPole-v1,"CP-ppo-ac-NN(6,6)-(lr=1.0e-5)-(86-params)",classic_NN_6-6,40
17.0,17,153324,CartPole-v1,"CP-ppo-ac-NN(6,6)-(lr=1.0e-5)-(86-params)",classic_NN_6-6,40
33.0,33,153324,CartPole-v1,"CP-ppo-ac-NN(6,6)-(lr=1.0e-5)-(86-params)",classic_NN_6-6,40
19.0,19,153328,CartPole-v1,"CP-ppo-ac-NN(6,6)-(lr=1.0e-5)-(86-params)",classic_NN_6-6,40
11.0,11,153344,CartPole-v1,"CP-ppo-ac-NN(6,6)-(lr=1.0e-5)-(86-params)",classic_NN_6-6,40
12.0,12,153372,CartPole-v1,"CP-ppo-ac-NN(6,6)-(lr=1.0e-5)-(86-params)",classic_NN_6-6,40
20.0,20,153408,CartPole-v1,"CP-ppo-ac-NN(6,6)-(lr=1.0e-5)-(86-params)",classic_NN_6-6,40
24.0,24,153420,CartPole-v1,"CP-ppo-ac-NN(6,6)-(lr=1.0e-5)-(86-params)",classic_NN_6-6,40
17.0,17,153440,CartPole-v1,"CP-ppo-ac-NN(6,6)-(lr=1.0e-5)-(86-params)",classic_NN_6-6,40
30.0,30,153464,CartPole-v1,"CP-ppo-ac-NN(6,6)-(lr=1.0e-5)-(86-params)",classic_NN_6-6,40
11.0,11,153484,CartPole-v1,"CP-ppo-ac-NN(6,6)-(lr=1.0e-5)-(86-params)",classic_NN_6-6,40
21.0,21,153504,CartPole-v1,"CP-ppo-ac-NN(6,6)-(lr=1.0e-5)-(86-params)",classic_NN_6-6,40
25.0,25,153508,CartPole-v1,"CP-ppo-ac-NN(6,6)-(lr=1.0e-5)-(86-params)",classic_NN_6-6,40
18.0,18,153580,CartPole-v1,"CP-ppo-ac-NN(6,6)-(lr=1.0e-5)-(86-params)",classic_NN_6-6,40
31.0,31,153608,CartPole-v1,"CP-ppo-ac-NN(6,6)-(lr=1.0e-5)-(86-params)",classic_NN_6-6,40
41.0,41,153628,CartPole-v1,"CP-ppo-ac-NN(6,6)-(lr=1.0e-5)-(86-params)",classic_NN_6-6,40
10.0,10,153668,CartPole-v1,"CP-ppo-ac-NN(6,6)-(lr=1.0e-5)-(86-params)",classic_NN_6-6,40
54.0,54,153720,CartPole-v1,"CP-ppo-ac-NN(6,6)-(lr=1.0e-5)-(86-params)",classic_NN_6-6,40
13.0,13,153720,CartPole-v1,"CP-ppo-ac-NN(6,6)-(lr=1.0e-5)-(86-params)",classic_NN_6-6,40
31.0,31,153732,CartPole-v1,"CP-ppo-ac-NN(6,6)-(lr=1.0e-5)-(86-params)",classic_NN_6-6,40
46.0,46,153764,CartPole-v1,"CP-ppo-ac-NN(6,6)-(lr=1.0e-5)-(86-params)",classic_NN_6-6,40
11.0,11,153776,CartPole-v1,"CP-ppo-ac-NN(6,6)-(lr=1.0e-5)-(86-params)",classic_NN_6-6,40
23.0,23,153812,CartPole-v1,"CP-ppo-ac-NN(6,6)-(lr=1.0e-5)-(86-params)",classic_NN_6-6,40
23.0,23,153812,CartPole-v1,"CP-ppo-ac-NN(6,6)-(lr=1.0e-5)-(86-params)",classic_NN_6-6,40
15.0,15,153824,CartPole-v1,"CP-ppo-ac-NN(6,6)-(lr=1.0e-5)-(86-params)",classic_NN_6-6,40
13.0,13,153828,CartPole-v1,"CP-ppo-ac-NN(6,6)-(lr=1.0e-5)-(86-params)",classic_NN_6-6,40
19.0,19,153888,CartPole-v1,"CP-ppo-ac-NN(6,6)-(lr=1.0e-5)-(86-params)",classic_NN_6-6,40
16.0,16,153892,CartPole-v1,"CP-ppo-ac-NN(6,6)-(lr=1.0e-5)-(86-params)",classic_NN_6-6,40
19.0,19,153900,CartPole-v1,"CP-ppo-ac-NN(6,6)-(lr=1.0e-5)-(86-params)",classic_NN_6-6,40
12.0,12,153936,CartPole-v1,"CP-ppo-ac-NN(6,6)-(lr=1.0e-5)-(86-params)",classic_NN_6-6,40
34.0,34,153948,CartPole-v1,"CP-ppo-ac-NN(6,6)-(lr=1.0e-5)-(86-params)",classic_NN_6-6,40
12.0,12,153948,CartPole-v1,"CP-ppo-ac-NN(6,6)-(lr=1.0e-5)-(86-params)",classic_NN_6-6,40
13.0,13,153988,CartPole-v1,"CP-ppo-ac-NN(6,6)-(lr=1.0e-5)-(86-params)",classic_NN_6-6,40
21.0,21,154032,CartPole-v1,"CP-ppo-ac-NN(6,6)-(lr=1.0e-5)-(86-params)",classic_NN_6-6,40
27.0,27,154056,CartPole-v1,"CP-ppo-ac-NN(6,6)-(lr=1.0e-5)-(86-params)",classic_NN_6-6,40
10.0,10,154072,CartPole-v1,"CP-ppo-ac-NN(6,6)-(lr=1.0e-5)-(86-params)",classic_NN_6-6,40
23.0,23,154080,CartPole-v1,"CP-ppo-ac-NN(6,6)-(lr=1.0e-5)-(86-params)",classic_NN_6-6,40
54.0,54,154108,CartPole-v1,"CP-ppo-ac-NN(6,6)-(lr=1.0e-5)-(86-params)",classic_NN_6-6,40
16.0,16,154144,CartPole-v1,"CP-ppo-ac-NN(6,6)-(lr=1.0e-5)-(86-params)",classic_NN_6-6,40
36.0,36,154200,CartPole-v1,"CP-ppo-ac-NN(6,6)-(lr=1.0e-5)-(86-params)",classic_NN_6-6,40
28.0,28,154220,CartPole-v1,"CP-ppo-ac-NN(6,6)-(lr=1.0e-5)-(86-params)",classic_NN_6-6,40
40.0,40,154232,CartPole-v1,"CP-ppo-ac-NN(6,6)-(lr=1.0e-5)-(86-params)",classic_NN_6-6,40
15.0,15,154292,CartPole-v1,"CP-ppo-ac-NN(6,6)-(lr=1.0e-5)-(86-params)",classic_NN_6-6,40
28.0,28,154312,CartPole-v1,"CP-ppo-ac-NN(6,6)-(lr=1.0e-5)-(86-params)",classic_NN_6-6,40
42.0,42,154312,CartPole-v1,"CP-ppo-ac-NN(6,6)-(lr=1.0e-5)-(86-params)",classic_NN_6-6,40
26.0,26,154324,CartPole-v1,"CP-ppo-ac-NN(6,6)-(lr=1.0e-5)-(86-params)",classic_NN_6-6,40
17.0,17,154360,CartPole-v1,"CP-ppo-ac-NN(6,6)-(lr=1.0e-5)-(86-params)",classic_NN_6-6,40
18.0,18,154396,CartPole-v1,"CP-ppo-ac-NN(6,6)-(lr=1.0e-5)-(86-params)",classic_NN_6-6,40
14.0,14,154416,CartPole-v1,"CP-ppo-ac-NN(6,6)-(lr=1.0e-5)-(86-params)",classic_NN_6-6,40
29.0,29,154428,CartPole-v1,"CP-ppo-ac-NN(6,6)-(lr=1.0e-5)-(86-params)",classic_NN_6-6,40
22.0,22,154504,CartPole-v1,"CP-ppo-ac-NN(6,6)-(lr=1.0e-5)-(86-params)",classic_NN_6-6,40
53.0,53,154524,CartPole-v1,"CP-ppo-ac-NN(6,6)-(lr=1.0e-5)-(86-params)",classic_NN_6-6,40
32.0,32,154524,CartPole-v1,"CP-ppo-ac-NN(6,6)-(lr=1.0e-5)-(86-params)",classic_NN_6-6,40
26.0,26,154532,CartPole-v1,"CP-ppo-ac-NN(6,6)-(lr=1.0e-5)-(86-params)",classic_NN_6-6,40
18.0,18,154576,CartPole-v1,"CP-ppo-ac-NN(6,6)-(lr=1.0e-5)-(86-params)",classic_NN_6-6,40
25.0,25,154624,CartPole-v1,"CP-ppo-ac-NN(6,6)-(lr=1.0e-5)-(86-params)",classic_NN_6-6,40
14.0,14,154632,CartPole-v1,"CP-ppo-ac-NN(6,6)-(lr=1.0e-5)-(86-params)",classic_NN_6-6,40
34.0,34,154668,CartPole-v1,"CP-ppo-ac-NN(6,6)-(lr=1.0e-5)-(86-params)",classic_NN_6-6,40
43.0,43,154696,CartPole-v1,"CP-ppo-ac-NN(6,6)-(lr=1.0e-5)-(86-params)",classic_NN_6-6,40
20.0,20,154704,CartPole-v1,"CP-ppo-ac-NN(6,6)-(lr=1.0e-5)-(86-params)",classic_NN_6-6,40
20.0,20,154776,CartPole-v1,"CP-ppo-ac-NN(6,6)-(lr=1.0e-5)-(86-params)",classic_NN_6-6,40
33.0,33,154800,CartPole-v1,"CP-ppo-ac-NN(6,6)-(lr=1.0e-5)-(86-params)",classic_NN_6-6,40
53.0,53,154844,CartPole-v1,"CP-ppo-ac-NN(6,6)-(lr=1.0e-5)-(86-params)",classic_NN_6-6,40
38.0,38,154856,CartPole-v1,"CP-ppo-ac-NN(6,6)-(lr=1.0e-5)-(86-params)",classic_NN_6-6,40
18.0,18,154872,CartPole-v1,"CP-ppo-ac-NN(6,6)-(lr=1.0e-5)-(86-params)",classic_NN_6-6,40
30.0,30,154896,CartPole-v1,"CP-ppo-ac-NN(6,6)-(lr=1.0e-5)-(86-params)",classic_NN_6-6,40
16.0,16,154908,CartPole-v1,"CP-ppo-ac-NN(6,6)-(lr=1.0e-5)-(86-params)",classic_NN_6-6,40
13.0,13,154924,CartPole-v1,"CP-ppo-ac-NN(6,6)-(lr=1.0e-5)-(86-params)",classic_NN_6-6,40
14.0,14,154980,CartPole-v1,"CP-ppo-ac-NN(6,6)-(lr=1.0e-5)-(86-params)",classic_NN_6-6,40
25.0,25,154996,CartPole-v1,"CP-ppo-ac-NN(6,6)-(lr=1.0e-5)-(86-params)",classic_NN_6-6,40
39.0,39,155012,CartPole-v1,"CP-ppo-ac-NN(6,6)-(lr=1.0e-5)-(86-params)",classic_NN_6-6,40
30.0,30,155028,CartPole-v1,"CP-ppo-ac-NN(6,6)-(lr=1.0e-5)-(86-params)",classic_NN_6-6,40
13.0,13,155080,CartPole-v1,"CP-ppo-ac-NN(6,6)-(lr=1.0e-5)-(86-params)",classic_NN_6-6,40
25.0,25,155080,CartPole-v1,"CP-ppo-ac-NN(6,6)-(lr=1.0e-5)-(86-params)",classic_NN_6-6,40
22.0,22,155084,CartPole-v1,"CP-ppo-ac-NN(6,6)-(lr=1.0e-5)-(86-params)",classic_NN_6-6,40
20.0,20,155092,CartPole-v1,"CP-ppo-ac-NN(6,6)-(lr=1.0e-5)-(86-params)",classic_NN_6-6,40
22.0,22,155168,CartPole-v1,"CP-ppo-ac-NN(6,6)-(lr=1.0e-5)-(86-params)",classic_NN_6-6,40
34.0,34,155220,CartPole-v1,"CP-ppo-ac-NN(6,6)-(lr=1.0e-5)-(86-params)",classic_NN_6-6,40
36.0,36,155224,CartPole-v1,"CP-ppo-ac-NN(6,6)-(lr=1.0e-5)-(86-params)",classic_NN_6-6,40
15.0,15,155284,CartPole-v1,"CP-ppo-ac-NN(6,6)-(lr=1.0e-5)-(86-params)",classic_NN_6-6,40
23.0,23,155312,CartPole-v1,"CP-ppo-ac-NN(6,6)-(lr=1.0e-5)-(86-params)",classic_NN_6-6,40
56.0,56,155316,CartPole-v1,"CP-ppo-ac-NN(6,6)-(lr=1.0e-5)-(86-params)",classic_NN_6-6,40
45.0,45,155348,CartPole-v1,"CP-ppo-ac-NN(6,6)-(lr=1.0e-5)-(86-params)",classic_NN_6-6,40
12.0,12,155360,CartPole-v1,"CP-ppo-ac-NN(6,6)-(lr=1.0e-5)-(86-params)",classic_NN_6-6,40
21.0,21,155368,CartPole-v1,"CP-ppo-ac-NN(6,6)-(lr=1.0e-5)-(86-params)",classic_NN_6-6,40
14.0,14,155404,CartPole-v1,"CP-ppo-ac-NN(6,6)-(lr=1.0e-5)-(86-params)",classic_NN_6-6,40
11.0,11,155404,CartPole-v1,"CP-ppo-ac-NN(6,6)-(lr=1.0e-5)-(86-params)",classic_NN_6-6,40
18.0,18,155440,CartPole-v1,"CP-ppo-ac-NN(6,6)-(lr=1.0e-5)-(86-params)",classic_NN_6-6,40
11.0,11,155448,CartPole-v1,"CP-ppo-ac-NN(6,6)-(lr=1.0e-5)-(86-params)",classic_NN_6-6,40
41.0,41,155480,CartPole-v1,"CP-ppo-ac-NN(6,6)-(lr=1.0e-5)-(86-params)",classic_NN_6-6,40
19.0,19,155524,CartPole-v1,"CP-ppo-ac-NN(6,6)-(lr=1.0e-5)-(86-params)",classic_NN_6-6,40
38.0,38,155556,CartPole-v1,"CP-ppo-ac-NN(6,6)-(lr=1.0e-5)-(86-params)",classic_NN_6-6,40
14.0,14,155580,CartPole-v1,"CP-ppo-ac-NN(6,6)-(lr=1.0e-5)-(86-params)",classic_NN_6-6,40
29.0,29,155596,CartPole-v1,"CP-ppo-ac-NN(6,6)-(lr=1.0e-5)-(86-params)",classic_NN_6-6,40
17.0,17,155624,CartPole-v1,"CP-ppo-ac-NN(6,6)-(lr=1.0e-5)-(86-params)",classic_NN_6-6,40
50.0,50,155640,CartPole-v1,"CP-ppo-ac-NN(6,6)-(lr=1.0e-5)-(86-params)",classic_NN_6-6,40
14.0,14,155652,CartPole-v1,"CP-ppo-ac-NN(6,6)-(lr=1.0e-5)-(86-params)",classic_NN_6-6,40
22.0,22,155668,CartPole-v1,"CP-ppo-ac-NN(6,6)-(lr=1.0e-5)-(86-params)",classic_NN_6-6,40
17.0,17,155692,CartPole-v1,"CP-ppo-ac-NN(6,6)-(lr=1.0e-5)-(86-params)",classic_NN_6-6,40
14.0,14,155696,CartPole-v1,"CP-ppo-ac-NN(6,6)-(lr=1.0e-5)-(86-params)",classic_NN_6-6,40
21.0,21,155752,CartPole-v1,"CP-ppo-ac-NN(6,6)-(lr=1.0e-5)-(86-params)",classic_NN_6-6,40
17.0,17,155760,CartPole-v1,"CP-ppo-ac-NN(6,6)-(lr=1.0e-5)-(86-params)",classic_NN_6-6,40
32.0,32,155780,CartPole-v1,"CP-ppo-ac-NN(6,6)-(lr=1.0e-5)-(86-params)",classic_NN_6-6,40
24.0,24,155792,CartPole-v1,"CP-ppo-ac-NN(6,6)-(lr=1.0e-5)-(86-params)",classic_NN_6-6,40
18.0,18,155824,CartPole-v1,"CP-ppo-ac-NN(6,6)-(lr=1.0e-5)-(86-params)",classic_NN_6-6,40
20.0,20,155840,CartPole-v1,"CP-ppo-ac-NN(6,6)-(lr=1.0e-5)-(86-params)",classic_NN_6-6,40
12.0,12,155872,CartPole-v1,"CP-ppo-ac-NN(6,6)-(lr=1.0e-5)-(86-params)",classic_NN_6-6,40
20.0,20,155920,CartPole-v1,"CP-ppo-ac-NN(6,6)-(lr=1.0e-5)-(86-params)",classic_NN_6-6,40
36.0,36,155924,CartPole-v1,"CP-ppo-ac-NN(6,6)-(lr=1.0e-5)-(86-params)",classic_NN_6-6,40
15.0,15,155932,CartPole-v1,"CP-ppo-ac-NN(6,6)-(lr=1.0e-5)-(86-params)",classic_NN_6-6,40
12.0,12,155968,CartPole-v1,"CP-ppo-ac-NN(6,6)-(lr=1.0e-5)-(86-params)",classic_NN_6-6,40
13.0,13,155984,CartPole-v1,"CP-ppo-ac-NN(6,6)-(lr=1.0e-5)-(86-params)",classic_NN_6-6,40
21.0,21,156008,CartPole-v1,"CP-ppo-ac-NN(6,6)-(lr=1.0e-5)-(86-params)",classic_NN_6-6,40
15.0,15,156028,CartPole-v1,"CP-ppo-ac-NN(6,6)-(lr=1.0e-5)-(86-params)",classic_NN_6-6,40
15.0,15,156044,CartPole-v1,"CP-ppo-ac-NN(6,6)-(lr=1.0e-5)-(86-params)",classic_NN_6-6,40
68.0,68,156064,CartPole-v1,"CP-ppo-ac-NN(6,6)-(lr=1.0e-5)-(86-params)",classic_NN_6-6,40
19.0,19,156084,CartPole-v1,"CP-ppo-ac-NN(6,6)-(lr=1.0e-5)-(86-params)",classic_NN_6-6,40
21.0,21,156128,CartPole-v1,"CP-ppo-ac-NN(6,6)-(lr=1.0e-5)-(86-params)",classic_NN_6-6,40
12.0,12,156132,CartPole-v1,"CP-ppo-ac-NN(6,6)-(lr=1.0e-5)-(86-params)",classic_NN_6-6,40
28.0,28,156140,CartPole-v1,"CP-ppo-ac-NN(6,6)-(lr=1.0e-5)-(86-params)",classic_NN_6-6,40
13.0,13,156192,CartPole-v1,"CP-ppo-ac-NN(6,6)-(lr=1.0e-5)-(86-params)",classic_NN_6-6,40
15.0,15,156192,CartPole-v1,"CP-ppo-ac-NN(6,6)-(lr=1.0e-5)-(86-params)",classic_NN_6-6,40
21.0,21,156212,CartPole-v1,"CP-ppo-ac-NN(6,6)-(lr=1.0e-5)-(86-params)",classic_NN_6-6,40
27.0,27,156300,CartPole-v1,"CP-ppo-ac-NN(6,6)-(lr=1.0e-5)-(86-params)",classic_NN_6-6,40
25.0,25,156312,CartPole-v1,"CP-ppo-ac-NN(6,6)-(lr=1.0e-5)-(86-params)",classic_NN_6-6,40
42.0,42,156360,CartPole-v1,"CP-ppo-ac-NN(6,6)-(lr=1.0e-5)-(86-params)",classic_NN_6-6,40
16.0,16,156376,CartPole-v1,"CP-ppo-ac-NN(6,6)-(lr=1.0e-5)-(86-params)",classic_NN_6-6,40
79.0,79,156380,CartPole-v1,"CP-ppo-ac-NN(6,6)-(lr=1.0e-5)-(86-params)",classic_NN_6-6,40
23.0,23,156392,CartPole-v1,"CP-ppo-ac-NN(6,6)-(lr=1.0e-5)-(86-params)",classic_NN_6-6,40
13.0,13,156444,CartPole-v1,"CP-ppo-ac-NN(6,6)-(lr=1.0e-5)-(86-params)",classic_NN_6-6,40
16.0,16,156444,CartPole-v1,"CP-ppo-ac-NN(6,6)-(lr=1.0e-5)-(86-params)",classic_NN_6-6,40
18.0,18,156448,CartPole-v1,"CP-ppo-ac-NN(6,6)-(lr=1.0e-5)-(86-params)",classic_NN_6-6,40
23.0,23,156452,CartPole-v1,"CP-ppo-ac-NN(6,6)-(lr=1.0e-5)-(86-params)",classic_NN_6-6,40
11.0,11,156496,CartPole-v1,"CP-ppo-ac-NN(6,6)-(lr=1.0e-5)-(86-params)",classic_NN_6-6,40
21.0,21,156528,CartPole-v1,"CP-ppo-ac-NN(6,6)-(lr=1.0e-5)-(86-params)",classic_NN_6-6,40
11.0,11,156540,CartPole-v1,"CP-ppo-ac-NN(6,6)-(lr=1.0e-5)-(86-params)",classic_NN_6-6,40
31.0,31,156568,CartPole-v1,"CP-ppo-ac-NN(6,6)-(lr=1.0e-5)-(86-params)",classic_NN_6-6,40
18.0,18,156600,CartPole-v1,"CP-ppo-ac-NN(6,6)-(lr=1.0e-5)-(86-params)",classic_NN_6-6,40
38.0,38,156600,CartPole-v1,"CP-ppo-ac-NN(6,6)-(lr=1.0e-5)-(86-params)",classic_NN_6-6,40
14.0,14,156656,CartPole-v1,"CP-ppo-ac-NN(6,6)-(lr=1.0e-5)-(86-params)",classic_NN_6-6,40
32.0,32,156668,CartPole-v1,"CP-ppo-ac-NN(6,6)-(lr=1.0e-5)-(86-params)",classic_NN_6-6,40
30.0,30,156688,CartPole-v1,"CP-ppo-ac-NN(6,6)-(lr=1.0e-5)-(86-params)",classic_NN_6-6,40
26.0,26,156704,CartPole-v1,"CP-ppo-ac-NN(6,6)-(lr=1.0e-5)-(86-params)",classic_NN_6-6,40
24.0,24,156752,CartPole-v1,"CP-ppo-ac-NN(6,6)-(lr=1.0e-5)-(86-params)",classic_NN_6-6,40
13.0,13,156756,CartPole-v1,"CP-ppo-ac-NN(6,6)-(lr=1.0e-5)-(86-params)",classic_NN_6-6,40
23.0,23,156760,CartPole-v1,"CP-ppo-ac-NN(6,6)-(lr=1.0e-5)-(86-params)",classic_NN_6-6,40
24.0,24,156784,CartPole-v1,"CP-ppo-ac-NN(6,6)-(lr=1.0e-5)-(86-params)",classic_NN_6-6,40
18.0,18,156856,CartPole-v1,"CP-ppo-ac-NN(6,6)-(lr=1.0e-5)-(86-params)",classic_NN_6-6,40
30.0,30,156880,CartPole-v1,"CP-ppo-ac-NN(6,6)-(lr=1.0e-5)-(86-params)",classic_NN_6-6,40
39.0,39,156908,CartPole-v1,"CP-ppo-ac-NN(6,6)-(lr=1.0e-5)-(86-params)",classic_NN_6-6,40
16.0,16,156920,CartPole-v1,"CP-ppo-ac-NN(6,6)-(lr=1.0e-5)-(86-params)",classic_NN_6-6,40
21.0,21,156964,CartPole-v1,"CP-ppo-ac-NN(6,6)-(lr=1.0e-5)-(86-params)",classic_NN_6-6,40
54.0,54,156972,CartPole-v1,"CP-ppo-ac-NN(6,6)-(lr=1.0e-5)-(86-params)",classic_NN_6-6,40
14.0,14,156976,CartPole-v1,"CP-ppo-ac-NN(6,6)-(lr=1.0e-5)-(86-params)",classic_NN_6-6,40
21.0,21,157060,CartPole-v1,"CP-ppo-ac-NN(6,6)-(lr=1.0e-5)-(86-params)",classic_NN_6-6,40
13.0,13,157112,CartPole-v1,"CP-ppo-ac-NN(6,6)-(lr=1.0e-5)-(86-params)",classic_NN_6-6,40
40.0,40,157132,CartPole-v1,"CP-ppo-ac-NN(6,6)-(lr=1.0e-5)-(86-params)",classic_NN_6-6,40
57.0,57,157136,CartPole-v1,"CP-ppo-ac-NN(6,6)-(lr=1.0e-5)-(86-params)",classic_NN_6-6,40
10.0,10,157152,CartPole-v1,"CP-ppo-ac-NN(6,6)-(lr=1.0e-5)-(86-params)",classic_NN_6-6,40
14.0,14,157192,CartPole-v1,"CP-ppo-ac-NN(6,6)-(lr=1.0e-5)-(86-params)",classic_NN_6-6,40
14.0,14,157208,CartPole-v1,"CP-ppo-ac-NN(6,6)-(lr=1.0e-5)-(86-params)",classic_NN_6-6,40
14.0,14,157248,CartPole-v1,"CP-ppo-ac-NN(6,6)-(lr=1.0e-5)-(86-params)",classic_NN_6-6,40
34.0,34,157268,CartPole-v1,"CP-ppo-ac-NN(6,6)-(lr=1.0e-5)-(86-params)",classic_NN_6-6,40
77.0,77,157272,CartPole-v1,"CP-ppo-ac-NN(6,6)-(lr=1.0e-5)-(86-params)",classic_NN_6-6,40
15.0,15,157308,CartPole-v1,"CP-ppo-ac-NN(6,6)-(lr=1.0e-5)-(86-params)",classic_NN_6-6,40
12.0,12,157356,CartPole-v1,"CP-ppo-ac-NN(6,6)-(lr=1.0e-5)-(86-params)",classic_NN_6-6,40
11.0,11,157400,CartPole-v1,"CP-ppo-ac-NN(6,6)-(lr=1.0e-5)-(86-params)",classic_NN_6-6,40
36.0,36,157416,CartPole-v1,"CP-ppo-ac-NN(6,6)-(lr=1.0e-5)-(86-params)",classic_NN_6-6,40
39.0,39,157424,CartPole-v1,"CP-ppo-ac-NN(6,6)-(lr=1.0e-5)-(86-params)",classic_NN_6-6,40
55.0,55,157428,CartPole-v1,"CP-ppo-ac-NN(6,6)-(lr=1.0e-5)-(86-params)",classic_NN_6-6,40
15.0,15,157476,CartPole-v1,"CP-ppo-ac-NN(6,6)-(lr=1.0e-5)-(86-params)",classic_NN_6-6,40
23.0,23,157516,CartPole-v1,"CP-ppo-ac-NN(6,6)-(lr=1.0e-5)-(86-params)",classic_NN_6-6,40
12.0,12,157564,CartPole-v1,"CP-ppo-ac-NN(6,6)-(lr=1.0e-5)-(86-params)",classic_NN_6-6,40
47.0,47,157588,CartPole-v1,"CP-ppo-ac-NN(6,6)-(lr=1.0e-5)-(86-params)",classic_NN_6-6,40
43.0,43,157600,CartPole-v1,"CP-ppo-ac-NN(6,6)-(lr=1.0e-5)-(86-params)",classic_NN_6-6,40
33.0,33,157608,CartPole-v1,"CP-ppo-ac-NN(6,6)-(lr=1.0e-5)-(86-params)",classic_NN_6-6,40
11.0,11,157632,CartPole-v1,"CP-ppo-ac-NN(6,6)-(lr=1.0e-5)-(86-params)",classic_NN_6-6,40
11.0,11,157652,CartPole-v1,"CP-ppo-ac-NN(6,6)-(lr=1.0e-5)-(86-params)",classic_NN_6-6,40
28.0,28,157676,CartPole-v1,"CP-ppo-ac-NN(6,6)-(lr=1.0e-5)-(86-params)",classic_NN_6-6,40
17.0,17,157700,CartPole-v1,"CP-ppo-ac-NN(6,6)-(lr=1.0e-5)-(86-params)",classic_NN_6-6,40
34.0,34,157812,CartPole-v1,"CP-ppo-ac-NN(6,6)-(lr=1.0e-5)-(86-params)",classic_NN_6-6,40
55.0,55,157820,CartPole-v1,"CP-ppo-ac-NN(6,6)-(lr=1.0e-5)-(86-params)",classic_NN_6-6,40
44.0,44,157828,CartPole-v1,"CP-ppo-ac-NN(6,6)-(lr=1.0e-5)-(86-params)",classic_NN_6-6,40
13.0,13,157872,CartPole-v1,"CP-ppo-ac-NN(6,6)-(lr=1.0e-5)-(86-params)",classic_NN_6-6,40
26.0,26,157916,CartPole-v1,"CP-ppo-ac-NN(6,6)-(lr=1.0e-5)-(86-params)",classic_NN_6-6,40
70.0,70,157980,CartPole-v1,"CP-ppo-ac-NN(6,6)-(lr=1.0e-5)-(86-params)",classic_NN_6-6,40
49.0,49,158024,CartPole-v1,"CP-ppo-ac-NN(6,6)-(lr=1.0e-5)-(86-params)",classic_NN_6-6,40
46.0,46,158100,CartPole-v1,"CP-ppo-ac-NN(6,6)-(lr=1.0e-5)-(86-params)",classic_NN_6-6,40
22.0,22,158112,CartPole-v1,"CP-ppo-ac-NN(6,6)-(lr=1.0e-5)-(86-params)",classic_NN_6-6,40
37.0,37,158128,CartPole-v1,"CP-ppo-ac-NN(6,6)-(lr=1.0e-5)-(86-params)",classic_NN_6-6,40
14.0,14,158168,CartPole-v1,"CP-ppo-ac-NN(6,6)-(lr=1.0e-5)-(86-params)",classic_NN_6-6,40
84.0,84,158208,CartPole-v1,"CP-ppo-ac-NN(6,6)-(lr=1.0e-5)-(86-params)",classic_NN_6-6,40
22.0,22,158256,CartPole-v1,"CP-ppo-ac-NN(6,6)-(lr=1.0e-5)-(86-params)",classic_NN_6-6,40
15.0,15,158268,CartPole-v1,"CP-ppo-ac-NN(6,6)-(lr=1.0e-5)-(86-params)",classic_NN_6-6,40
12.0,12,158316,CartPole-v1,"CP-ppo-ac-NN(6,6)-(lr=1.0e-5)-(86-params)",classic_NN_6-6,40
71.0,71,158384,CartPole-v1,"CP-ppo-ac-NN(6,6)-(lr=1.0e-5)-(86-params)",classic_NN_6-6,40
36.0,36,158400,CartPole-v1,"CP-ppo-ac-NN(6,6)-(lr=1.0e-5)-(86-params)",classic_NN_6-6,40
71.0,71,158412,CartPole-v1,"CP-ppo-ac-NN(6,6)-(lr=1.0e-5)-(86-params)",classic_NN_6-6,40
14.0,14,158468,CartPole-v1,"CP-ppo-ac-NN(6,6)-(lr=1.0e-5)-(86-params)",classic_NN_6-6,40
27.0,27,158492,CartPole-v1,"CP-ppo-ac-NN(6,6)-(lr=1.0e-5)-(86-params)",classic_NN_6-6,40
49.0,49,158512,CartPole-v1,"CP-ppo-ac-NN(6,6)-(lr=1.0e-5)-(86-params)",classic_NN_6-6,40
28.0,28,158512,CartPole-v1,"CP-ppo-ac-NN(6,6)-(lr=1.0e-5)-(86-params)",classic_NN_6-6,40
23.0,23,158560,CartPole-v1,"CP-ppo-ac-NN(6,6)-(lr=1.0e-5)-(86-params)",classic_NN_6-6,40
12.0,12,158560,CartPole-v1,"CP-ppo-ac-NN(6,6)-(lr=1.0e-5)-(86-params)",classic_NN_6-6,40
24.0,24,158608,CartPole-v1,"CP-ppo-ac-NN(6,6)-(lr=1.0e-5)-(86-params)",classic_NN_6-6,40
15.0,15,158620,CartPole-v1,"CP-ppo-ac-NN(6,6)-(lr=1.0e-5)-(86-params)",classic_NN_6-6,40
33.0,33,158624,CartPole-v1,"CP-ppo-ac-NN(6,6)-(lr=1.0e-5)-(86-params)",classic_NN_6-6,40
33.0,33,158692,CartPole-v1,"CP-ppo-ac-NN(6,6)-(lr=1.0e-5)-(86-params)",classic_NN_6-6,40
26.0,26,158724,CartPole-v1,"CP-ppo-ac-NN(6,6)-(lr=1.0e-5)-(86-params)",classic_NN_6-6,40
36.0,36,158768,CartPole-v1,"CP-ppo-ac-NN(6,6)-(lr=1.0e-5)-(86-params)",classic_NN_6-6,40
26.0,26,158796,CartPole-v1,"CP-ppo-ac-NN(6,6)-(lr=1.0e-5)-(86-params)",classic_NN_6-6,40
21.0,21,158808,CartPole-v1,"CP-ppo-ac-NN(6,6)-(lr=1.0e-5)-(86-params)",classic_NN_6-6,40
13.0,13,158848,CartPole-v1,"CP-ppo-ac-NN(6,6)-(lr=1.0e-5)-(86-params)",classic_NN_6-6,40
64.0,64,158864,CartPole-v1,"CP-ppo-ac-NN(6,6)-(lr=1.0e-5)-(86-params)",classic_NN_6-6,40
22.0,22,158896,CartPole-v1,"CP-ppo-ac-NN(6,6)-(lr=1.0e-5)-(86-params)",classic_NN_6-6,40
20.0,20,158944,CartPole-v1,"CP-ppo-ac-NN(6,6)-(lr=1.0e-5)-(86-params)",classic_NN_6-6,40
31.0,31,158972,CartPole-v1,"CP-ppo-ac-NN(6,6)-(lr=1.0e-5)-(86-params)",classic_NN_6-6,40
53.0,53,158980,CartPole-v1,"CP-ppo-ac-NN(6,6)-(lr=1.0e-5)-(86-params)",classic_NN_6-6,40
23.0,23,158988,CartPole-v1,"CP-ppo-ac-NN(6,6)-(lr=1.0e-5)-(86-params)",classic_NN_6-6,40
15.0,15,159048,CartPole-v1,"CP-ppo-ac-NN(6,6)-(lr=1.0e-5)-(86-params)",classic_NN_6-6,40
22.0,22,159060,CartPole-v1,"CP-ppo-ac-NN(6,6)-(lr=1.0e-5)-(86-params)",classic_NN_6-6,40
22.0,22,159068,CartPole-v1,"CP-ppo-ac-NN(6,6)-(lr=1.0e-5)-(86-params)",classic_NN_6-6,40
35.0,35,159084,CartPole-v1,"CP-ppo-ac-NN(6,6)-(lr=1.0e-5)-(86-params)",classic_NN_6-6,40
13.0,13,159120,CartPole-v1,"CP-ppo-ac-NN(6,6)-(lr=1.0e-5)-(86-params)",classic_NN_6-6,40
16.0,16,159124,CartPole-v1,"CP-ppo-ac-NN(6,6)-(lr=1.0e-5)-(86-params)",classic_NN_6-6,40
21.0,21,159132,CartPole-v1,"CP-ppo-ac-NN(6,6)-(lr=1.0e-5)-(86-params)",classic_NN_6-6,40
13.0,13,159172,CartPole-v1,"CP-ppo-ac-NN(6,6)-(lr=1.0e-5)-(86-params)",classic_NN_6-6,40
28.0,28,159196,CartPole-v1,"CP-ppo-ac-NN(6,6)-(lr=1.0e-5)-(86-params)",classic_NN_6-6,40
24.0,24,159220,CartPole-v1,"CP-ppo-ac-NN(6,6)-(lr=1.0e-5)-(86-params)",classic_NN_6-6,40
12.0,12,159220,CartPole-v1,"CP-ppo-ac-NN(6,6)-(lr=1.0e-5)-(86-params)",classic_NN_6-6,40
23.0,23,159224,CartPole-v1,"CP-ppo-ac-NN(6,6)-(lr=1.0e-5)-(86-params)",classic_NN_6-6,40
14.0,14,159252,CartPole-v1,"CP-ppo-ac-NN(6,6)-(lr=1.0e-5)-(86-params)",classic_NN_6-6,40
10.0,10,159264,CartPole-v1,"CP-ppo-ac-NN(6,6)-(lr=1.0e-5)-(86-params)",classic_NN_6-6,40
14.0,14,159276,CartPole-v1,"CP-ppo-ac-NN(6,6)-(lr=1.0e-5)-(86-params)",classic_NN_6-6,40
26.0,26,159324,CartPole-v1,"CP-ppo-ac-NN(6,6)-(lr=1.0e-5)-(86-params)",classic_NN_6-6,40
12.0,12,159372,CartPole-v1,"CP-ppo-ac-NN(6,6)-(lr=1.0e-5)-(86-params)",classic_NN_6-6,40
31.0,31,159376,CartPole-v1,"CP-ppo-ac-NN(6,6)-(lr=1.0e-5)-(86-params)",classic_NN_6-6,40
31.0,31,159388,CartPole-v1,"CP-ppo-ac-NN(6,6)-(lr=1.0e-5)-(86-params)",classic_NN_6-6,40
12.0,12,159436,CartPole-v1,"CP-ppo-ac-NN(6,6)-(lr=1.0e-5)-(86-params)",classic_NN_6-6,40
42.0,42,159444,CartPole-v1,"CP-ppo-ac-NN(6,6)-(lr=1.0e-5)-(86-params)",classic_NN_6-6,40
21.0,21,159456,CartPole-v1,"CP-ppo-ac-NN(6,6)-(lr=1.0e-5)-(86-params)",classic_NN_6-6,40
37.0,37,159524,CartPole-v1,"CP-ppo-ac-NN(6,6)-(lr=1.0e-5)-(86-params)",classic_NN_6-6,40
26.0,26,159560,CartPole-v1,"CP-ppo-ac-NN(6,6)-(lr=1.0e-5)-(86-params)",classic_NN_6-6,40
31.0,31,159560,CartPole-v1,"CP-ppo-ac-NN(6,6)-(lr=1.0e-5)-(86-params)",classic_NN_6-6,40
13.0,13,159612,CartPole-v1,"CP-ppo-ac-NN(6,6)-(lr=1.0e-5)-(86-params)",classic_NN_6-6,40
43.0,43,159616,CartPole-v1,"CP-ppo-ac-NN(6,6)-(lr=1.0e-5)-(86-params)",classic_NN_6-6,40
28.0,28,159636,CartPole-v1,"CP-ppo-ac-NN(6,6)-(lr=1.0e-5)-(86-params)",classic_NN_6-6,40
16.0,16,159676,CartPole-v1,"CP-ppo-ac-NN(6,6)-(lr=1.0e-5)-(86-params)",classic_NN_6-6,40
17.0,17,159684,CartPole-v1,"CP-ppo-ac-NN(6,6)-(lr=1.0e-5)-(86-params)",classic_NN_6-6,40
33.0,33,159692,CartPole-v1,"CP-ppo-ac-NN(6,6)-(lr=1.0e-5)-(86-params)",classic_NN_6-6,40
17.0,17,159704,CartPole-v1,"CP-ppo-ac-NN(6,6)-(lr=1.0e-5)-(86-params)",classic_NN_6-6,40
21.0,21,159776,CartPole-v1,"CP-ppo-ac-NN(6,6)-(lr=1.0e-5)-(86-params)",classic_NN_6-6,40
19.0,19,159780,CartPole-v1,"CP-ppo-ac-NN(6,6)-(lr=1.0e-5)-(86-params)",classic_NN_6-6,40
28.0,28,159788,CartPole-v1,"CP-ppo-ac-NN(6,6)-(lr=1.0e-5)-(86-params)",classic_NN_6-6,40
36.0,36,159828,CartPole-v1,"CP-ppo-ac-NN(6,6)-(lr=1.0e-5)-(86-params)",classic_NN_6-6,40
15.0,15,159840,CartPole-v1,"CP-ppo-ac-NN(6,6)-(lr=1.0e-5)-(86-params)",classic_NN_6-6,40
29.0,29,159892,CartPole-v1,"CP-ppo-ac-NN(6,6)-(lr=1.0e-5)-(86-params)",classic_NN_6-6,40
20.0,20,159908,CartPole-v1,"CP-ppo-ac-NN(6,6)-(lr=1.0e-5)-(86-params)",classic_NN_6-6,40
10.0,10,159932,CartPole-v1,"CP-ppo-ac-NN(6,6)-(lr=1.0e-5)-(86-params)",classic_NN_6-6,40
40.0,40,159948,CartPole-v1,"CP-ppo-ac-NN(6,6)-(lr=1.0e-5)-(86-params)",classic_NN_6-6,40
39.0,39,159996,CartPole-v1,"CP-ppo-ac-NN(6,6)-(lr=1.0e-5)-(86-params)",classic_NN_6-6,40
24.0,24,160028,CartPole-v1,"CP-ppo-ac-NN(6,6)-(lr=1.0e-5)-(86-params)",classic_NN_6-6,40
25.0,25,160048,CartPole-v1,"CP-ppo-ac-NN(6,6)-(lr=1.0e-5)-(86-params)",classic_NN_6-6,40
44.0,44,160084,CartPole-v1,"CP-ppo-ac-NN(6,6)-(lr=1.0e-5)-(86-params)",classic_NN_6-6,40
22.0,22,160084,CartPole-v1,"CP-ppo-ac-NN(6,6)-(lr=1.0e-5)-(86-params)",classic_NN_6-6,40
17.0,17,160096,CartPole-v1,"CP-ppo-ac-NN(6,6)-(lr=1.0e-5)-(86-params)",classic_NN_6-6,40
18.0,18,160120,CartPole-v1,"CP-ppo-ac-NN(6,6)-(lr=1.0e-5)-(86-params)",classic_NN_6-6,40
19.0,19,160160,CartPole-v1,"CP-ppo-ac-NN(6,6)-(lr=1.0e-5)-(86-params)",classic_NN_6-6,40
19.0,19,160172,CartPole-v1,"CP-ppo-ac-NN(6,6)-(lr=1.0e-5)-(86-params)",classic_NN_6-6,40
25.0,25,160184,CartPole-v1,"CP-ppo-ac-NN(6,6)-(lr=1.0e-5)-(86-params)",classic_NN_6-6,40
22.0,22,160208,CartPole-v1,"CP-ppo-ac-NN(6,6)-(lr=1.0e-5)-(86-params)",classic_NN_6-6,40
18.0,18,160232,CartPole-v1,"CP-ppo-ac-NN(6,6)-(lr=1.0e-5)-(86-params)",classic_NN_6-6,40
24.0,24,160268,CartPole-v1,"CP-ppo-ac-NN(6,6)-(lr=1.0e-5)-(86-params)",classic_NN_6-6,40
25.0,25,160284,CartPole-v1,"CP-ppo-ac-NN(6,6)-(lr=1.0e-5)-(86-params)",classic_NN_6-6,40
20.0,20,160288,CartPole-v1,"CP-ppo-ac-NN(6,6)-(lr=1.0e-5)-(86-params)",classic_NN_6-6,40
20.0,20,160312,CartPole-v1,"CP-ppo-ac-NN(6,6)-(lr=1.0e-5)-(86-params)",classic_NN_6-6,40
26.0,26,160372,CartPole-v1,"CP-ppo-ac-NN(6,6)-(lr=1.0e-5)-(86-params)",classic_NN_6-6,40
16.0,16,160376,CartPole-v1,"CP-ppo-ac-NN(6,6)-(lr=1.0e-5)-(86-params)",classic_NN_6-6,40
28.0,28,160400,CartPole-v1,"CP-ppo-ac-NN(6,6)-(lr=1.0e-5)-(86-params)",classic_NN_6-6,40
29.0,29,160400,CartPole-v1,"CP-ppo-ac-NN(6,6)-(lr=1.0e-5)-(86-params)",classic_NN_6-6,40
21.0,21,160456,CartPole-v1,"CP-ppo-ac-NN(6,6)-(lr=1.0e-5)-(86-params)",classic_NN_6-6,40
23.0,23,160468,CartPole-v1,"CP-ppo-ac-NN(6,6)-(lr=1.0e-5)-(86-params)",classic_NN_6-6,40
18.0,18,160472,CartPole-v1,"CP-ppo-ac-NN(6,6)-(lr=1.0e-5)-(86-params)",classic_NN_6-6,40
22.0,22,160544,CartPole-v1,"CP-ppo-ac-NN(6,6)-(lr=1.0e-5)-(86-params)",classic_NN_6-6,40
12.0,12,160592,CartPole-v1,"CP-ppo-ac-NN(6,6)-(lr=1.0e-5)-(86-params)",classic_NN_6-6,40
49.0,49,160596,CartPole-v1,"CP-ppo-ac-NN(6,6)-(lr=1.0e-5)-(86-params)",classic_NN_6-6,40
32.0,32,160596,CartPole-v1,"CP-ppo-ac-NN(6,6)-(lr=1.0e-5)-(86-params)",classic_NN_6-6,40
33.0,33,160604,CartPole-v1,"CP-ppo-ac-NN(6,6)-(lr=1.0e-5)-(86-params)",classic_NN_6-6,40
19.0,19,160672,CartPole-v1,"CP-ppo-ac-NN(6,6)-(lr=1.0e-5)-(86-params)",classic_NN_6-6,40
22.0,22,160684,CartPole-v1,"CP-ppo-ac-NN(6,6)-(lr=1.0e-5)-(86-params)",classic_NN_6-6,40
41.0,41,160768,CartPole-v1,"CP-ppo-ac-NN(6,6)-(lr=1.0e-5)-(86-params)",classic_NN_6-6,40
74.0,74,160888,CartPole-v1,"CP-ppo-ac-NN(6,6)-(lr=1.0e-5)-(86-params)",classic_NN_6-6,40
61.0,61,160916,CartPole-v1,"CP-ppo-ac-NN(6,6)-(lr=1.0e-5)-(86-params)",classic_NN_6-6,40
68.0,68,160956,CartPole-v1,"CP-ppo-ac-NN(6,6)-(lr=1.0e-5)-(86-params)",classic_NN_6-6,40
11.0,11,160960,CartPole-v1,"CP-ppo-ac-NN(6,6)-(lr=1.0e-5)-(86-params)",classic_NN_6-6,40
23.0,23,160980,CartPole-v1,"CP-ppo-ac-NN(6,6)-(lr=1.0e-5)-(86-params)",classic_NN_6-6,40
11.0,11,161000,CartPole-v1,"CP-ppo-ac-NN(6,6)-(lr=1.0e-5)-(86-params)",classic_NN_6-6,40
67.0,67,161036,CartPole-v1,"CP-ppo-ac-NN(6,6)-(lr=1.0e-5)-(86-params)",classic_NN_6-6,40
11.0,11,161044,CartPole-v1,"CP-ppo-ac-NN(6,6)-(lr=1.0e-5)-(86-params)",classic_NN_6-6,40
26.0,26,161064,CartPole-v1,"CP-ppo-ac-NN(6,6)-(lr=1.0e-5)-(86-params)",classic_NN_6-6,40
14.0,14,161100,CartPole-v1,"CP-ppo-ac-NN(6,6)-(lr=1.0e-5)-(86-params)",classic_NN_6-6,40
17.0,17,161104,CartPole-v1,"CP-ppo-ac-NN(6,6)-(lr=1.0e-5)-(86-params)",classic_NN_6-6,40
13.0,13,161116,CartPole-v1,"CP-ppo-ac-NN(6,6)-(lr=1.0e-5)-(86-params)",classic_NN_6-6,40
10.0,10,161144,CartPole-v1,"CP-ppo-ac-NN(6,6)-(lr=1.0e-5)-(86-params)",classic_NN_6-6,40
13.0,13,161168,CartPole-v1,"CP-ppo-ac-NN(6,6)-(lr=1.0e-5)-(86-params)",classic_NN_6-6,40
48.0,48,161172,CartPole-v1,"CP-ppo-ac-NN(6,6)-(lr=1.0e-5)-(86-params)",classic_NN_6-6,40
11.0,11,161216,CartPole-v1,"CP-ppo-ac-NN(6,6)-(lr=1.0e-5)-(86-params)",classic_NN_6-6,40
16.0,16,161232,CartPole-v1,"CP-ppo-ac-NN(6,6)-(lr=1.0e-5)-(86-params)",classic_NN_6-6,40
25.0,25,161244,CartPole-v1,"CP-ppo-ac-NN(6,6)-(lr=1.0e-5)-(86-params)",classic_NN_6-6,40
10.0,10,161256,CartPole-v1,"CP-ppo-ac-NN(6,6)-(lr=1.0e-5)-(86-params)",classic_NN_6-6,40
46.0,46,161284,CartPole-v1,"CP-ppo-ac-NN(6,6)-(lr=1.0e-5)-(86-params)",classic_NN_6-6,40
15.0,15,161292,CartPole-v1,"CP-ppo-ac-NN(6,6)-(lr=1.0e-5)-(86-params)",classic_NN_6-6,40
19.0,19,161332,CartPole-v1,"CP-ppo-ac-NN(6,6)-(lr=1.0e-5)-(86-params)",classic_NN_6-6,40
12.0,12,161340,CartPole-v1,"CP-ppo-ac-NN(6,6)-(lr=1.0e-5)-(86-params)",classic_NN_6-6,40
16.0,16,161348,CartPole-v1,"CP-ppo-ac-NN(6,6)-(lr=1.0e-5)-(86-params)",classic_NN_6-6,40
11.0,11,161376,CartPole-v1,"CP-ppo-ac-NN(6,6)-(lr=1.0e-5)-(86-params)",classic_NN_6-6,40
46.0,46,161428,CartPole-v1,"CP-ppo-ac-NN(6,6)-(lr=1.0e-5)-(86-params)",classic_NN_6-6,40
20.0,20,161428,CartPole-v1,"CP-ppo-ac-NN(6,6)-(lr=1.0e-5)-(86-params)",classic_NN_6-6,40
25.0,25,161440,CartPole-v1,"CP-ppo-ac-NN(6,6)-(lr=1.0e-5)-(86-params)",classic_NN_6-6,40
25.0,25,161476,CartPole-v1,"CP-ppo-ac-NN(6,6)-(lr=1.0e-5)-(86-params)",classic_NN_6-6,40
15.0,15,161500,CartPole-v1,"CP-ppo-ac-NN(6,6)-(lr=1.0e-5)-(86-params)",classic_NN_6-6,40
18.0,18,161500,CartPole-v1,"CP-ppo-ac-NN(6,6)-(lr=1.0e-5)-(86-params)",classic_NN_6-6,40
22.0,22,161516,CartPole-v1,"CP-ppo-ac-NN(6,6)-(lr=1.0e-5)-(86-params)",classic_NN_6-6,40
15.0,15,161536,CartPole-v1,"CP-ppo-ac-NN(6,6)-(lr=1.0e-5)-(86-params)",classic_NN_6-6,40
15.0,15,161560,CartPole-v1,"CP-ppo-ac-NN(6,6)-(lr=1.0e-5)-(86-params)",classic_NN_6-6,40
16.0,16,161564,CartPole-v1,"CP-ppo-ac-NN(6,6)-(lr=1.0e-5)-(86-params)",classic_NN_6-6,40
14.0,14,161592,CartPole-v1,"CP-ppo-ac-NN(6,6)-(lr=1.0e-5)-(86-params)",classic_NN_6-6,40
12.0,12,161608,CartPole-v1,"CP-ppo-ac-NN(6,6)-(lr=1.0e-5)-(86-params)",classic_NN_6-6,40
13.0,13,161616,CartPole-v1,"CP-ppo-ac-NN(6,6)-(lr=1.0e-5)-(86-params)",classic_NN_6-6,40
30.0,30,161636,CartPole-v1,"CP-ppo-ac-NN(6,6)-(lr=1.0e-5)-(86-params)",classic_NN_6-6,40
20.0,20,161688,CartPole-v1,"CP-ppo-ac-NN(6,6)-(lr=1.0e-5)-(86-params)",classic_NN_6-6,40
26.0,26,161696,CartPole-v1,"CP-ppo-ac-NN(6,6)-(lr=1.0e-5)-(86-params)",classic_NN_6-6,40
17.0,17,161704,CartPole-v1,"CP-ppo-ac-NN(6,6)-(lr=1.0e-5)-(86-params)",classic_NN_6-6,40
23.0,23,161708,CartPole-v1,"CP-ppo-ac-NN(6,6)-(lr=1.0e-5)-(86-params)",classic_NN_6-6,40
20.0,20,161784,CartPole-v1,"CP-ppo-ac-NN(6,6)-(lr=1.0e-5)-(86-params)",classic_NN_6-6,40
26.0,26,161812,CartPole-v1,"CP-ppo-ac-NN(6,6)-(lr=1.0e-5)-(86-params)",classic_NN_6-6,40
35.0,35,161836,CartPole-v1,"CP-ppo-ac-NN(6,6)-(lr=1.0e-5)-(86-params)",classic_NN_6-6,40
37.0,37,161932,CartPole-v1,"CP-ppo-ac-NN(6,6)-(lr=1.0e-5)-(86-params)",classic_NN_6-6,40
61.0,61,161932,CartPole-v1,"CP-ppo-ac-NN(6,6)-(lr=1.0e-5)-(86-params)",classic_NN_6-6,40
32.0,32,161964,CartPole-v1,"CP-ppo-ac-NN(6,6)-(lr=1.0e-5)-(86-params)",classic_NN_6-6,40
40.0,40,161972,CartPole-v1,"CP-ppo-ac-NN(6,6)-(lr=1.0e-5)-(86-params)",classic_NN_6-6,40
15.0,15,162024,CartPole-v1,"CP-ppo-ac-NN(6,6)-(lr=1.0e-5)-(86-params)",classic_NN_6-6,40
17.0,17,162040,CartPole-v1,"CP-ppo-ac-NN(6,6)-(lr=1.0e-5)-(86-params)",classic_NN_6-6,40
29.0,29,162048,CartPole-v1,"CP-ppo-ac-NN(6,6)-(lr=1.0e-5)-(86-params)",classic_NN_6-6,40
25.0,25,162124,CartPole-v1,"CP-ppo-ac-NN(6,6)-(lr=1.0e-5)-(86-params)",classic_NN_6-6,40
25.0,25,162140,CartPole-v1,"CP-ppo-ac-NN(6,6)-(lr=1.0e-5)-(86-params)",classic_NN_6-6,40
52.0,52,162140,CartPole-v1,"CP-ppo-ac-NN(6,6)-(lr=1.0e-5)-(86-params)",classic_NN_6-6,40
36.0,36,162192,CartPole-v1,"CP-ppo-ac-NN(6,6)-(lr=1.0e-5)-(86-params)",classic_NN_6-6,40
31.0,31,162248,CartPole-v1,"CP-ppo-ac-NN(6,6)-(lr=1.0e-5)-(86-params)",classic_NN_6-6,40
29.0,29,162256,CartPole-v1,"CP-ppo-ac-NN(6,6)-(lr=1.0e-5)-(86-params)",classic_NN_6-6,40
16.0,16,162312,CartPole-v1,"CP-ppo-ac-NN(6,6)-(lr=1.0e-5)-(86-params)",classic_NN_6-6,40
20.0,20,162336,CartPole-v1,"CP-ppo-ac-NN(6,6)-(lr=1.0e-5)-(86-params)",classic_NN_6-6,40
45.0,45,162372,CartPole-v1,"CP-ppo-ac-NN(6,6)-(lr=1.0e-5)-(86-params)",classic_NN_6-6,40
74.0,74,162436,CartPole-v1,"CP-ppo-ac-NN(6,6)-(lr=1.0e-5)-(86-params)",classic_NN_6-6,40
37.0,37,162460,CartPole-v1,"CP-ppo-ac-NN(6,6)-(lr=1.0e-5)-(86-params)",classic_NN_6-6,40
44.0,44,162512,CartPole-v1,"CP-ppo-ac-NN(6,6)-(lr=1.0e-5)-(86-params)",classic_NN_6-6,40
35.0,35,162512,CartPole-v1,"CP-ppo-ac-NN(6,6)-(lr=1.0e-5)-(86-params)",classic_NN_6-6,40
19.0,19,162536,CartPole-v1,"CP-ppo-ac-NN(6,6)-(lr=1.0e-5)-(86-params)",classic_NN_6-6,40
26.0,26,162540,CartPole-v1,"CP-ppo-ac-NN(6,6)-(lr=1.0e-5)-(86-params)",classic_NN_6-6,40
19.0,19,162588,CartPole-v1,"CP-ppo-ac-NN(6,6)-(lr=1.0e-5)-(86-params)",classic_NN_6-6,40
19.0,19,162616,CartPole-v1,"CP-ppo-ac-NN(6,6)-(lr=1.0e-5)-(86-params)",classic_NN_6-6,40
31.0,31,162660,CartPole-v1,"CP-ppo-ac-NN(6,6)-(lr=1.0e-5)-(86-params)",classic_NN_6-6,40
12.0,12,162664,CartPole-v1,"CP-ppo-ac-NN(6,6)-(lr=1.0e-5)-(86-params)",classic_NN_6-6,40
40.0,40,162672,CartPole-v1,"CP-ppo-ac-NN(6,6)-(lr=1.0e-5)-(86-params)",classic_NN_6-6,40
11.0,11,162708,CartPole-v1,"CP-ppo-ac-NN(6,6)-(lr=1.0e-5)-(86-params)",classic_NN_6-6,40
11.0,11,162716,CartPole-v1,"CP-ppo-ac-NN(6,6)-(lr=1.0e-5)-(86-params)",classic_NN_6-6,40
38.0,38,162740,CartPole-v1,"CP-ppo-ac-NN(6,6)-(lr=1.0e-5)-(86-params)",classic_NN_6-6,40
18.0,18,162780,CartPole-v1,"CP-ppo-ac-NN(6,6)-(lr=1.0e-5)-(86-params)",classic_NN_6-6,40
16.0,16,162804,CartPole-v1,"CP-ppo-ac-NN(6,6)-(lr=1.0e-5)-(86-params)",classic_NN_6-6,40
41.0,41,162824,CartPole-v1,"CP-ppo-ac-NN(6,6)-(lr=1.0e-5)-(86-params)",classic_NN_6-6,40
20.0,20,162860,CartPole-v1,"CP-ppo-ac-NN(6,6)-(lr=1.0e-5)-(86-params)",classic_NN_6-6,40
17.0,17,162872,CartPole-v1,"CP-ppo-ac-NN(6,6)-(lr=1.0e-5)-(86-params)",classic_NN_6-6,40
45.0,45,162896,CartPole-v1,"CP-ppo-ac-NN(6,6)-(lr=1.0e-5)-(86-params)",classic_NN_6-6,40
20.0,20,162952,CartPole-v1,"CP-ppo-ac-NN(6,6)-(lr=1.0e-5)-(86-params)",classic_NN_6-6,40
38.0,38,162976,CartPole-v1,"CP-ppo-ac-NN(6,6)-(lr=1.0e-5)-(86-params)",classic_NN_6-6,40
29.0,29,163012,CartPole-v1,"CP-ppo-ac-NN(6,6)-(lr=1.0e-5)-(86-params)",classic_NN_6-6,40
17.0,17,163044,CartPole-v1,"CP-ppo-ac-NN(6,6)-(lr=1.0e-5)-(86-params)",classic_NN_6-6,40
24.0,24,163048,CartPole-v1,"CP-ppo-ac-NN(6,6)-(lr=1.0e-5)-(86-params)",classic_NN_6-6,40
16.0,16,163076,CartPole-v1,"CP-ppo-ac-NN(6,6)-(lr=1.0e-5)-(86-params)",classic_NN_6-6,40
55.0,55,163080,CartPole-v1,"CP-ppo-ac-NN(6,6)-(lr=1.0e-5)-(86-params)",classic_NN_6-6,40
13.0,13,163096,CartPole-v1,"CP-ppo-ac-NN(6,6)-(lr=1.0e-5)-(86-params)",classic_NN_6-6,40
23.0,23,163140,CartPole-v1,"CP-ppo-ac-NN(6,6)-(lr=1.0e-5)-(86-params)",classic_NN_6-6,40
19.0,19,163152,CartPole-v1,"CP-ppo-ac-NN(6,6)-(lr=1.0e-5)-(86-params)",classic_NN_6-6,40
16.0,16,163216,CartPole-v1,"CP-ppo-ac-NN(6,6)-(lr=1.0e-5)-(86-params)",classic_NN_6-6,40
37.0,37,163228,CartPole-v1,"CP-ppo-ac-NN(6,6)-(lr=1.0e-5)-(86-params)",classic_NN_6-6,40
34.0,34,163276,CartPole-v1,"CP-ppo-ac-NN(6,6)-(lr=1.0e-5)-(86-params)",classic_NN_6-6,40
47.0,47,163284,CartPole-v1,"CP-ppo-ac-NN(6,6)-(lr=1.0e-5)-(86-params)",classic_NN_6-6,40
18.0,18,163288,CartPole-v1,"CP-ppo-ac-NN(6,6)-(lr=1.0e-5)-(86-params)",classic_NN_6-6,40
12.0,12,163336,CartPole-v1,"CP-ppo-ac-NN(6,6)-(lr=1.0e-5)-(86-params)",classic_NN_6-6,40
15.0,15,163344,CartPole-v1,"CP-ppo-ac-NN(6,6)-(lr=1.0e-5)-(86-params)",classic_NN_6-6,40
24.0,24,163372,CartPole-v1,"CP-ppo-ac-NN(6,6)-(lr=1.0e-5)-(86-params)",classic_NN_6-6,40
14.0,14,163400,CartPole-v1,"CP-ppo-ac-NN(6,6)-(lr=1.0e-5)-(86-params)",classic_NN_6-6,40
22.0,22,163424,CartPole-v1,"CP-ppo-ac-NN(6,6)-(lr=1.0e-5)-(86-params)",classic_NN_6-6,40
14.0,14,163428,CartPole-v1,"CP-ppo-ac-NN(6,6)-(lr=1.0e-5)-(86-params)",classic_NN_6-6,40
13.0,13,163452,CartPole-v1,"CP-ppo-ac-NN(6,6)-(lr=1.0e-5)-(86-params)",classic_NN_6-6,40
11.0,11,163468,CartPole-v1,"CP-ppo-ac-NN(6,6)-(lr=1.0e-5)-(86-params)",classic_NN_6-6,40
15.0,15,163512,CartPole-v1,"CP-ppo-ac-NN(6,6)-(lr=1.0e-5)-(86-params)",classic_NN_6-6,40
35.0,35,163568,CartPole-v1,"CP-ppo-ac-NN(6,6)-(lr=1.0e-5)-(86-params)",classic_NN_6-6,40
26.0,26,163572,CartPole-v1,"CP-ppo-ac-NN(6,6)-(lr=1.0e-5)-(86-params)",classic_NN_6-6,40
91.0,91,163592,CartPole-v1,"CP-ppo-ac-NN(6,6)-(lr=1.0e-5)-(86-params)",classic_NN_6-6,40
15.0,15,163652,CartPole-v1,"CP-ppo-ac-NN(6,6)-(lr=1.0e-5)-(86-params)",classic_NN_6-6,40
22.0,22,163656,CartPole-v1,"CP-ppo-ac-NN(6,6)-(lr=1.0e-5)-(86-params)",classic_NN_6-6,40
25.0,25,163672,CartPole-v1,"CP-ppo-ac-NN(6,6)-(lr=1.0e-5)-(86-params)",classic_NN_6-6,40
45.0,45,163692,CartPole-v1,"CP-ppo-ac-NN(6,6)-(lr=1.0e-5)-(86-params)",classic_NN_6-6,40
16.0,16,163756,CartPole-v1,"CP-ppo-ac-NN(6,6)-(lr=1.0e-5)-(86-params)",classic_NN_6-6,40
27.0,27,163760,CartPole-v1,"CP-ppo-ac-NN(6,6)-(lr=1.0e-5)-(86-params)",classic_NN_6-6,40
12.0,12,163804,CartPole-v1,"CP-ppo-ac-NN(6,6)-(lr=1.0e-5)-(86-params)",classic_NN_6-6,40
39.0,39,163812,CartPole-v1,"CP-ppo-ac-NN(6,6)-(lr=1.0e-5)-(86-params)",classic_NN_6-6,40
18.0,18,163832,CartPole-v1,"CP-ppo-ac-NN(6,6)-(lr=1.0e-5)-(86-params)",classic_NN_6-6,40
49.0,49,163868,CartPole-v1,"CP-ppo-ac-NN(6,6)-(lr=1.0e-5)-(86-params)",classic_NN_6-6,40
11.0,11,163876,CartPole-v1,"CP-ppo-ac-NN(6,6)-(lr=1.0e-5)-(86-params)",classic_NN_6-6,40
10.0,10,163908,CartPole-v1,"CP-ppo-ac-NN(6,6)-(lr=1.0e-5)-(86-params)",classic_NN_6-6,40
13.0,13,163928,CartPole-v1,"CP-ppo-ac-NN(6,6)-(lr=1.0e-5)-(86-params)",classic_NN_6-6,40
38.0,38,163964,CartPole-v1,"CP-ppo-ac-NN(6,6)-(lr=1.0e-5)-(86-params)",classic_NN_6-6,40
16.0,16,163992,CartPole-v1,"CP-ppo-ac-NN(6,6)-(lr=1.0e-5)-(86-params)",classic_NN_6-6,40
48.0,48,163996,CartPole-v1,"CP-ppo-ac-NN(6,6)-(lr=1.0e-5)-(86-params)",classic_NN_6-6,40
36.0,36,164052,CartPole-v1,"CP-ppo-ac-NN(6,6)-(lr=1.0e-5)-(86-params)",classic_NN_6-6,40
17.0,17,164064,CartPole-v1,"CP-ppo-ac-NN(6,6)-(lr=1.0e-5)-(86-params)",classic_NN_6-6,40
19.0,19,164068,CartPole-v1,"CP-ppo-ac-NN(6,6)-(lr=1.0e-5)-(86-params)",classic_NN_6-6,40
26.0,26,164068,CartPole-v1,"CP-ppo-ac-NN(6,6)-(lr=1.0e-5)-(86-params)",classic_NN_6-6,40
11.0,11,164096,CartPole-v1,"CP-ppo-ac-NN(6,6)-(lr=1.0e-5)-(86-params)",classic_NN_6-6,40
15.0,15,164124,CartPole-v1,"CP-ppo-ac-NN(6,6)-(lr=1.0e-5)-(86-params)",classic_NN_6-6,40
20.0,20,164148,CartPole-v1,"CP-ppo-ac-NN(6,6)-(lr=1.0e-5)-(86-params)",classic_NN_6-6,40
14.0,14,164152,CartPole-v1,"CP-ppo-ac-NN(6,6)-(lr=1.0e-5)-(86-params)",classic_NN_6-6,40
23.0,23,164160,CartPole-v1,"CP-ppo-ac-NN(6,6)-(lr=1.0e-5)-(86-params)",classic_NN_6-6,40
26.0,26,164228,CartPole-v1,"CP-ppo-ac-NN(6,6)-(lr=1.0e-5)-(86-params)",classic_NN_6-6,40
18.0,18,164232,CartPole-v1,"CP-ppo-ac-NN(6,6)-(lr=1.0e-5)-(86-params)",classic_NN_6-6,40
22.0,22,164320,CartPole-v1,"CP-ppo-ac-NN(6,6)-(lr=1.0e-5)-(86-params)",classic_NN_6-6,40
44.0,44,164324,CartPole-v1,"CP-ppo-ac-NN(6,6)-(lr=1.0e-5)-(86-params)",classic_NN_6-6,40
48.0,48,164344,CartPole-v1,"CP-ppo-ac-NN(6,6)-(lr=1.0e-5)-(86-params)",classic_NN_6-6,40
30.0,30,164348,CartPole-v1,"CP-ppo-ac-NN(6,6)-(lr=1.0e-5)-(86-params)",classic_NN_6-6,40
16.0,16,164388,CartPole-v1,"CP-ppo-ac-NN(6,6)-(lr=1.0e-5)-(86-params)",classic_NN_6-6,40
27.0,27,164428,CartPole-v1,"CP-ppo-ac-NN(6,6)-(lr=1.0e-5)-(86-params)",classic_NN_6-6,40
28.0,28,164456,CartPole-v1,"CP-ppo-ac-NN(6,6)-(lr=1.0e-5)-(86-params)",classic_NN_6-6,40
14.0,14,164484,CartPole-v1,"CP-ppo-ac-NN(6,6)-(lr=1.0e-5)-(86-params)",classic_NN_6-6,40
27.0,27,164496,CartPole-v1,"CP-ppo-ac-NN(6,6)-(lr=1.0e-5)-(86-params)",classic_NN_6-6,40
43.0,43,164520,CartPole-v1,"CP-ppo-ac-NN(6,6)-(lr=1.0e-5)-(86-params)",classic_NN_6-6,40
19.0,19,164532,CartPole-v1,"CP-ppo-ac-NN(6,6)-(lr=1.0e-5)-(86-params)",classic_NN_6-6,40
12.0,12,164544,CartPole-v1,"CP-ppo-ac-NN(6,6)-(lr=1.0e-5)-(86-params)",classic_NN_6-6,40
15.0,15,164544,CartPole-v1,"CP-ppo-ac-NN(6,6)-(lr=1.0e-5)-(86-params)",classic_NN_6-6,40
24.0,24,164616,CartPole-v1,"CP-ppo-ac-NN(6,6)-(lr=1.0e-5)-(86-params)",classic_NN_6-6,40
20.0,20,164624,CartPole-v1,"CP-ppo-ac-NN(6,6)-(lr=1.0e-5)-(86-params)",classic_NN_6-6,40
26.0,26,164648,CartPole-v1,"CP-ppo-ac-NN(6,6)-(lr=1.0e-5)-(86-params)",classic_NN_6-6,40
32.0,32,164660,CartPole-v1,"CP-ppo-ac-NN(6,6)-(lr=1.0e-5)-(86-params)",classic_NN_6-6,40
10.0,10,164664,CartPole-v1,"CP-ppo-ac-NN(6,6)-(lr=1.0e-5)-(86-params)",classic_NN_6-6,40
14.0,14,164720,CartPole-v1,"CP-ppo-ac-NN(6,6)-(lr=1.0e-5)-(86-params)",classic_NN_6-6,40
31.0,31,164740,CartPole-v1,"CP-ppo-ac-NN(6,6)-(lr=1.0e-5)-(86-params)",classic_NN_6-6,40
21.0,21,164744,CartPole-v1,"CP-ppo-ac-NN(6,6)-(lr=1.0e-5)-(86-params)",classic_NN_6-6,40
29.0,29,164764,CartPole-v1,"CP-ppo-ac-NN(6,6)-(lr=1.0e-5)-(86-params)",classic_NN_6-6,40
12.0,12,164768,CartPole-v1,"CP-ppo-ac-NN(6,6)-(lr=1.0e-5)-(86-params)",classic_NN_6-6,40
25.0,25,164864,CartPole-v1,"CP-ppo-ac-NN(6,6)-(lr=1.0e-5)-(86-params)",classic_NN_6-6,40
25.0,25,164868,CartPole-v1,"CP-ppo-ac-NN(6,6)-(lr=1.0e-5)-(86-params)",classic_NN_6-6,40
32.0,32,164872,CartPole-v1,"CP-ppo-ac-NN(6,6)-(lr=1.0e-5)-(86-params)",classic_NN_6-6,40
40.0,40,164900,CartPole-v1,"CP-ppo-ac-NN(6,6)-(lr=1.0e-5)-(86-params)",classic_NN_6-6,40
14.0,14,164924,CartPole-v1,"CP-ppo-ac-NN(6,6)-(lr=1.0e-5)-(86-params)",classic_NN_6-6,40
16.0,16,164928,CartPole-v1,"CP-ppo-ac-NN(6,6)-(lr=1.0e-5)-(86-params)",classic_NN_6-6,40
18.0,18,164944,CartPole-v1,"CP-ppo-ac-NN(6,6)-(lr=1.0e-5)-(86-params)",classic_NN_6-6,40
17.0,17,164992,CartPole-v1,"CP-ppo-ac-NN(6,6)-(lr=1.0e-5)-(86-params)",classic_NN_6-6,40
39.0,39,165056,CartPole-v1,"CP-ppo-ac-NN(6,6)-(lr=1.0e-5)-(86-params)",classic_NN_6-6,40
32.0,32,165056,CartPole-v1,"CP-ppo-ac-NN(6,6)-(lr=1.0e-5)-(86-params)",classic_NN_6-6,40
41.0,41,165108,CartPole-v1,"CP-ppo-ac-NN(6,6)-(lr=1.0e-5)-(86-params)",classic_NN_6-6,40
14.0,14,165112,CartPole-v1,"CP-ppo-ac-NN(6,6)-(lr=1.0e-5)-(86-params)",classic_NN_6-6,40
17.0,17,165124,CartPole-v1,"CP-ppo-ac-NN(6,6)-(lr=1.0e-5)-(86-params)",classic_NN_6-6,40
12.0,12,165160,CartPole-v1,"CP-ppo-ac-NN(6,6)-(lr=1.0e-5)-(86-params)",classic_NN_6-6,40
17.0,17,165192,CartPole-v1,"CP-ppo-ac-NN(6,6)-(lr=1.0e-5)-(86-params)",classic_NN_6-6,40
22.0,22,165196,CartPole-v1,"CP-ppo-ac-NN(6,6)-(lr=1.0e-5)-(86-params)",classic_NN_6-6,40
55.0,55,165212,CartPole-v1,"CP-ppo-ac-NN(6,6)-(lr=1.0e-5)-(86-params)",classic_NN_6-6,40
25.0,25,165260,CartPole-v1,"CP-ppo-ac-NN(6,6)-(lr=1.0e-5)-(86-params)",classic_NN_6-6,40
19.0,19,165272,CartPole-v1,"CP-ppo-ac-NN(6,6)-(lr=1.0e-5)-(86-params)",classic_NN_6-6,40
16.0,16,165276,CartPole-v1,"CP-ppo-ac-NN(6,6)-(lr=1.0e-5)-(86-params)",classic_NN_6-6,40
13.0,13,165312,CartPole-v1,"CP-ppo-ac-NN(6,6)-(lr=1.0e-5)-(86-params)",classic_NN_6-6,40
32.0,32,165320,CartPole-v1,"CP-ppo-ac-NN(6,6)-(lr=1.0e-5)-(86-params)",classic_NN_6-6,40
20.0,20,165352,CartPole-v1,"CP-ppo-ac-NN(6,6)-(lr=1.0e-5)-(86-params)",classic_NN_6-6,40
17.0,17,165380,CartPole-v1,"CP-ppo-ac-NN(6,6)-(lr=1.0e-5)-(86-params)",classic_NN_6-6,40
30.0,30,165396,CartPole-v1,"CP-ppo-ac-NN(6,6)-(lr=1.0e-5)-(86-params)",classic_NN_6-6,40
22.0,22,165408,CartPole-v1,"CP-ppo-ac-NN(6,6)-(lr=1.0e-5)-(86-params)",classic_NN_6-6,40
15.0,15,165412,CartPole-v1,"CP-ppo-ac-NN(6,6)-(lr=1.0e-5)-(86-params)",classic_NN_6-6,40
24.0,24,165476,CartPole-v1,"CP-ppo-ac-NN(6,6)-(lr=1.0e-5)-(86-params)",classic_NN_6-6,40
22.0,22,165564,CartPole-v1,"CP-ppo-ac-NN(6,6)-(lr=1.0e-5)-(86-params)",classic_NN_6-6,40
56.0,56,165636,CartPole-v1,"CP-ppo-ac-NN(6,6)-(lr=1.0e-5)-(86-params)",classic_NN_6-6,40
68.0,68,165668,CartPole-v1,"CP-ppo-ac-NN(6,6)-(lr=1.0e-5)-(86-params)",classic_NN_6-6,40
11.0,11,165680,CartPole-v1,"CP-ppo-ac-NN(6,6)-(lr=1.0e-5)-(86-params)",classic_NN_6-6,40
55.0,55,165784,CartPole-v1,"CP-ppo-ac-NN(6,6)-(lr=1.0e-5)-(86-params)",classic_NN_6-6,40
104.0,104,165824,CartPole-v1,"CP-ppo-ac-NN(6,6)-(lr=1.0e-5)-(86-params)",classic_NN_6-6,40
37.0,37,165828,CartPole-v1,"CP-ppo-ac-NN(6,6)-(lr=1.0e-5)-(86-params)",classic_NN_6-6,40
11.0,11,165828,CartPole-v1,"CP-ppo-ac-NN(6,6)-(lr=1.0e-5)-(86-params)",classic_NN_6-6,40
44.0,44,165844,CartPole-v1,"CP-ppo-ac-NN(6,6)-(lr=1.0e-5)-(86-params)",classic_NN_6-6,40
16.0,16,165908,CartPole-v1,"CP-ppo-ac-NN(6,6)-(lr=1.0e-5)-(86-params)",classic_NN_6-6,40
22.0,22,165912,CartPole-v1,"CP-ppo-ac-NN(6,6)-(lr=1.0e-5)-(86-params)",classic_NN_6-6,40
22.0,22,165916,CartPole-v1,"CP-ppo-ac-NN(6,6)-(lr=1.0e-5)-(86-params)",classic_NN_6-6,40
14.0,14,165964,CartPole-v1,"CP-ppo-ac-NN(6,6)-(lr=1.0e-5)-(86-params)",classic_NN_6-6,40
34.0,34,165964,CartPole-v1,"CP-ppo-ac-NN(6,6)-(lr=1.0e-5)-(86-params)",classic_NN_6-6,40
23.0,23,166056,CartPole-v1,"CP-ppo-ac-NN(6,6)-(lr=1.0e-5)-(86-params)",classic_NN_6-6,40
27.0,27,166072,CartPole-v1,"CP-ppo-ac-NN(6,6)-(lr=1.0e-5)-(86-params)",classic_NN_6-6,40
42.0,42,166080,CartPole-v1,"CP-ppo-ac-NN(6,6)-(lr=1.0e-5)-(86-params)",classic_NN_6-6,40
10.0,10,166120,CartPole-v1,"CP-ppo-ac-NN(6,6)-(lr=1.0e-5)-(86-params)",classic_NN_6-6,40
22.0,22,166144,CartPole-v1,"CP-ppo-ac-NN(6,6)-(lr=1.0e-5)-(86-params)",classic_NN_6-6,40
60.0,60,166156,CartPole-v1,"CP-ppo-ac-NN(6,6)-(lr=1.0e-5)-(86-params)",classic_NN_6-6,40
27.0,27,166180,CartPole-v1,"CP-ppo-ac-NN(6,6)-(lr=1.0e-5)-(86-params)",classic_NN_6-6,40
17.0,17,166212,CartPole-v1,"CP-ppo-ac-NN(6,6)-(lr=1.0e-5)-(86-params)",classic_NN_6-6,40
26.0,26,166224,CartPole-v1,"CP-ppo-ac-NN(6,6)-(lr=1.0e-5)-(86-params)",classic_NN_6-6,40
13.0,13,166232,CartPole-v1,"CP-ppo-ac-NN(6,6)-(lr=1.0e-5)-(86-params)",classic_NN_6-6,40
19.0,19,166232,CartPole-v1,"CP-ppo-ac-NN(6,6)-(lr=1.0e-5)-(86-params)",classic_NN_6-6,40
16.0,16,166276,CartPole-v1,"CP-ppo-ac-NN(6,6)-(lr=1.0e-5)-(86-params)",classic_NN_6-6,40
17.0,17,166300,CartPole-v1,"CP-ppo-ac-NN(6,6)-(lr=1.0e-5)-(86-params)",classic_NN_6-6,40
19.0,19,166300,CartPole-v1,"CP-ppo-ac-NN(6,6)-(lr=1.0e-5)-(86-params)",classic_NN_6-6,40
10.0,10,166316,CartPole-v1,"CP-ppo-ac-NN(6,6)-(lr=1.0e-5)-(86-params)",classic_NN_6-6,40
11.0,11,166344,CartPole-v1,"CP-ppo-ac-NN(6,6)-(lr=1.0e-5)-(86-params)",classic_NN_6-6,40
21.0,21,166400,CartPole-v1,"CP-ppo-ac-NN(6,6)-(lr=1.0e-5)-(86-params)",classic_NN_6-6,40
47.0,47,166420,CartPole-v1,"CP-ppo-ac-NN(6,6)-(lr=1.0e-5)-(86-params)",classic_NN_6-6,40
14.0,14,166476,CartPole-v1,"CP-ppo-ac-NN(6,6)-(lr=1.0e-5)-(86-params)",classic_NN_6-6,40
25.0,25,166500,CartPole-v1,"CP-ppo-ac-NN(6,6)-(lr=1.0e-5)-(86-params)",classic_NN_6-6,40
46.0,46,166528,CartPole-v1,"CP-ppo-ac-NN(6,6)-(lr=1.0e-5)-(86-params)",classic_NN_6-6,40
58.0,58,166532,CartPole-v1,"CP-ppo-ac-NN(6,6)-(lr=1.0e-5)-(86-params)",classic_NN_6-6,40
16.0,16,166540,CartPole-v1,"CP-ppo-ac-NN(6,6)-(lr=1.0e-5)-(86-params)",classic_NN_6-6,40
13.0,13,166580,CartPole-v1,"CP-ppo-ac-NN(6,6)-(lr=1.0e-5)-(86-params)",classic_NN_6-6,40
22.0,22,166668,CartPole-v1,"CP-ppo-ac-NN(6,6)-(lr=1.0e-5)-(86-params)",classic_NN_6-6,40
47.0,47,166688,CartPole-v1,"CP-ppo-ac-NN(6,6)-(lr=1.0e-5)-(86-params)",classic_NN_6-6,40
14.0,14,166724,CartPole-v1,"CP-ppo-ac-NN(6,6)-(lr=1.0e-5)-(86-params)",classic_NN_6-6,40
10.0,10,166728,CartPole-v1,"CP-ppo-ac-NN(6,6)-(lr=1.0e-5)-(86-params)",classic_NN_6-6,40
52.0,52,166748,CartPole-v1,"CP-ppo-ac-NN(6,6)-(lr=1.0e-5)-(86-params)",classic_NN_6-6,40
8.0,8,166756,CartPole-v1,"CP-ppo-ac-NN(6,6)-(lr=1.0e-5)-(86-params)",classic_NN_6-6,40
9.0,9,166764,CartPole-v1,"CP-ppo-ac-NN(6,6)-(lr=1.0e-5)-(86-params)",classic_NN_6-6,40
59.0,59,166768,CartPole-v1,"CP-ppo-ac-NN(6,6)-(lr=1.0e-5)-(86-params)",classic_NN_6-6,40
20.0,20,166844,CartPole-v1,"CP-ppo-ac-NN(6,6)-(lr=1.0e-5)-(86-params)",classic_NN_6-6,40
23.0,23,166860,CartPole-v1,"CP-ppo-ac-NN(6,6)-(lr=1.0e-5)-(86-params)",classic_NN_6-6,40
28.0,28,166860,CartPole-v1,"CP-ppo-ac-NN(6,6)-(lr=1.0e-5)-(86-params)",classic_NN_6-6,40
29.0,29,166872,CartPole-v1,"CP-ppo-ac-NN(6,6)-(lr=1.0e-5)-(86-params)",classic_NN_6-6,40
11.0,11,166904,CartPole-v1,"CP-ppo-ac-NN(6,6)-(lr=1.0e-5)-(86-params)",classic_NN_6-6,40
21.0,21,166944,CartPole-v1,"CP-ppo-ac-NN(6,6)-(lr=1.0e-5)-(86-params)",classic_NN_6-6,40
21.0,21,166988,CartPole-v1,"CP-ppo-ac-NN(6,6)-(lr=1.0e-5)-(86-params)",classic_NN_6-6,40
19.0,19,167020,CartPole-v1,"CP-ppo-ac-NN(6,6)-(lr=1.0e-5)-(86-params)",classic_NN_6-6,40
46.0,46,167028,CartPole-v1,"CP-ppo-ac-NN(6,6)-(lr=1.0e-5)-(86-params)",classic_NN_6-6,40
44.0,44,167048,CartPole-v1,"CP-ppo-ac-NN(6,6)-(lr=1.0e-5)-(86-params)",classic_NN_6-6,40
16.0,16,167052,CartPole-v1,"CP-ppo-ac-NN(6,6)-(lr=1.0e-5)-(86-params)",classic_NN_6-6,40
12.0,12,167096,CartPole-v1,"CP-ppo-ac-NN(6,6)-(lr=1.0e-5)-(86-params)",classic_NN_6-6,40
15.0,15,167112,CartPole-v1,"CP-ppo-ac-NN(6,6)-(lr=1.0e-5)-(86-params)",classic_NN_6-6,40
26.0,26,167124,CartPole-v1,"CP-ppo-ac-NN(6,6)-(lr=1.0e-5)-(86-params)",classic_NN_6-6,40
14.0,14,167180,CartPole-v1,"CP-ppo-ac-NN(6,6)-(lr=1.0e-5)-(86-params)",classic_NN_6-6,40
13.0,13,167232,CartPole-v1,"CP-ppo-ac-NN(6,6)-(lr=1.0e-5)-(86-params)",classic_NN_6-6,40
32.0,32,167240,CartPole-v1,"CP-ppo-ac-NN(6,6)-(lr=1.0e-5)-(86-params)",classic_NN_6-6,40
40.0,40,167256,CartPole-v1,"CP-ppo-ac-NN(6,6)-(lr=1.0e-5)-(86-params)",classic_NN_6-6,40
16.0,16,167304,CartPole-v1,"CP-ppo-ac-NN(6,6)-(lr=1.0e-5)-(86-params)",classic_NN_6-6,40
78.0,78,167340,CartPole-v1,"CP-ppo-ac-NN(6,6)-(lr=1.0e-5)-(86-params)",classic_NN_6-6,40
34.0,34,167368,CartPole-v1,"CP-ppo-ac-NN(6,6)-(lr=1.0e-5)-(86-params)",classic_NN_6-6,40
40.0,40,167416,CartPole-v1,"CP-ppo-ac-NN(6,6)-(lr=1.0e-5)-(86-params)",classic_NN_6-6,40
29.0,29,167420,CartPole-v1,"CP-ppo-ac-NN(6,6)-(lr=1.0e-5)-(86-params)",classic_NN_6-6,40
16.0,16,167432,CartPole-v1,"CP-ppo-ac-NN(6,6)-(lr=1.0e-5)-(86-params)",classic_NN_6-6,40
29.0,29,167456,CartPole-v1,"CP-ppo-ac-NN(6,6)-(lr=1.0e-5)-(86-params)",classic_NN_6-6,40
10.0,10,167456,CartPole-v1,"CP-ppo-ac-NN(6,6)-(lr=1.0e-5)-(86-params)",classic_NN_6-6,40
18.0,18,167528,CartPole-v1,"CP-ppo-ac-NN(6,6)-(lr=1.0e-5)-(86-params)",classic_NN_6-6,40
20.0,20,167536,CartPole-v1,"CP-ppo-ac-NN(6,6)-(lr=1.0e-5)-(86-params)",classic_NN_6-6,40
29.0,29,167548,CartPole-v1,"CP-ppo-ac-NN(6,6)-(lr=1.0e-5)-(86-params)",classic_NN_6-6,40
40.0,40,167580,CartPole-v1,"CP-ppo-ac-NN(6,6)-(lr=1.0e-5)-(86-params)",classic_NN_6-6,40
14.0,14,167584,CartPole-v1,"CP-ppo-ac-NN(6,6)-(lr=1.0e-5)-(86-params)",classic_NN_6-6,40
15.0,15,167608,CartPole-v1,"CP-ppo-ac-NN(6,6)-(lr=1.0e-5)-(86-params)",classic_NN_6-6,40
15.0,15,167640,CartPole-v1,"CP-ppo-ac-NN(6,6)-(lr=1.0e-5)-(86-params)",classic_NN_6-6,40
19.0,19,167684,CartPole-v1,"CP-ppo-ac-NN(6,6)-(lr=1.0e-5)-(86-params)",classic_NN_6-6,40
40.0,40,167696,CartPole-v1,"CP-ppo-ac-NN(6,6)-(lr=1.0e-5)-(86-params)",classic_NN_6-6,40
19.0,19,167716,CartPole-v1,"CP-ppo-ac-NN(6,6)-(lr=1.0e-5)-(86-params)",classic_NN_6-6,40
13.0,13,167748,CartPole-v1,"CP-ppo-ac-NN(6,6)-(lr=1.0e-5)-(86-params)",classic_NN_6-6,40
16.0,16,167748,CartPole-v1,"CP-ppo-ac-NN(6,6)-(lr=1.0e-5)-(86-params)",classic_NN_6-6,40
11.0,11,167760,CartPole-v1,"CP-ppo-ac-NN(6,6)-(lr=1.0e-5)-(86-params)",classic_NN_6-6,40
50.0,50,167784,CartPole-v1,"CP-ppo-ac-NN(6,6)-(lr=1.0e-5)-(86-params)",classic_NN_6-6,40
17.0,17,167816,CartPole-v1,"CP-ppo-ac-NN(6,6)-(lr=1.0e-5)-(86-params)",classic_NN_6-6,40
21.0,21,167832,CartPole-v1,"CP-ppo-ac-NN(6,6)-(lr=1.0e-5)-(86-params)",classic_NN_6-6,40
14.0,14,167840,CartPole-v1,"CP-ppo-ac-NN(6,6)-(lr=1.0e-5)-(86-params)",classic_NN_6-6,40
32.0,32,167888,CartPole-v1,"CP-ppo-ac-NN(6,6)-(lr=1.0e-5)-(86-params)",classic_NN_6-6,40
22.0,22,167920,CartPole-v1,"CP-ppo-ac-NN(6,6)-(lr=1.0e-5)-(86-params)",classic_NN_6-6,40
30.0,30,167936,CartPole-v1,"CP-ppo-ac-NN(6,6)-(lr=1.0e-5)-(86-params)",classic_NN_6-6,40
25.0,25,167940,CartPole-v1,"CP-ppo-ac-NN(6,6)-(lr=1.0e-5)-(86-params)",classic_NN_6-6,40
12.0,12,167988,CartPole-v1,"CP-ppo-ac-NN(6,6)-(lr=1.0e-5)-(86-params)",classic_NN_6-6,40
19.0,19,168012,CartPole-v1,"CP-ppo-ac-NN(6,6)-(lr=1.0e-5)-(86-params)",classic_NN_6-6,40
24.0,24,168016,CartPole-v1,"CP-ppo-ac-NN(6,6)-(lr=1.0e-5)-(86-params)",classic_NN_6-6,40
45.0,45,168068,CartPole-v1,"CP-ppo-ac-NN(6,6)-(lr=1.0e-5)-(86-params)",classic_NN_6-6,40
13.0,13,168068,CartPole-v1,"CP-ppo-ac-NN(6,6)-(lr=1.0e-5)-(86-params)",classic_NN_6-6,40
22.0,22,168076,CartPole-v1,"CP-ppo-ac-NN(6,6)-(lr=1.0e-5)-(86-params)",classic_NN_6-6,40
19.0,19,168088,CartPole-v1,"CP-ppo-ac-NN(6,6)-(lr=1.0e-5)-(86-params)",classic_NN_6-6,40
16.0,16,168140,CartPole-v1,"CP-ppo-ac-NN(6,6)-(lr=1.0e-5)-(86-params)",classic_NN_6-6,40
17.0,17,168156,CartPole-v1,"CP-ppo-ac-NN(6,6)-(lr=1.0e-5)-(86-params)",classic_NN_6-6,40
31.0,31,168192,CartPole-v1,"CP-ppo-ac-NN(6,6)-(lr=1.0e-5)-(86-params)",classic_NN_6-6,40
37.0,37,168216,CartPole-v1,"CP-ppo-ac-NN(6,6)-(lr=1.0e-5)-(86-params)",classic_NN_6-6,40
12.0,12,168264,CartPole-v1,"CP-ppo-ac-NN(6,6)-(lr=1.0e-5)-(86-params)",classic_NN_6-6,40
35.0,35,168280,CartPole-v1,"CP-ppo-ac-NN(6,6)-(lr=1.0e-5)-(86-params)",classic_NN_6-6,40
39.0,39,168312,CartPole-v1,"CP-ppo-ac-NN(6,6)-(lr=1.0e-5)-(86-params)",classic_NN_6-6,40
11.0,11,168324,CartPole-v1,"CP-ppo-ac-NN(6,6)-(lr=1.0e-5)-(86-params)",classic_NN_6-6,40
15.0,15,168372,CartPole-v1,"CP-ppo-ac-NN(6,6)-(lr=1.0e-5)-(86-params)",classic_NN_6-6,40
49.0,49,168388,CartPole-v1,"CP-ppo-ac-NN(6,6)-(lr=1.0e-5)-(86-params)",classic_NN_6-6,40
16.0,16,168388,CartPole-v1,"CP-ppo-ac-NN(6,6)-(lr=1.0e-5)-(86-params)",classic_NN_6-6,40
32.0,32,168392,CartPole-v1,"CP-ppo-ac-NN(6,6)-(lr=1.0e-5)-(86-params)",classic_NN_6-6,40
26.0,26,168476,CartPole-v1,"CP-ppo-ac-NN(6,6)-(lr=1.0e-5)-(86-params)",classic_NN_6-6,40
23.0,23,168480,CartPole-v1,"CP-ppo-ac-NN(6,6)-(lr=1.0e-5)-(86-params)",classic_NN_6-6,40
14.0,14,168536,CartPole-v1,"CP-ppo-ac-NN(6,6)-(lr=1.0e-5)-(86-params)",classic_NN_6-6,40
18.0,18,168548,CartPole-v1,"CP-ppo-ac-NN(6,6)-(lr=1.0e-5)-(86-params)",classic_NN_6-6,40
56.0,56,168612,CartPole-v1,"CP-ppo-ac-NN(6,6)-(lr=1.0e-5)-(86-params)",classic_NN_6-6,40
19.0,19,168688,CartPole-v1,"CP-ppo-ac-NN(6,6)-(lr=1.0e-5)-(86-params)",classic_NN_6-6,40
80.0,80,168712,CartPole-v1,"CP-ppo-ac-NN(6,6)-(lr=1.0e-5)-(86-params)",classic_NN_6-6,40
50.0,50,168748,CartPole-v1,"CP-ppo-ac-NN(6,6)-(lr=1.0e-5)-(86-params)",classic_NN_6-6,40
53.0,53,168748,CartPole-v1,"CP-ppo-ac-NN(6,6)-(lr=1.0e-5)-(86-params)",classic_NN_6-6,40
10.0,10,168788,CartPole-v1,"CP-ppo-ac-NN(6,6)-(lr=1.0e-5)-(86-params)",classic_NN_6-6,40
12.0,12,168796,CartPole-v1,"CP-ppo-ac-NN(6,6)-(lr=1.0e-5)-(86-params)",classic_NN_6-6,40
28.0,28,168824,CartPole-v1,"CP-ppo-ac-NN(6,6)-(lr=1.0e-5)-(86-params)",classic_NN_6-6,40
10.0,10,168864,CartPole-v1,"CP-ppo-ac-NN(6,6)-(lr=1.0e-5)-(86-params)",classic_NN_6-6,40
20.0,20,168876,CartPole-v1,"CP-ppo-ac-NN(6,6)-(lr=1.0e-5)-(86-params)",classic_NN_6-6,40
49.0,49,168884,CartPole-v1,"CP-ppo-ac-NN(6,6)-(lr=1.0e-5)-(86-params)",classic_NN_6-6,40
20.0,20,168964,CartPole-v1,"CP-ppo-ac-NN(6,6)-(lr=1.0e-5)-(86-params)",classic_NN_6-6,40
69.0,69,169064,CartPole-v1,"CP-ppo-ac-NN(6,6)-(lr=1.0e-5)-(86-params)",classic_NN_6-6,40
50.0,50,169064,CartPole-v1,"CP-ppo-ac-NN(6,6)-(lr=1.0e-5)-(86-params)",classic_NN_6-6,40
54.0,54,169092,CartPole-v1,"CP-ppo-ac-NN(6,6)-(lr=1.0e-5)-(86-params)",classic_NN_6-6,40
17.0,17,169132,CartPole-v1,"CP-ppo-ac-NN(6,6)-(lr=1.0e-5)-(86-params)",classic_NN_6-6,40
48.0,48,169156,CartPole-v1,"CP-ppo-ac-NN(6,6)-(lr=1.0e-5)-(86-params)",classic_NN_6-6,40
29.0,29,169208,CartPole-v1,"CP-ppo-ac-NN(6,6)-(lr=1.0e-5)-(86-params)",classic_NN_6-6,40
27.0,27,169240,CartPole-v1,"CP-ppo-ac-NN(6,6)-(lr=1.0e-5)-(86-params)",classic_NN_6-6,40
45.0,45,169244,CartPole-v1,"CP-ppo-ac-NN(6,6)-(lr=1.0e-5)-(86-params)",classic_NN_6-6,40
14.0,14,169264,CartPole-v1,"CP-ppo-ac-NN(6,6)-(lr=1.0e-5)-(86-params)",classic_NN_6-6,40
33.0,33,169288,CartPole-v1,"CP-ppo-ac-NN(6,6)-(lr=1.0e-5)-(86-params)",classic_NN_6-6,40
11.0,11,169308,CartPole-v1,"CP-ppo-ac-NN(6,6)-(lr=1.0e-5)-(86-params)",classic_NN_6-6,40
21.0,21,169328,CartPole-v1,"CP-ppo-ac-NN(6,6)-(lr=1.0e-5)-(86-params)",classic_NN_6-6,40
23.0,23,169332,CartPole-v1,"CP-ppo-ac-NN(6,6)-(lr=1.0e-5)-(86-params)",classic_NN_6-6,40
15.0,15,169368,CartPole-v1,"CP-ppo-ac-NN(6,6)-(lr=1.0e-5)-(86-params)",classic_NN_6-6,40
25.0,25,169388,CartPole-v1,"CP-ppo-ac-NN(6,6)-(lr=1.0e-5)-(86-params)",classic_NN_6-6,40
20.0,20,169412,CartPole-v1,"CP-ppo-ac-NN(6,6)-(lr=1.0e-5)-(86-params)",classic_NN_6-6,40
14.0,14,169424,CartPole-v1,"CP-ppo-ac-NN(6,6)-(lr=1.0e-5)-(86-params)",classic_NN_6-6,40
12.0,12,169460,CartPole-v1,"CP-ppo-ac-NN(6,6)-(lr=1.0e-5)-(86-params)",classic_NN_6-6,40
12.0,12,169472,CartPole-v1,"CP-ppo-ac-NN(6,6)-(lr=1.0e-5)-(86-params)",classic_NN_6-6,40
28.0,28,169500,CartPole-v1,"CP-ppo-ac-NN(6,6)-(lr=1.0e-5)-(86-params)",classic_NN_6-6,40
45.0,45,169508,CartPole-v1,"CP-ppo-ac-NN(6,6)-(lr=1.0e-5)-(86-params)",classic_NN_6-6,40
17.0,17,169528,CartPole-v1,"CP-ppo-ac-NN(6,6)-(lr=1.0e-5)-(86-params)",classic_NN_6-6,40
13.0,13,169552,CartPole-v1,"CP-ppo-ac-NN(6,6)-(lr=1.0e-5)-(86-params)",classic_NN_6-6,40
13.0,13,169560,CartPole-v1,"CP-ppo-ac-NN(6,6)-(lr=1.0e-5)-(86-params)",classic_NN_6-6,40
27.0,27,169580,CartPole-v1,"CP-ppo-ac-NN(6,6)-(lr=1.0e-5)-(86-params)",classic_NN_6-6,40
17.0,17,169648,CartPole-v1,"CP-ppo-ac-NN(6,6)-(lr=1.0e-5)-(86-params)",classic_NN_6-6,40
44.0,44,169704,CartPole-v1,"CP-ppo-ac-NN(6,6)-(lr=1.0e-5)-(86-params)",classic_NN_6-6,40
17.0,17,169716,CartPole-v1,"CP-ppo-ac-NN(6,6)-(lr=1.0e-5)-(86-params)",classic_NN_6-6,40
40.0,40,169720,CartPole-v1,"CP-ppo-ac-NN(6,6)-(lr=1.0e-5)-(86-params)",classic_NN_6-6,40
51.0,51,169756,CartPole-v1,"CP-ppo-ac-NN(6,6)-(lr=1.0e-5)-(86-params)",classic_NN_6-6,40
11.0,11,169760,CartPole-v1,"CP-ppo-ac-NN(6,6)-(lr=1.0e-5)-(86-params)",classic_NN_6-6,40
13.0,13,169772,CartPole-v1,"CP-ppo-ac-NN(6,6)-(lr=1.0e-5)-(86-params)",classic_NN_6-6,40
30.0,30,169824,CartPole-v1,"CP-ppo-ac-NN(6,6)-(lr=1.0e-5)-(86-params)",classic_NN_6-6,40
20.0,20,169840,CartPole-v1,"CP-ppo-ac-NN(6,6)-(lr=1.0e-5)-(86-params)",classic_NN_6-6,40
10.0,10,169864,CartPole-v1,"CP-ppo-ac-NN(6,6)-(lr=1.0e-5)-(86-params)",classic_NN_6-6,40
27.0,27,169864,CartPole-v1,"CP-ppo-ac-NN(6,6)-(lr=1.0e-5)-(86-params)",classic_NN_6-6,40
23.0,23,169864,CartPole-v1,"CP-ppo-ac-NN(6,6)-(lr=1.0e-5)-(86-params)",classic_NN_6-6,40
17.0,17,169932,CartPole-v1,"CP-ppo-ac-NN(6,6)-(lr=1.0e-5)-(86-params)",classic_NN_6-6,40
24.0,24,169936,CartPole-v1,"CP-ppo-ac-NN(6,6)-(lr=1.0e-5)-(86-params)",classic_NN_6-6,40
25.0,25,169964,CartPole-v1,"CP-ppo-ac-NN(6,6)-(lr=1.0e-5)-(86-params)",classic_NN_6-6,40
27.0,27,169972,CartPole-v1,"CP-ppo-ac-NN(6,6)-(lr=1.0e-5)-(86-params)",classic_NN_6-6,40
17.0,17,170004,CartPole-v1,"CP-ppo-ac-NN(6,6)-(lr=1.0e-5)-(86-params)",classic_NN_6-6,40
27.0,27,170072,CartPole-v1,"CP-ppo-ac-NN(6,6)-(lr=1.0e-5)-(86-params)",classic_NN_6-6,40
25.0,25,170072,CartPole-v1,"CP-ppo-ac-NN(6,6)-(lr=1.0e-5)-(86-params)",classic_NN_6-6,40
41.0,41,170096,CartPole-v1,"CP-ppo-ac-NN(6,6)-(lr=1.0e-5)-(86-params)",classic_NN_6-6,40
15.0,15,170132,CartPole-v1,"CP-ppo-ac-NN(6,6)-(lr=1.0e-5)-(86-params)",classic_NN_6-6,40
31.0,31,170196,CartPole-v1,"CP-ppo-ac-NN(6,6)-(lr=1.0e-5)-(86-params)",classic_NN_6-6,40
26.0,26,170200,CartPole-v1,"CP-ppo-ac-NN(6,6)-(lr=1.0e-5)-(86-params)",classic_NN_6-6,40
39.0,39,170288,CartPole-v1,"CP-ppo-ac-NN(6,6)-(lr=1.0e-5)-(86-params)",classic_NN_6-6,40
31.0,31,170324,CartPole-v1,"CP-ppo-ac-NN(6,6)-(lr=1.0e-5)-(86-params)",classic_NN_6-6,40
38.0,38,170348,CartPole-v1,"CP-ppo-ac-NN(6,6)-(lr=1.0e-5)-(86-params)",classic_NN_6-6,40
87.0,87,170352,CartPole-v1,"CP-ppo-ac-NN(6,6)-(lr=1.0e-5)-(86-params)",classic_NN_6-6,40
19.0,19,170364,CartPole-v1,"CP-ppo-ac-NN(6,6)-(lr=1.0e-5)-(86-params)",classic_NN_6-6,40
17.0,17,170416,CartPole-v1,"CP-ppo-ac-NN(6,6)-(lr=1.0e-5)-(86-params)",classic_NN_6-6,40
16.0,16,170416,CartPole-v1,"CP-ppo-ac-NN(6,6)-(lr=1.0e-5)-(86-params)",classic_NN_6-6,40
14.0,14,170420,CartPole-v1,"CP-ppo-ac-NN(6,6)-(lr=1.0e-5)-(86-params)",classic_NN_6-6,40
37.0,37,170472,CartPole-v1,"CP-ppo-ac-NN(6,6)-(lr=1.0e-5)-(86-params)",classic_NN_6-6,40
15.0,15,170476,CartPole-v1,"CP-ppo-ac-NN(6,6)-(lr=1.0e-5)-(86-params)",classic_NN_6-6,40
19.0,19,170492,CartPole-v1,"CP-ppo-ac-NN(6,6)-(lr=1.0e-5)-(86-params)",classic_NN_6-6,40
18.0,18,170548,CartPole-v1,"CP-ppo-ac-NN(6,6)-(lr=1.0e-5)-(86-params)",classic_NN_6-6,40
24.0,24,170568,CartPole-v1,"CP-ppo-ac-NN(6,6)-(lr=1.0e-5)-(86-params)",classic_NN_6-6,40
39.0,39,170576,CartPole-v1,"CP-ppo-ac-NN(6,6)-(lr=1.0e-5)-(86-params)",classic_NN_6-6,40
25.0,25,170592,CartPole-v1,"CP-ppo-ac-NN(6,6)-(lr=1.0e-5)-(86-params)",classic_NN_6-6,40
14.0,14,170632,CartPole-v1,"CP-ppo-ac-NN(6,6)-(lr=1.0e-5)-(86-params)",classic_NN_6-6,40
26.0,26,170652,CartPole-v1,"CP-ppo-ac-NN(6,6)-(lr=1.0e-5)-(86-params)",classic_NN_6-6,40
16.0,16,170656,CartPole-v1,"CP-ppo-ac-NN(6,6)-(lr=1.0e-5)-(86-params)",classic_NN_6-6,40
35.0,35,170708,CartPole-v1,"CP-ppo-ac-NN(6,6)-(lr=1.0e-5)-(86-params)",classic_NN_6-6,40
19.0,19,170728,CartPole-v1,"CP-ppo-ac-NN(6,6)-(lr=1.0e-5)-(86-params)",classic_NN_6-6,40
18.0,18,170728,CartPole-v1,"CP-ppo-ac-NN(6,6)-(lr=1.0e-5)-(86-params)",classic_NN_6-6,40
18.0,18,170780,CartPole-v1,"CP-ppo-ac-NN(6,6)-(lr=1.0e-5)-(86-params)",classic_NN_6-6,40
42.0,42,170800,CartPole-v1,"CP-ppo-ac-NN(6,6)-(lr=1.0e-5)-(86-params)",classic_NN_6-6,40
20.0,20,170808,CartPole-v1,"CP-ppo-ac-NN(6,6)-(lr=1.0e-5)-(86-params)",classic_NN_6-6,40
23.0,23,170820,CartPole-v1,"CP-ppo-ac-NN(6,6)-(lr=1.0e-5)-(86-params)",classic_NN_6-6,40
23.0,23,170872,CartPole-v1,"CP-ppo-ac-NN(6,6)-(lr=1.0e-5)-(86-params)",classic_NN_6-6,40
19.0,19,170876,CartPole-v1,"CP-ppo-ac-NN(6,6)-(lr=1.0e-5)-(86-params)",classic_NN_6-6,40
17.0,17,170876,CartPole-v1,"CP-ppo-ac-NN(6,6)-(lr=1.0e-5)-(86-params)",classic_NN_6-6,40
16.0,16,170884,CartPole-v1,"CP-ppo-ac-NN(6,6)-(lr=1.0e-5)-(86-params)",classic_NN_6-6,40
12.0,12,170924,CartPole-v1,"CP-ppo-ac-NN(6,6)-(lr=1.0e-5)-(86-params)",classic_NN_6-6,40
16.0,16,170940,CartPole-v1,"CP-ppo-ac-NN(6,6)-(lr=1.0e-5)-(86-params)",classic_NN_6-6,40
17.0,17,170952,CartPole-v1,"CP-ppo-ac-NN(6,6)-(lr=1.0e-5)-(86-params)",classic_NN_6-6,40
20.0,20,170952,CartPole-v1,"CP-ppo-ac-NN(6,6)-(lr=1.0e-5)-(86-params)",classic_NN_6-6,40
12.0,12,170972,CartPole-v1,"CP-ppo-ac-NN(6,6)-(lr=1.0e-5)-(86-params)",classic_NN_6-6,40
16.0,16,171016,CartPole-v1,"CP-ppo-ac-NN(6,6)-(lr=1.0e-5)-(86-params)",classic_NN_6-6,40
26.0,26,171044,CartPole-v1,"CP-ppo-ac-NN(6,6)-(lr=1.0e-5)-(86-params)",classic_NN_6-6,40
30.0,30,171092,CartPole-v1,"CP-ppo-ac-NN(6,6)-(lr=1.0e-5)-(86-params)",classic_NN_6-6,40
35.0,35,171156,CartPole-v1,"CP-ppo-ac-NN(6,6)-(lr=1.0e-5)-(86-params)",classic_NN_6-6,40
29.0,29,171160,CartPole-v1,"CP-ppo-ac-NN(6,6)-(lr=1.0e-5)-(86-params)",classic_NN_6-6,40
20.0,20,171172,CartPole-v1,"CP-ppo-ac-NN(6,6)-(lr=1.0e-5)-(86-params)",classic_NN_6-6,40
18.0,18,171228,CartPole-v1,"CP-ppo-ac-NN(6,6)-(lr=1.0e-5)-(86-params)",classic_NN_6-6,40
71.0,71,171236,CartPole-v1,"CP-ppo-ac-NN(6,6)-(lr=1.0e-5)-(86-params)",classic_NN_6-6,40
24.0,24,171256,CartPole-v1,"CP-ppo-ac-NN(6,6)-(lr=1.0e-5)-(86-params)",classic_NN_6-6,40
21.0,21,171256,CartPole-v1,"CP-ppo-ac-NN(6,6)-(lr=1.0e-5)-(86-params)",classic_NN_6-6,40
10.0,10,171268,CartPole-v1,"CP-ppo-ac-NN(6,6)-(lr=1.0e-5)-(86-params)",classic_NN_6-6,40
20.0,20,171336,CartPole-v1,"CP-ppo-ac-NN(6,6)-(lr=1.0e-5)-(86-params)",classic_NN_6-6,40
26.0,26,171340,CartPole-v1,"CP-ppo-ac-NN(6,6)-(lr=1.0e-5)-(86-params)",classic_NN_6-6,40
36.0,36,171400,CartPole-v1,"CP-ppo-ac-NN(6,6)-(lr=1.0e-5)-(86-params)",classic_NN_6-6,40
16.0,16,171404,CartPole-v1,"CP-ppo-ac-NN(6,6)-(lr=1.0e-5)-(86-params)",classic_NN_6-6,40
18.0,18,171408,CartPole-v1,"CP-ppo-ac-NN(6,6)-(lr=1.0e-5)-(86-params)",classic_NN_6-6,40
49.0,49,171464,CartPole-v1,"CP-ppo-ac-NN(6,6)-(lr=1.0e-5)-(86-params)",classic_NN_6-6,40
24.0,24,171500,CartPole-v1,"CP-ppo-ac-NN(6,6)-(lr=1.0e-5)-(86-params)",classic_NN_6-6,40
24.0,24,171504,CartPole-v1,"CP-ppo-ac-NN(6,6)-(lr=1.0e-5)-(86-params)",classic_NN_6-6,40
34.0,34,171536,CartPole-v1,"CP-ppo-ac-NN(6,6)-(lr=1.0e-5)-(86-params)",classic_NN_6-6,40
21.0,21,171588,CartPole-v1,"CP-ppo-ac-NN(6,6)-(lr=1.0e-5)-(86-params)",classic_NN_6-6,40
28.0,28,171612,CartPole-v1,"CP-ppo-ac-NN(6,6)-(lr=1.0e-5)-(86-params)",classic_NN_6-6,40
41.0,41,171628,CartPole-v1,"CP-ppo-ac-NN(6,6)-(lr=1.0e-5)-(86-params)",classic_NN_6-6,40
19.0,19,171664,CartPole-v1,"CP-ppo-ac-NN(6,6)-(lr=1.0e-5)-(86-params)",classic_NN_6-6,40
20.0,20,171692,CartPole-v1,"CP-ppo-ac-NN(6,6)-(lr=1.0e-5)-(86-params)",classic_NN_6-6,40
22.0,22,171716,CartPole-v1,"CP-ppo-ac-NN(6,6)-(lr=1.0e-5)-(86-params)",classic_NN_6-6,40
48.0,48,171728,CartPole-v1,"CP-ppo-ac-NN(6,6)-(lr=1.0e-5)-(86-params)",classic_NN_6-6,40
17.0,17,171784,CartPole-v1,"CP-ppo-ac-NN(6,6)-(lr=1.0e-5)-(86-params)",classic_NN_6-6,40
39.0,39,171820,CartPole-v1,"CP-ppo-ac-NN(6,6)-(lr=1.0e-5)-(86-params)",classic_NN_6-6,40
12.0,12,171868,CartPole-v1,"CP-ppo-ac-NN(6,6)-(lr=1.0e-5)-(86-params)",classic_NN_6-6,40
23.0,23,171876,CartPole-v1,"CP-ppo-ac-NN(6,6)-(lr=1.0e-5)-(86-params)",classic_NN_6-6,40
56.0,56,171916,CartPole-v1,"CP-ppo-ac-NN(6,6)-(lr=1.0e-5)-(86-params)",classic_NN_6-6,40
52.0,52,171936,CartPole-v1,"CP-ppo-ac-NN(6,6)-(lr=1.0e-5)-(86-params)",classic_NN_6-6,40
25.0,25,171968,CartPole-v1,"CP-ppo-ac-NN(6,6)-(lr=1.0e-5)-(86-params)",classic_NN_6-6,40
29.0,29,171992,CartPole-v1,"CP-ppo-ac-NN(6,6)-(lr=1.0e-5)-(86-params)",classic_NN_6-6,40
22.0,22,172004,CartPole-v1,"CP-ppo-ac-NN(6,6)-(lr=1.0e-5)-(86-params)",classic_NN_6-6,40
18.0,18,172040,CartPole-v1,"CP-ppo-ac-NN(6,6)-(lr=1.0e-5)-(86-params)",classic_NN_6-6,40
27.0,27,172044,CartPole-v1,"CP-ppo-ac-NN(6,6)-(lr=1.0e-5)-(86-params)",classic_NN_6-6,40
22.0,22,172092,CartPole-v1,"CP-ppo-ac-NN(6,6)-(lr=1.0e-5)-(86-params)",classic_NN_6-6,40
27.0,27,172100,CartPole-v1,"CP-ppo-ac-NN(6,6)-(lr=1.0e-5)-(86-params)",classic_NN_6-6,40
15.0,15,172104,CartPole-v1,"CP-ppo-ac-NN(6,6)-(lr=1.0e-5)-(86-params)",classic_NN_6-6,40
27.0,27,172200,CartPole-v1,"CP-ppo-ac-NN(6,6)-(lr=1.0e-5)-(86-params)",classic_NN_6-6,40
26.0,26,172204,CartPole-v1,"CP-ppo-ac-NN(6,6)-(lr=1.0e-5)-(86-params)",classic_NN_6-6,40
44.0,44,172216,CartPole-v1,"CP-ppo-ac-NN(6,6)-(lr=1.0e-5)-(86-params)",classic_NN_6-6,40
11.0,11,172260,CartPole-v1,"CP-ppo-ac-NN(6,6)-(lr=1.0e-5)-(86-params)",classic_NN_6-6,40
22.0,22,172288,CartPole-v1,"CP-ppo-ac-NN(6,6)-(lr=1.0e-5)-(86-params)",classic_NN_6-6,40
47.0,47,172292,CartPole-v1,"CP-ppo-ac-NN(6,6)-(lr=1.0e-5)-(86-params)",classic_NN_6-6,40
31.0,31,172328,CartPole-v1,"CP-ppo-ac-NN(6,6)-(lr=1.0e-5)-(86-params)",classic_NN_6-6,40
18.0,18,172332,CartPole-v1,"CP-ppo-ac-NN(6,6)-(lr=1.0e-5)-(86-params)",classic_NN_6-6,40
15.0,15,172352,CartPole-v1,"CP-ppo-ac-NN(6,6)-(lr=1.0e-5)-(86-params)",classic_NN_6-6,40
28.0,28,172400,CartPole-v1,"CP-ppo-ac-NN(6,6)-(lr=1.0e-5)-(86-params)",classic_NN_6-6,40
19.0,19,172428,CartPole-v1,"CP-ppo-ac-NN(6,6)-(lr=1.0e-5)-(86-params)",classic_NN_6-6,40
13.0,13,172452,CartPole-v1,"CP-ppo-ac-NN(6,6)-(lr=1.0e-5)-(86-params)",classic_NN_6-6,40
33.0,33,172460,CartPole-v1,"CP-ppo-ac-NN(6,6)-(lr=1.0e-5)-(86-params)",classic_NN_6-6,40
53.0,53,172544,CartPole-v1,"CP-ppo-ac-NN(6,6)-(lr=1.0e-5)-(86-params)",classic_NN_6-6,40
21.0,21,172544,CartPole-v1,"CP-ppo-ac-NN(6,6)-(lr=1.0e-5)-(86-params)",classic_NN_6-6,40
24.0,24,172548,CartPole-v1,"CP-ppo-ac-NN(6,6)-(lr=1.0e-5)-(86-params)",classic_NN_6-6,40
13.0,13,172596,CartPole-v1,"CP-ppo-ac-NN(6,6)-(lr=1.0e-5)-(86-params)",classic_NN_6-6,40
43.0,43,172600,CartPole-v1,"CP-ppo-ac-NN(6,6)-(lr=1.0e-5)-(86-params)",classic_NN_6-6,40
21.0,21,172632,CartPole-v1,"CP-ppo-ac-NN(6,6)-(lr=1.0e-5)-(86-params)",classic_NN_6-6,40
11.0,11,172644,CartPole-v1,"CP-ppo-ac-NN(6,6)-(lr=1.0e-5)-(86-params)",classic_NN_6-6,40
27.0,27,172652,CartPole-v1,"CP-ppo-ac-NN(6,6)-(lr=1.0e-5)-(86-params)",classic_NN_6-6,40
20.0,20,172676,CartPole-v1,"CP-ppo-ac-NN(6,6)-(lr=1.0e-5)-(86-params)",classic_NN_6-6,40
15.0,15,172712,CartPole-v1,"CP-ppo-ac-NN(6,6)-(lr=1.0e-5)-(86-params)",classic_NN_6-6,40
36.0,36,172788,CartPole-v1,"CP-ppo-ac-NN(6,6)-(lr=1.0e-5)-(86-params)",classic_NN_6-6,40
43.0,43,172804,CartPole-v1,"CP-ppo-ac-NN(6,6)-(lr=1.0e-5)-(86-params)",classic_NN_6-6,40
33.0,33,172808,CartPole-v1,"CP-ppo-ac-NN(6,6)-(lr=1.0e-5)-(86-params)",classic_NN_6-6,40
28.0,28,172824,CartPole-v1,"CP-ppo-ac-NN(6,6)-(lr=1.0e-5)-(86-params)",classic_NN_6-6,40
12.0,12,172852,CartPole-v1,"CP-ppo-ac-NN(6,6)-(lr=1.0e-5)-(86-params)",classic_NN_6-6,40
17.0,17,172856,CartPole-v1,"CP-ppo-ac-NN(6,6)-(lr=1.0e-5)-(86-params)",classic_NN_6-6,40
13.0,13,172904,CartPole-v1,"CP-ppo-ac-NN(6,6)-(lr=1.0e-5)-(86-params)",classic_NN_6-6,40
23.0,23,172916,CartPole-v1,"CP-ppo-ac-NN(6,6)-(lr=1.0e-5)-(86-params)",classic_NN_6-6,40
44.0,44,172984,CartPole-v1,"CP-ppo-ac-NN(6,6)-(lr=1.0e-5)-(86-params)",classic_NN_6-6,40
29.0,29,173020,CartPole-v1,"CP-ppo-ac-NN(6,6)-(lr=1.0e-5)-(86-params)",classic_NN_6-6,40
41.0,41,173020,CartPole-v1,"CP-ppo-ac-NN(6,6)-(lr=1.0e-5)-(86-params)",classic_NN_6-6,40
35.0,35,173056,CartPole-v1,"CP-ppo-ac-NN(6,6)-(lr=1.0e-5)-(86-params)",classic_NN_6-6,40
26.0,26,173088,CartPole-v1,"CP-ppo-ac-NN(6,6)-(lr=1.0e-5)-(86-params)",classic_NN_6-6,40
19.0,19,173096,CartPole-v1,"CP-ppo-ac-NN(6,6)-(lr=1.0e-5)-(86-params)",classic_NN_6-6,40
11.0,11,173100,CartPole-v1,"CP-ppo-ac-NN(6,6)-(lr=1.0e-5)-(86-params)",classic_NN_6-6,40
14.0,14,173144,CartPole-v1,"CP-ppo-ac-NN(6,6)-(lr=1.0e-5)-(86-params)",classic_NN_6-6,40
26.0,26,173204,CartPole-v1,"CP-ppo-ac-NN(6,6)-(lr=1.0e-5)-(86-params)",classic_NN_6-6,40
17.0,17,173212,CartPole-v1,"CP-ppo-ac-NN(6,6)-(lr=1.0e-5)-(86-params)",classic_NN_6-6,40
51.0,51,173224,CartPole-v1,"CP-ppo-ac-NN(6,6)-(lr=1.0e-5)-(86-params)",classic_NN_6-6,40
13.0,13,173256,CartPole-v1,"CP-ppo-ac-NN(6,6)-(lr=1.0e-5)-(86-params)",classic_NN_6-6,40
46.0,46,173280,CartPole-v1,"CP-ppo-ac-NN(6,6)-(lr=1.0e-5)-(86-params)",classic_NN_6-6,40
14.0,14,173280,CartPole-v1,"CP-ppo-ac-NN(6,6)-(lr=1.0e-5)-(86-params)",classic_NN_6-6,40
22.0,22,173368,CartPole-v1,"CP-ppo-ac-NN(6,6)-(lr=1.0e-5)-(86-params)",classic_NN_6-6,40
22.0,22,173368,CartPole-v1,"CP-ppo-ac-NN(6,6)-(lr=1.0e-5)-(86-params)",classic_NN_6-6,40
39.0,39,173412,CartPole-v1,"CP-ppo-ac-NN(6,6)-(lr=1.0e-5)-(86-params)",classic_NN_6-6,40
20.0,20,173492,CartPole-v1,"CP-ppo-ac-NN(6,6)-(lr=1.0e-5)-(86-params)",classic_NN_6-6,40
33.0,33,173500,CartPole-v1,"CP-ppo-ac-NN(6,6)-(lr=1.0e-5)-(86-params)",classic_NN_6-6,40
33.0,33,173500,CartPole-v1,"CP-ppo-ac-NN(6,6)-(lr=1.0e-5)-(86-params)",classic_NN_6-6,40
76.0,76,173516,CartPole-v1,"CP-ppo-ac-NN(6,6)-(lr=1.0e-5)-(86-params)",classic_NN_6-6,40
11.0,11,173536,CartPole-v1,"CP-ppo-ac-NN(6,6)-(lr=1.0e-5)-(86-params)",classic_NN_6-6,40
12.0,12,173548,CartPole-v1,"CP-ppo-ac-NN(6,6)-(lr=1.0e-5)-(86-params)",classic_NN_6-6,40
19.0,19,173612,CartPole-v1,"CP-ppo-ac-NN(6,6)-(lr=1.0e-5)-(86-params)",classic_NN_6-6,40
29.0,29,173616,CartPole-v1,"CP-ppo-ac-NN(6,6)-(lr=1.0e-5)-(86-params)",classic_NN_6-6,40
19.0,19,173624,CartPole-v1,"CP-ppo-ac-NN(6,6)-(lr=1.0e-5)-(86-params)",classic_NN_6-6,40
38.0,38,173668,CartPole-v1,"CP-ppo-ac-NN(6,6)-(lr=1.0e-5)-(86-params)",classic_NN_6-6,40
16.0,16,173688,CartPole-v1,"CP-ppo-ac-NN(6,6)-(lr=1.0e-5)-(86-params)",classic_NN_6-6,40
13.0,13,173720,CartPole-v1,"CP-ppo-ac-NN(6,6)-(lr=1.0e-5)-(86-params)",classic_NN_6-6,40
27.0,27,173724,CartPole-v1,"CP-ppo-ac-NN(6,6)-(lr=1.0e-5)-(86-params)",classic_NN_6-6,40
12.0,12,173736,CartPole-v1,"CP-ppo-ac-NN(6,6)-(lr=1.0e-5)-(86-params)",classic_NN_6-6,40
41.0,41,173776,CartPole-v1,"CP-ppo-ac-NN(6,6)-(lr=1.0e-5)-(86-params)",classic_NN_6-6,40
22.0,22,173808,CartPole-v1,"CP-ppo-ac-NN(6,6)-(lr=1.0e-5)-(86-params)",classic_NN_6-6,40
15.0,15,173836,CartPole-v1,"CP-ppo-ac-NN(6,6)-(lr=1.0e-5)-(86-params)",classic_NN_6-6,40
12.0,12,173856,CartPole-v1,"CP-ppo-ac-NN(6,6)-(lr=1.0e-5)-(86-params)",classic_NN_6-6,40
38.0,38,173876,CartPole-v1,"CP-ppo-ac-NN(6,6)-(lr=1.0e-5)-(86-params)",classic_NN_6-6,40
21.0,21,173920,CartPole-v1,"CP-ppo-ac-NN(6,6)-(lr=1.0e-5)-(86-params)",classic_NN_6-6,40
21.0,21,173960,CartPole-v1,"CP-ppo-ac-NN(6,6)-(lr=1.0e-5)-(86-params)",classic_NN_6-6,40
63.0,63,173988,CartPole-v1,"CP-ppo-ac-NN(6,6)-(lr=1.0e-5)-(86-params)",classic_NN_6-6,40
14.0,14,174016,CartPole-v1,"CP-ppo-ac-NN(6,6)-(lr=1.0e-5)-(86-params)",classic_NN_6-6,40
29.0,29,174036,CartPole-v1,"CP-ppo-ac-NN(6,6)-(lr=1.0e-5)-(86-params)",classic_NN_6-6,40
24.0,24,174084,CartPole-v1,"CP-ppo-ac-NN(6,6)-(lr=1.0e-5)-(86-params)",classic_NN_6-6,40
65.0,65,174116,CartPole-v1,"CP-ppo-ac-NN(6,6)-(lr=1.0e-5)-(86-params)",classic_NN_6-6,40
20.0,20,174164,CartPole-v1,"CP-ppo-ac-NN(6,6)-(lr=1.0e-5)-(86-params)",classic_NN_6-6,40
19.0,19,174192,CartPole-v1,"CP-ppo-ac-NN(6,6)-(lr=1.0e-5)-(86-params)",classic_NN_6-6,40
25.0,25,174264,CartPole-v1,"CP-ppo-ac-NN(6,6)-(lr=1.0e-5)-(86-params)",classic_NN_6-6,40
60.0,60,174276,CartPole-v1,"CP-ppo-ac-NN(6,6)-(lr=1.0e-5)-(86-params)",classic_NN_6-6,40
66.0,66,174280,CartPole-v1,"CP-ppo-ac-NN(6,6)-(lr=1.0e-5)-(86-params)",classic_NN_6-6,40
23.0,23,174284,CartPole-v1,"CP-ppo-ac-NN(6,6)-(lr=1.0e-5)-(86-params)",classic_NN_6-6,40
28.0,28,174388,CartPole-v1,"CP-ppo-ac-NN(6,6)-(lr=1.0e-5)-(86-params)",classic_NN_6-6,40
35.0,35,174420,CartPole-v1,"CP-ppo-ac-NN(6,6)-(lr=1.0e-5)-(86-params)",classic_NN_6-6,40
40.0,40,174444,CartPole-v1,"CP-ppo-ac-NN(6,6)-(lr=1.0e-5)-(86-params)",classic_NN_6-6,40
49.0,49,174460,CartPole-v1,"CP-ppo-ac-NN(6,6)-(lr=1.0e-5)-(86-params)",classic_NN_6-6,40
15.0,15,174480,CartPole-v1,"CP-ppo-ac-NN(6,6)-(lr=1.0e-5)-(86-params)",classic_NN_6-6,40
29.0,29,174504,CartPole-v1,"CP-ppo-ac-NN(6,6)-(lr=1.0e-5)-(86-params)",classic_NN_6-6,40
20.0,20,174540,CartPole-v1,"CP-ppo-ac-NN(6,6)-(lr=1.0e-5)-(86-params)",classic_NN_6-6,40
10.0,10,174544,CartPole-v1,"CP-ppo-ac-NN(6,6)-(lr=1.0e-5)-(86-params)",classic_NN_6-6,40
19.0,19,174556,CartPole-v1,"CP-ppo-ac-NN(6,6)-(lr=1.0e-5)-(86-params)",classic_NN_6-6,40
34.0,34,174580,CartPole-v1,"CP-ppo-ac-NN(6,6)-(lr=1.0e-5)-(86-params)",classic_NN_6-6,40
17.0,17,174648,CartPole-v1,"CP-ppo-ac-NN(6,6)-(lr=1.0e-5)-(86-params)",classic_NN_6-6,40
42.0,42,174708,CartPole-v1,"CP-ppo-ac-NN(6,6)-(lr=1.0e-5)-(86-params)",classic_NN_6-6,40
16.0,16,174712,CartPole-v1,"CP-ppo-ac-NN(6,6)-(lr=1.0e-5)-(86-params)",classic_NN_6-6,40
44.0,44,174720,CartPole-v1,"CP-ppo-ac-NN(6,6)-(lr=1.0e-5)-(86-params)",classic_NN_6-6,40
49.0,49,174752,CartPole-v1,"CP-ppo-ac-NN(6,6)-(lr=1.0e-5)-(86-params)",classic_NN_6-6,40
19.0,19,174796,CartPole-v1,"CP-ppo-ac-NN(6,6)-(lr=1.0e-5)-(86-params)",classic_NN_6-6,40
29.0,29,174868,CartPole-v1,"CP-ppo-ac-NN(6,6)-(lr=1.0e-5)-(86-params)",classic_NN_6-6,40
41.0,41,174872,CartPole-v1,"CP-ppo-ac-NN(6,6)-(lr=1.0e-5)-(86-params)",classic_NN_6-6,40
21.0,21,174956,CartPole-v1,"CP-ppo-ac-NN(6,6)-(lr=1.0e-5)-(86-params)",classic_NN_6-6,40
27.0,27,174976,CartPole-v1,"CP-ppo-ac-NN(6,6)-(lr=1.0e-5)-(86-params)",classic_NN_6-6,40
50.0,50,174996,CartPole-v1,"CP-ppo-ac-NN(6,6)-(lr=1.0e-5)-(86-params)",classic_NN_6-6,40
20.0,20,175076,CartPole-v1,"CP-ppo-ac-NN(6,6)-(lr=1.0e-5)-(86-params)",classic_NN_6-6,40
97.0,97,175100,CartPole-v1,"CP-ppo-ac-NN(6,6)-(lr=1.0e-5)-(86-params)",classic_NN_6-6,40
32.0,32,175104,CartPole-v1,"CP-ppo-ac-NN(6,6)-(lr=1.0e-5)-(86-params)",classic_NN_6-6,40
10.0,10,175116,CartPole-v1,"CP-ppo-ac-NN(6,6)-(lr=1.0e-5)-(86-params)",classic_NN_6-6,40
45.0,45,175136,CartPole-v1,"CP-ppo-ac-NN(6,6)-(lr=1.0e-5)-(86-params)",classic_NN_6-6,40
11.0,11,175148,CartPole-v1,"CP-ppo-ac-NN(6,6)-(lr=1.0e-5)-(86-params)",classic_NN_6-6,40
12.0,12,175196,CartPole-v1,"CP-ppo-ac-NN(6,6)-(lr=1.0e-5)-(86-params)",classic_NN_6-6,40
35.0,35,175240,CartPole-v1,"CP-ppo-ac-NN(6,6)-(lr=1.0e-5)-(86-params)",classic_NN_6-6,40
33.0,33,175268,CartPole-v1,"CP-ppo-ac-NN(6,6)-(lr=1.0e-5)-(86-params)",classic_NN_6-6,40
41.0,41,175280,CartPole-v1,"CP-ppo-ac-NN(6,6)-(lr=1.0e-5)-(86-params)",classic_NN_6-6,40
10.0,10,175280,CartPole-v1,"CP-ppo-ac-NN(6,6)-(lr=1.0e-5)-(86-params)",classic_NN_6-6,40
29.0,29,175312,CartPole-v1,"CP-ppo-ac-NN(6,6)-(lr=1.0e-5)-(86-params)",classic_NN_6-6,40
14.0,14,175336,CartPole-v1,"CP-ppo-ac-NN(6,6)-(lr=1.0e-5)-(86-params)",classic_NN_6-6,40
17.0,17,175336,CartPole-v1,"CP-ppo-ac-NN(6,6)-(lr=1.0e-5)-(86-params)",classic_NN_6-6,40
11.0,11,175356,CartPole-v1,"CP-ppo-ac-NN(6,6)-(lr=1.0e-5)-(86-params)",classic_NN_6-6,40
13.0,13,175388,CartPole-v1,"CP-ppo-ac-NN(6,6)-(lr=1.0e-5)-(86-params)",classic_NN_6-6,40
15.0,15,175396,CartPole-v1,"CP-ppo-ac-NN(6,6)-(lr=1.0e-5)-(86-params)",classic_NN_6-6,40
15.0,15,175448,CartPole-v1,"CP-ppo-ac-NN(6,6)-(lr=1.0e-5)-(86-params)",classic_NN_6-6,40
45.0,45,175460,CartPole-v1,"CP-ppo-ac-NN(6,6)-(lr=1.0e-5)-(86-params)",classic_NN_6-6,40
11.0,11,175492,CartPole-v1,"CP-ppo-ac-NN(6,6)-(lr=1.0e-5)-(86-params)",classic_NN_6-6,40
27.0,27,175504,CartPole-v1,"CP-ppo-ac-NN(6,6)-(lr=1.0e-5)-(86-params)",classic_NN_6-6,40
47.0,47,175544,CartPole-v1,"CP-ppo-ac-NN(6,6)-(lr=1.0e-5)-(86-params)",classic_NN_6-6,40
22.0,22,175548,CartPole-v1,"CP-ppo-ac-NN(6,6)-(lr=1.0e-5)-(86-params)",classic_NN_6-6,40
30.0,30,175624,CartPole-v1,"CP-ppo-ac-NN(6,6)-(lr=1.0e-5)-(86-params)",classic_NN_6-6,40
20.0,20,175624,CartPole-v1,"CP-ppo-ac-NN(6,6)-(lr=1.0e-5)-(86-params)",classic_NN_6-6,40
22.0,22,175636,CartPole-v1,"CP-ppo-ac-NN(6,6)-(lr=1.0e-5)-(86-params)",classic_NN_6-6,40
39.0,39,175648,CartPole-v1,"CP-ppo-ac-NN(6,6)-(lr=1.0e-5)-(86-params)",classic_NN_6-6,40
16.0,16,175700,CartPole-v1,"CP-ppo-ac-NN(6,6)-(lr=1.0e-5)-(86-params)",classic_NN_6-6,40
15.0,15,175708,CartPole-v1,"CP-ppo-ac-NN(6,6)-(lr=1.0e-5)-(86-params)",classic_NN_6-6,40
39.0,39,175780,CartPole-v1,"CP-ppo-ac-NN(6,6)-(lr=1.0e-5)-(86-params)",classic_NN_6-6,40
19.0,19,175784,CartPole-v1,"CP-ppo-ac-NN(6,6)-(lr=1.0e-5)-(86-params)",classic_NN_6-6,40
26.0,26,175804,CartPole-v1,"CP-ppo-ac-NN(6,6)-(lr=1.0e-5)-(86-params)",classic_NN_6-6,40
47.0,47,175812,CartPole-v1,"CP-ppo-ac-NN(6,6)-(lr=1.0e-5)-(86-params)",classic_NN_6-6,40
19.0,19,175856,CartPole-v1,"CP-ppo-ac-NN(6,6)-(lr=1.0e-5)-(86-params)",classic_NN_6-6,40
21.0,21,175868,CartPole-v1,"CP-ppo-ac-NN(6,6)-(lr=1.0e-5)-(86-params)",classic_NN_6-6,40
20.0,20,175884,CartPole-v1,"CP-ppo-ac-NN(6,6)-(lr=1.0e-5)-(86-params)",classic_NN_6-6,40
25.0,25,175912,CartPole-v1,"CP-ppo-ac-NN(6,6)-(lr=1.0e-5)-(86-params)",classic_NN_6-6,40
15.0,15,175916,CartPole-v1,"CP-ppo-ac-NN(6,6)-(lr=1.0e-5)-(86-params)",classic_NN_6-6,40
22.0,22,176000,CartPole-v1,"CP-ppo-ac-NN(6,6)-(lr=1.0e-5)-(86-params)",classic_NN_6-6,40
28.0,28,176028,CartPole-v1,"CP-ppo-ac-NN(6,6)-(lr=1.0e-5)-(86-params)",classic_NN_6-6,40
22.0,22,176088,CartPole-v1,"CP-ppo-ac-NN(6,6)-(lr=1.0e-5)-(86-params)",classic_NN_6-6,40
18.0,18,176100,CartPole-v1,"CP-ppo-ac-NN(6,6)-(lr=1.0e-5)-(86-params)",classic_NN_6-6,40
61.0,61,176112,CartPole-v1,"CP-ppo-ac-NN(6,6)-(lr=1.0e-5)-(86-params)",classic_NN_6-6,40
12.0,12,176148,CartPole-v1,"CP-ppo-ac-NN(6,6)-(lr=1.0e-5)-(86-params)",classic_NN_6-6,40
38.0,38,176240,CartPole-v1,"CP-ppo-ac-NN(6,6)-(lr=1.0e-5)-(86-params)",classic_NN_6-6,40
13.0,13,176292,CartPole-v1,"CP-ppo-ac-NN(6,6)-(lr=1.0e-5)-(86-params)",classic_NN_6-6,40
40.0,40,176308,CartPole-v1,"CP-ppo-ac-NN(6,6)-(lr=1.0e-5)-(86-params)",classic_NN_6-6,40
106.0,106,176308,CartPole-v1,"CP-ppo-ac-NN(6,6)-(lr=1.0e-5)-(86-params)",classic_NN_6-6,40
55.0,55,176332,CartPole-v1,"CP-ppo-ac-NN(6,6)-(lr=1.0e-5)-(86-params)",classic_NN_6-6,40
20.0,20,176372,CartPole-v1,"CP-ppo-ac-NN(6,6)-(lr=1.0e-5)-(86-params)",classic_NN_6-6,40
26.0,26,176412,CartPole-v1,"CP-ppo-ac-NN(6,6)-(lr=1.0e-5)-(86-params)",classic_NN_6-6,40
31.0,31,176432,CartPole-v1,"CP-ppo-ac-NN(6,6)-(lr=1.0e-5)-(86-params)",classic_NN_6-6,40
21.0,21,176456,CartPole-v1,"CP-ppo-ac-NN(6,6)-(lr=1.0e-5)-(86-params)",classic_NN_6-6,40
13.0,13,176464,CartPole-v1,"CP-ppo-ac-NN(6,6)-(lr=1.0e-5)-(86-params)",classic_NN_6-6,40
34.0,34,176468,CartPole-v1,"CP-ppo-ac-NN(6,6)-(lr=1.0e-5)-(86-params)",classic_NN_6-6,40
12.0,12,176480,CartPole-v1,"CP-ppo-ac-NN(6,6)-(lr=1.0e-5)-(86-params)",classic_NN_6-6,40
13.0,13,176508,CartPole-v1,"CP-ppo-ac-NN(6,6)-(lr=1.0e-5)-(86-params)",classic_NN_6-6,40
14.0,14,176536,CartPole-v1,"CP-ppo-ac-NN(6,6)-(lr=1.0e-5)-(86-params)",classic_NN_6-6,40
20.0,20,176548,CartPole-v1,"CP-ppo-ac-NN(6,6)-(lr=1.0e-5)-(86-params)",classic_NN_6-6,40
16.0,16,176572,CartPole-v1,"CP-ppo-ac-NN(6,6)-(lr=1.0e-5)-(86-params)",classic_NN_6-6,40
24.0,24,176644,CartPole-v1,"CP-ppo-ac-NN(6,6)-(lr=1.0e-5)-(86-params)",classic_NN_6-6,40
32.0,32,176664,CartPole-v1,"CP-ppo-ac-NN(6,6)-(lr=1.0e-5)-(86-params)",classic_NN_6-6,40
31.0,31,176696,CartPole-v1,"CP-ppo-ac-NN(6,6)-(lr=1.0e-5)-(86-params)",classic_NN_6-6,40
67.0,67,176732,CartPole-v1,"CP-ppo-ac-NN(6,6)-(lr=1.0e-5)-(86-params)",classic_NN_6-6,40
18.0,18,176736,CartPole-v1,"CP-ppo-ac-NN(6,6)-(lr=1.0e-5)-(86-params)",classic_NN_6-6,40
17.0,17,176764,CartPole-v1,"CP-ppo-ac-NN(6,6)-(lr=1.0e-5)-(86-params)",classic_NN_6-6,40
15.0,15,176792,CartPole-v1,"CP-ppo-ac-NN(6,6)-(lr=1.0e-5)-(86-params)",classic_NN_6-6,40
16.0,16,176800,CartPole-v1,"CP-ppo-ac-NN(6,6)-(lr=1.0e-5)-(86-params)",classic_NN_6-6,40
16.0,16,176828,CartPole-v1,"CP-ppo-ac-NN(6,6)-(lr=1.0e-5)-(86-params)",classic_NN_6-6,40
9.0,9,176828,CartPole-v1,"CP-ppo-ac-NN(6,6)-(lr=1.0e-5)-(86-params)",classic_NN_6-6,40
18.0,18,176872,CartPole-v1,"CP-ppo-ac-NN(6,6)-(lr=1.0e-5)-(86-params)",classic_NN_6-6,40
21.0,21,176912,CartPole-v1,"CP-ppo-ac-NN(6,6)-(lr=1.0e-5)-(86-params)",classic_NN_6-6,40
16.0,16,176936,CartPole-v1,"CP-ppo-ac-NN(6,6)-(lr=1.0e-5)-(86-params)",classic_NN_6-6,40
79.0,79,176960,CartPole-v1,"CP-ppo-ac-NN(6,6)-(lr=1.0e-5)-(86-params)",classic_NN_6-6,40
49.0,49,177024,CartPole-v1,"CP-ppo-ac-NN(6,6)-(lr=1.0e-5)-(86-params)",classic_NN_6-6,40
28.0,28,177024,CartPole-v1,"CP-ppo-ac-NN(6,6)-(lr=1.0e-5)-(86-params)",classic_NN_6-6,40
17.0,17,177028,CartPole-v1,"CP-ppo-ac-NN(6,6)-(lr=1.0e-5)-(86-params)",classic_NN_6-6,40
25.0,25,177036,CartPole-v1,"CP-ppo-ac-NN(6,6)-(lr=1.0e-5)-(86-params)",classic_NN_6-6,40
15.0,15,177088,CartPole-v1,"CP-ppo-ac-NN(6,6)-(lr=1.0e-5)-(86-params)",classic_NN_6-6,40
20.0,20,177116,CartPole-v1,"CP-ppo-ac-NN(6,6)-(lr=1.0e-5)-(86-params)",classic_NN_6-6,40
29.0,29,177140,CartPole-v1,"CP-ppo-ac-NN(6,6)-(lr=1.0e-5)-(86-params)",classic_NN_6-6,40
14.0,14,177144,CartPole-v1,"CP-ppo-ac-NN(6,6)-(lr=1.0e-5)-(86-params)",classic_NN_6-6,40
33.0,33,177156,CartPole-v1,"CP-ppo-ac-NN(6,6)-(lr=1.0e-5)-(86-params)",classic_NN_6-6,40
14.0,14,177200,CartPole-v1,"CP-ppo-ac-NN(6,6)-(lr=1.0e-5)-(86-params)",classic_NN_6-6,40
17.0,17,177224,CartPole-v1,"CP-ppo-ac-NN(6,6)-(lr=1.0e-5)-(86-params)",classic_NN_6-6,40
22.0,22,177228,CartPole-v1,"CP-ppo-ac-NN(6,6)-(lr=1.0e-5)-(86-params)",classic_NN_6-6,40
28.0,28,177228,CartPole-v1,"CP-ppo-ac-NN(6,6)-(lr=1.0e-5)-(86-params)",classic_NN_6-6,40
13.0,13,177252,CartPole-v1,"CP-ppo-ac-NN(6,6)-(lr=1.0e-5)-(86-params)",classic_NN_6-6,40
17.0,17,177296,CartPole-v1,"CP-ppo-ac-NN(6,6)-(lr=1.0e-5)-(86-params)",classic_NN_6-6,40
26.0,26,177332,CartPole-v1,"CP-ppo-ac-NN(6,6)-(lr=1.0e-5)-(86-params)",classic_NN_6-6,40
25.0,25,177352,CartPole-v1,"CP-ppo-ac-NN(6,6)-(lr=1.0e-5)-(86-params)",classic_NN_6-6,40
15.0,15,177356,CartPole-v1,"CP-ppo-ac-NN(6,6)-(lr=1.0e-5)-(86-params)",classic_NN_6-6,40
34.0,34,177360,CartPole-v1,"CP-ppo-ac-NN(6,6)-(lr=1.0e-5)-(86-params)",classic_NN_6-6,40
18.0,18,177424,CartPole-v1,"CP-ppo-ac-NN(6,6)-(lr=1.0e-5)-(86-params)",classic_NN_6-6,40
20.0,20,177440,CartPole-v1,"CP-ppo-ac-NN(6,6)-(lr=1.0e-5)-(86-params)",classic_NN_6-6,40
30.0,30,177476,CartPole-v1,"CP-ppo-ac-NN(6,6)-(lr=1.0e-5)-(86-params)",classic_NN_6-6,40
13.0,13,177492,CartPole-v1,"CP-ppo-ac-NN(6,6)-(lr=1.0e-5)-(86-params)",classic_NN_6-6,40
18.0,18,177496,CartPole-v1,"CP-ppo-ac-NN(6,6)-(lr=1.0e-5)-(86-params)",classic_NN_6-6,40
13.0,13,177528,CartPole-v1,"CP-ppo-ac-NN(6,6)-(lr=1.0e-5)-(86-params)",classic_NN_6-6,40
28.0,28,177604,CartPole-v1,"CP-ppo-ac-NN(6,6)-(lr=1.0e-5)-(86-params)",classic_NN_6-6,40
21.0,21,177612,CartPole-v1,"CP-ppo-ac-NN(6,6)-(lr=1.0e-5)-(86-params)",classic_NN_6-6,40
40.0,40,177656,CartPole-v1,"CP-ppo-ac-NN(6,6)-(lr=1.0e-5)-(86-params)",classic_NN_6-6,40
17.0,17,177672,CartPole-v1,"CP-ppo-ac-NN(6,6)-(lr=1.0e-5)-(86-params)",classic_NN_6-6,40
22.0,22,177700,CartPole-v1,"CP-ppo-ac-NN(6,6)-(lr=1.0e-5)-(86-params)",classic_NN_6-6,40
93.0,93,177704,CartPole-v1,"CP-ppo-ac-NN(6,6)-(lr=1.0e-5)-(86-params)",classic_NN_6-6,40
17.0,17,177724,CartPole-v1,"CP-ppo-ac-NN(6,6)-(lr=1.0e-5)-(86-params)",classic_NN_6-6,40
16.0,16,177768,CartPole-v1,"CP-ppo-ac-NN(6,6)-(lr=1.0e-5)-(86-params)",classic_NN_6-6,40
17.0,17,177792,CartPole-v1,"CP-ppo-ac-NN(6,6)-(lr=1.0e-5)-(86-params)",classic_NN_6-6,40
33.0,33,177832,CartPole-v1,"CP-ppo-ac-NN(6,6)-(lr=1.0e-5)-(86-params)",classic_NN_6-6,40
17.0,17,177836,CartPole-v1,"CP-ppo-ac-NN(6,6)-(lr=1.0e-5)-(86-params)",classic_NN_6-6,40
16.0,16,177900,CartPole-v1,"CP-ppo-ac-NN(6,6)-(lr=1.0e-5)-(86-params)",classic_NN_6-6,40
59.0,59,177908,CartPole-v1,"CP-ppo-ac-NN(6,6)-(lr=1.0e-5)-(86-params)",classic_NN_6-6,40
31.0,31,177916,CartPole-v1,"CP-ppo-ac-NN(6,6)-(lr=1.0e-5)-(86-params)",classic_NN_6-6,40
30.0,30,177952,CartPole-v1,"CP-ppo-ac-NN(6,6)-(lr=1.0e-5)-(86-params)",classic_NN_6-6,40
14.0,14,177956,CartPole-v1,"CP-ppo-ac-NN(6,6)-(lr=1.0e-5)-(86-params)",classic_NN_6-6,40
24.0,24,178012,CartPole-v1,"CP-ppo-ac-NN(6,6)-(lr=1.0e-5)-(86-params)",classic_NN_6-6,40
25.0,25,178052,CartPole-v1,"CP-ppo-ac-NN(6,6)-(lr=1.0e-5)-(86-params)",classic_NN_6-6,40
19.0,19,178088,CartPole-v1,"CP-ppo-ac-NN(6,6)-(lr=1.0e-5)-(86-params)",classic_NN_6-6,40
16.0,16,178116,CartPole-v1,"CP-ppo-ac-NN(6,6)-(lr=1.0e-5)-(86-params)",classic_NN_6-6,40
43.0,43,178128,CartPole-v1,"CP-ppo-ac-NN(6,6)-(lr=1.0e-5)-(86-params)",classic_NN_6-6,40
13.0,13,178140,CartPole-v1,"CP-ppo-ac-NN(6,6)-(lr=1.0e-5)-(86-params)",classic_NN_6-6,40
75.0,75,178208,CartPole-v1,"CP-ppo-ac-NN(6,6)-(lr=1.0e-5)-(86-params)",classic_NN_6-6,40
28.0,28,178252,CartPole-v1,"CP-ppo-ac-NN(6,6)-(lr=1.0e-5)-(86-params)",classic_NN_6-6,40
34.0,34,178264,CartPole-v1,"CP-ppo-ac-NN(6,6)-(lr=1.0e-5)-(86-params)",classic_NN_6-6,40
26.0,26,178312,CartPole-v1,"CP-ppo-ac-NN(6,6)-(lr=1.0e-5)-(86-params)",classic_NN_6-6,40
50.0,50,178316,CartPole-v1,"CP-ppo-ac-NN(6,6)-(lr=1.0e-5)-(86-params)",classic_NN_6-6,40
16.0,16,178328,CartPole-v1,"CP-ppo-ac-NN(6,6)-(lr=1.0e-5)-(86-params)",classic_NN_6-6,40
14.0,14,178384,CartPole-v1,"CP-ppo-ac-NN(6,6)-(lr=1.0e-5)-(86-params)",classic_NN_6-6,40
25.0,25,178412,CartPole-v1,"CP-ppo-ac-NN(6,6)-(lr=1.0e-5)-(86-params)",classic_NN_6-6,40
27.0,27,178424,CartPole-v1,"CP-ppo-ac-NN(6,6)-(lr=1.0e-5)-(86-params)",classic_NN_6-6,40
23.0,23,178476,CartPole-v1,"CP-ppo-ac-NN(6,6)-(lr=1.0e-5)-(86-params)",classic_NN_6-6,40
62.0,62,178500,CartPole-v1,"CP-ppo-ac-NN(6,6)-(lr=1.0e-5)-(86-params)",classic_NN_6-6,40
10.0,10,178516,CartPole-v1,"CP-ppo-ac-NN(6,6)-(lr=1.0e-5)-(86-params)",classic_NN_6-6,40
22.0,22,178604,CartPole-v1,"CP-ppo-ac-NN(6,6)-(lr=1.0e-5)-(86-params)",classic_NN_6-6,40
35.0,35,178640,CartPole-v1,"CP-ppo-ac-NN(6,6)-(lr=1.0e-5)-(86-params)",classic_NN_6-6,40
17.0,17,178672,CartPole-v1,"CP-ppo-ac-NN(6,6)-(lr=1.0e-5)-(86-params)",classic_NN_6-6,40
68.0,68,178696,CartPole-v1,"CP-ppo-ac-NN(6,6)-(lr=1.0e-5)-(86-params)",classic_NN_6-6,40
74.0,74,178708,CartPole-v1,"CP-ppo-ac-NN(6,6)-(lr=1.0e-5)-(86-params)",classic_NN_6-6,40
14.0,14,178752,CartPole-v1,"CP-ppo-ac-NN(6,6)-(lr=1.0e-5)-(86-params)",classic_NN_6-6,40
12.0,12,178756,CartPole-v1,"CP-ppo-ac-NN(6,6)-(lr=1.0e-5)-(86-params)",classic_NN_6-6,40
22.0,22,178760,CartPole-v1,"CP-ppo-ac-NN(6,6)-(lr=1.0e-5)-(86-params)",classic_NN_6-6,40
30.0,30,178760,CartPole-v1,"CP-ppo-ac-NN(6,6)-(lr=1.0e-5)-(86-params)",classic_NN_6-6,40
12.0,12,178804,CartPole-v1,"CP-ppo-ac-NN(6,6)-(lr=1.0e-5)-(86-params)",classic_NN_6-6,40
16.0,16,178824,CartPole-v1,"CP-ppo-ac-NN(6,6)-(lr=1.0e-5)-(86-params)",classic_NN_6-6,40
20.0,20,178832,CartPole-v1,"CP-ppo-ac-NN(6,6)-(lr=1.0e-5)-(86-params)",classic_NN_6-6,40
20.0,20,178840,CartPole-v1,"CP-ppo-ac-NN(6,6)-(lr=1.0e-5)-(86-params)",classic_NN_6-6,40
20.0,20,178884,CartPole-v1,"CP-ppo-ac-NN(6,6)-(lr=1.0e-5)-(86-params)",classic_NN_6-6,40
13.0,13,178892,CartPole-v1,"CP-ppo-ac-NN(6,6)-(lr=1.0e-5)-(86-params)",classic_NN_6-6,40
22.0,22,178912,CartPole-v1,"CP-ppo-ac-NN(6,6)-(lr=1.0e-5)-(86-params)",classic_NN_6-6,40
20.0,20,178912,CartPole-v1,"CP-ppo-ac-NN(6,6)-(lr=1.0e-5)-(86-params)",classic_NN_6-6,40
16.0,16,178948,CartPole-v1,"CP-ppo-ac-NN(6,6)-(lr=1.0e-5)-(86-params)",classic_NN_6-6,40
15.0,15,178952,CartPole-v1,"CP-ppo-ac-NN(6,6)-(lr=1.0e-5)-(86-params)",classic_NN_6-6,40
14.0,14,178968,CartPole-v1,"CP-ppo-ac-NN(6,6)-(lr=1.0e-5)-(86-params)",classic_NN_6-6,40
17.0,17,178980,CartPole-v1,"CP-ppo-ac-NN(6,6)-(lr=1.0e-5)-(86-params)",classic_NN_6-6,40
16.0,16,179012,CartPole-v1,"CP-ppo-ac-NN(6,6)-(lr=1.0e-5)-(86-params)",classic_NN_6-6,40
17.0,17,179020,CartPole-v1,"CP-ppo-ac-NN(6,6)-(lr=1.0e-5)-(86-params)",classic_NN_6-6,40
22.0,22,179068,CartPole-v1,"CP-ppo-ac-NN(6,6)-(lr=1.0e-5)-(86-params)",classic_NN_6-6,40
23.0,23,179112,CartPole-v1,"CP-ppo-ac-NN(6,6)-(lr=1.0e-5)-(86-params)",classic_NN_6-6,40
27.0,27,179120,CartPole-v1,"CP-ppo-ac-NN(6,6)-(lr=1.0e-5)-(86-params)",classic_NN_6-6,40
13.0,13,179120,CartPole-v1,"CP-ppo-ac-NN(6,6)-(lr=1.0e-5)-(86-params)",classic_NN_6-6,40
41.0,41,179132,CartPole-v1,"CP-ppo-ac-NN(6,6)-(lr=1.0e-5)-(86-params)",classic_NN_6-6,40
13.0,13,179172,CartPole-v1,"CP-ppo-ac-NN(6,6)-(lr=1.0e-5)-(86-params)",classic_NN_6-6,40
17.0,17,179180,CartPole-v1,"CP-ppo-ac-NN(6,6)-(lr=1.0e-5)-(86-params)",classic_NN_6-6,40
15.0,15,179192,CartPole-v1,"CP-ppo-ac-NN(6,6)-(lr=1.0e-5)-(86-params)",classic_NN_6-6,40
18.0,18,179192,CartPole-v1,"CP-ppo-ac-NN(6,6)-(lr=1.0e-5)-(86-params)",classic_NN_6-6,40
13.0,13,179244,CartPole-v1,"CP-ppo-ac-NN(6,6)-(lr=1.0e-5)-(86-params)",classic_NN_6-6,40
18.0,18,179252,CartPole-v1,"CP-ppo-ac-NN(6,6)-(lr=1.0e-5)-(86-params)",classic_NN_6-6,40
26.0,26,179276,CartPole-v1,"CP-ppo-ac-NN(6,6)-(lr=1.0e-5)-(86-params)",classic_NN_6-6,40
10.0,10,179284,CartPole-v1,"CP-ppo-ac-NN(6,6)-(lr=1.0e-5)-(86-params)",classic_NN_6-6,40
12.0,12,179300,CartPole-v1,"CP-ppo-ac-NN(6,6)-(lr=1.0e-5)-(86-params)",classic_NN_6-6,40
29.0,29,179308,CartPole-v1,"CP-ppo-ac-NN(6,6)-(lr=1.0e-5)-(86-params)",classic_NN_6-6,40
14.0,14,179332,CartPole-v1,"CP-ppo-ac-NN(6,6)-(lr=1.0e-5)-(86-params)",classic_NN_6-6,40
25.0,25,179384,CartPole-v1,"CP-ppo-ac-NN(6,6)-(lr=1.0e-5)-(86-params)",classic_NN_6-6,40
21.0,21,179384,CartPole-v1,"CP-ppo-ac-NN(6,6)-(lr=1.0e-5)-(86-params)",classic_NN_6-6,40
15.0,15,179392,CartPole-v1,"CP-ppo-ac-NN(6,6)-(lr=1.0e-5)-(86-params)",classic_NN_6-6,40
26.0,26,179412,CartPole-v1,"CP-ppo-ac-NN(6,6)-(lr=1.0e-5)-(86-params)",classic_NN_6-6,40
13.0,13,179436,CartPole-v1,"CP-ppo-ac-NN(6,6)-(lr=1.0e-5)-(86-params)",classic_NN_6-6,40
19.0,19,179460,CartPole-v1,"CP-ppo-ac-NN(6,6)-(lr=1.0e-5)-(86-params)",classic_NN_6-6,40
18.0,18,179508,CartPole-v1,"CP-ppo-ac-NN(6,6)-(lr=1.0e-5)-(86-params)",classic_NN_6-6,40
17.0,17,179528,CartPole-v1,"CP-ppo-ac-NN(6,6)-(lr=1.0e-5)-(86-params)",classic_NN_6-6,40
42.0,42,179560,CartPole-v1,"CP-ppo-ac-NN(6,6)-(lr=1.0e-5)-(86-params)",classic_NN_6-6,40
16.0,16,179572,CartPole-v1,"CP-ppo-ac-NN(6,6)-(lr=1.0e-5)-(86-params)",classic_NN_6-6,40
14.0,14,179584,CartPole-v1,"CP-ppo-ac-NN(6,6)-(lr=1.0e-5)-(86-params)",classic_NN_6-6,40
20.0,20,179640,CartPole-v1,"CP-ppo-ac-NN(6,6)-(lr=1.0e-5)-(86-params)",classic_NN_6-6,40
22.0,22,179660,CartPole-v1,"CP-ppo-ac-NN(6,6)-(lr=1.0e-5)-(86-params)",classic_NN_6-6,40
80.0,80,179732,CartPole-v1,"CP-ppo-ac-NN(6,6)-(lr=1.0e-5)-(86-params)",classic_NN_6-6,40
21.0,21,179744,CartPole-v1,"CP-ppo-ac-NN(6,6)-(lr=1.0e-5)-(86-params)",classic_NN_6-6,40
41.0,41,179804,CartPole-v1,"CP-ppo-ac-NN(6,6)-(lr=1.0e-5)-(86-params)",classic_NN_6-6,40
57.0,57,179812,CartPole-v1,"CP-ppo-ac-NN(6,6)-(lr=1.0e-5)-(86-params)",classic_NN_6-6,40
24.0,24,179840,CartPole-v1,"CP-ppo-ac-NN(6,6)-(lr=1.0e-5)-(86-params)",classic_NN_6-6,40
27.0,27,179840,CartPole-v1,"CP-ppo-ac-NN(6,6)-(lr=1.0e-5)-(86-params)",classic_NN_6-6,40
17.0,17,179908,CartPole-v1,"CP-ppo-ac-NN(6,6)-(lr=1.0e-5)-(86-params)",classic_NN_6-6,40
24.0,24,179908,CartPole-v1,"CP-ppo-ac-NN(6,6)-(lr=1.0e-5)-(86-params)",classic_NN_6-6,40
23.0,23,179932,CartPole-v1,"CP-ppo-ac-NN(6,6)-(lr=1.0e-5)-(86-params)",classic_NN_6-6,40
40.0,40,179964,CartPole-v1,"CP-ppo-ac-NN(6,6)-(lr=1.0e-5)-(86-params)",classic_NN_6-6,40
16.0,16,179996,CartPole-v1,"CP-ppo-ac-NN(6,6)-(lr=1.0e-5)-(86-params)",classic_NN_6-6,40
23.0,23,180000,CartPole-v1,"CP-ppo-ac-NN(6,6)-(lr=1.0e-5)-(86-params)",classic_NN_6-6,40
21.0,21,180080,CartPole-v1,"CP-ppo-ac-NN(6,6)-(lr=1.0e-5)-(86-params)",classic_NN_6-6,40
10.0,10,180120,CartPole-v1,"CP-ppo-ac-NN(6,6)-(lr=1.0e-5)-(86-params)",classic_NN_6-6,40
45.0,45,180144,CartPole-v1,"CP-ppo-ac-NN(6,6)-(lr=1.0e-5)-(86-params)",classic_NN_6-6,40
63.0,63,180160,CartPole-v1,"CP-ppo-ac-NN(6,6)-(lr=1.0e-5)-(86-params)",classic_NN_6-6,40
18.0,18,180216,CartPole-v1,"CP-ppo-ac-NN(6,6)-(lr=1.0e-5)-(86-params)",classic_NN_6-6,40
24.0,24,180216,CartPole-v1,"CP-ppo-ac-NN(6,6)-(lr=1.0e-5)-(86-params)",classic_NN_6-6,40
29.0,29,180276,CartPole-v1,"CP-ppo-ac-NN(6,6)-(lr=1.0e-5)-(86-params)",classic_NN_6-6,40
17.0,17,180284,CartPole-v1,"CP-ppo-ac-NN(6,6)-(lr=1.0e-5)-(86-params)",classic_NN_6-6,40
18.0,18,180288,CartPole-v1,"CP-ppo-ac-NN(6,6)-(lr=1.0e-5)-(86-params)",classic_NN_6-6,40
11.0,11,180320,CartPole-v1,"CP-ppo-ac-NN(6,6)-(lr=1.0e-5)-(86-params)",classic_NN_6-6,40
10.0,10,180324,CartPole-v1,"CP-ppo-ac-NN(6,6)-(lr=1.0e-5)-(86-params)",classic_NN_6-6,40
88.0,88,180352,CartPole-v1,"CP-ppo-ac-NN(6,6)-(lr=1.0e-5)-(86-params)",classic_NN_6-6,40
17.0,17,180388,CartPole-v1,"CP-ppo-ac-NN(6,6)-(lr=1.0e-5)-(86-params)",classic_NN_6-6,40
36.0,36,180432,CartPole-v1,"CP-ppo-ac-NN(6,6)-(lr=1.0e-5)-(86-params)",classic_NN_6-6,40
12.0,12,180436,CartPole-v1,"CP-ppo-ac-NN(6,6)-(lr=1.0e-5)-(86-params)",classic_NN_6-6,40
40.0,40,180484,CartPole-v1,"CP-ppo-ac-NN(6,6)-(lr=1.0e-5)-(86-params)",classic_NN_6-6,40
17.0,17,180500,CartPole-v1,"CP-ppo-ac-NN(6,6)-(lr=1.0e-5)-(86-params)",classic_NN_6-6,40
50.0,50,180552,CartPole-v1,"CP-ppo-ac-NN(6,6)-(lr=1.0e-5)-(86-params)",classic_NN_6-6,40
23.0,23,180576,CartPole-v1,"CP-ppo-ac-NN(6,6)-(lr=1.0e-5)-(86-params)",classic_NN_6-6,40
19.0,19,180576,CartPole-v1,"CP-ppo-ac-NN(6,6)-(lr=1.0e-5)-(86-params)",classic_NN_6-6,40
9.0,9,180588,CartPole-v1,"CP-ppo-ac-NN(6,6)-(lr=1.0e-5)-(86-params)",classic_NN_6-6,40
17.0,17,180644,CartPole-v1,"CP-ppo-ac-NN(6,6)-(lr=1.0e-5)-(86-params)",classic_NN_6-6,40
52.0,52,180644,CartPole-v1,"CP-ppo-ac-NN(6,6)-(lr=1.0e-5)-(86-params)",classic_NN_6-6,40
24.0,24,180672,CartPole-v1,"CP-ppo-ac-NN(6,6)-(lr=1.0e-5)-(86-params)",classic_NN_6-6,40
31.0,31,180712,CartPole-v1,"CP-ppo-ac-NN(6,6)-(lr=1.0e-5)-(86-params)",classic_NN_6-6,40
18.0,18,180716,CartPole-v1,"CP-ppo-ac-NN(6,6)-(lr=1.0e-5)-(86-params)",classic_NN_6-6,40
14.0,14,180728,CartPole-v1,"CP-ppo-ac-NN(6,6)-(lr=1.0e-5)-(86-params)",classic_NN_6-6,40
13.0,13,180768,CartPole-v1,"CP-ppo-ac-NN(6,6)-(lr=1.0e-5)-(86-params)",classic_NN_6-6,40
33.0,33,180776,CartPole-v1,"CP-ppo-ac-NN(6,6)-(lr=1.0e-5)-(86-params)",classic_NN_6-6,40
16.0,16,180776,CartPole-v1,"CP-ppo-ac-NN(6,6)-(lr=1.0e-5)-(86-params)",classic_NN_6-6,40
23.0,23,180820,CartPole-v1,"CP-ppo-ac-NN(6,6)-(lr=1.0e-5)-(86-params)",classic_NN_6-6,40
30.0,30,180896,CartPole-v1,"CP-ppo-ac-NN(6,6)-(lr=1.0e-5)-(86-params)",classic_NN_6-6,40
24.0,24,180916,CartPole-v1,"CP-ppo-ac-NN(6,6)-(lr=1.0e-5)-(86-params)",classic_NN_6-6,40
35.0,35,180916,CartPole-v1,"CP-ppo-ac-NN(6,6)-(lr=1.0e-5)-(86-params)",classic_NN_6-6,40
47.0,47,180956,CartPole-v1,"CP-ppo-ac-NN(6,6)-(lr=1.0e-5)-(86-params)",classic_NN_6-6,40
22.0,22,180984,CartPole-v1,"CP-ppo-ac-NN(6,6)-(lr=1.0e-5)-(86-params)",classic_NN_6-6,40
27.0,27,181024,CartPole-v1,"CP-ppo-ac-NN(6,6)-(lr=1.0e-5)-(86-params)",classic_NN_6-6,40
24.0,24,181052,CartPole-v1,"CP-ppo-ac-NN(6,6)-(lr=1.0e-5)-(86-params)",classic_NN_6-6,40
36.0,36,181060,CartPole-v1,"CP-ppo-ac-NN(6,6)-(lr=1.0e-5)-(86-params)",classic_NN_6-6,40
21.0,21,181068,CartPole-v1,"CP-ppo-ac-NN(6,6)-(lr=1.0e-5)-(86-params)",classic_NN_6-6,40
18.0,18,181096,CartPole-v1,"CP-ppo-ac-NN(6,6)-(lr=1.0e-5)-(86-params)",classic_NN_6-6,40
17.0,17,181164,CartPole-v1,"CP-ppo-ac-NN(6,6)-(lr=1.0e-5)-(86-params)",classic_NN_6-6,40
30.0,30,181180,CartPole-v1,"CP-ppo-ac-NN(6,6)-(lr=1.0e-5)-(86-params)",classic_NN_6-6,40
9.0,9,181216,CartPole-v1,"CP-ppo-ac-NN(6,6)-(lr=1.0e-5)-(86-params)",classic_NN_6-6,40
44.0,44,181228,CartPole-v1,"CP-ppo-ac-NN(6,6)-(lr=1.0e-5)-(86-params)",classic_NN_6-6,40
22.0,22,181252,CartPole-v1,"CP-ppo-ac-NN(6,6)-(lr=1.0e-5)-(86-params)",classic_NN_6-6,40
51.0,51,181272,CartPole-v1,"CP-ppo-ac-NN(6,6)-(lr=1.0e-5)-(86-params)",classic_NN_6-6,40
19.0,19,181304,CartPole-v1,"CP-ppo-ac-NN(6,6)-(lr=1.0e-5)-(86-params)",classic_NN_6-6,40
22.0,22,181304,CartPole-v1,"CP-ppo-ac-NN(6,6)-(lr=1.0e-5)-(86-params)",classic_NN_6-6,40
9.0,9,181308,CartPole-v1,"CP-ppo-ac-NN(6,6)-(lr=1.0e-5)-(86-params)",classic_NN_6-6,40
29.0,29,181368,CartPole-v1,"CP-ppo-ac-NN(6,6)-(lr=1.0e-5)-(86-params)",classic_NN_6-6,40
31.0,31,181428,CartPole-v1,"CP-ppo-ac-NN(6,6)-(lr=1.0e-5)-(86-params)",classic_NN_6-6,40
33.0,33,181436,CartPole-v1,"CP-ppo-ac-NN(6,6)-(lr=1.0e-5)-(86-params)",classic_NN_6-6,40
39.0,39,181464,CartPole-v1,"CP-ppo-ac-NN(6,6)-(lr=1.0e-5)-(86-params)",classic_NN_6-6,40
20.0,20,181516,CartPole-v1,"CP-ppo-ac-NN(6,6)-(lr=1.0e-5)-(86-params)",classic_NN_6-6,40
30.0,30,181548,CartPole-v1,"CP-ppo-ac-NN(6,6)-(lr=1.0e-5)-(86-params)",classic_NN_6-6,40
21.0,21,181548,CartPole-v1,"CP-ppo-ac-NN(6,6)-(lr=1.0e-5)-(86-params)",classic_NN_6-6,40
14.0,14,181572,CartPole-v1,"CP-ppo-ac-NN(6,6)-(lr=1.0e-5)-(86-params)",classic_NN_6-6,40
14.0,14,181604,CartPole-v1,"CP-ppo-ac-NN(6,6)-(lr=1.0e-5)-(86-params)",classic_NN_6-6,40
60.0,60,181608,CartPole-v1,"CP-ppo-ac-NN(6,6)-(lr=1.0e-5)-(86-params)",classic_NN_6-6,40
18.0,18,181620,CartPole-v1,"CP-ppo-ac-NN(6,6)-(lr=1.0e-5)-(86-params)",classic_NN_6-6,40
22.0,22,181660,CartPole-v1,"CP-ppo-ac-NN(6,6)-(lr=1.0e-5)-(86-params)",classic_NN_6-6,40
18.0,18,181680,CartPole-v1,"CP-ppo-ac-NN(6,6)-(lr=1.0e-5)-(86-params)",classic_NN_6-6,40
24.0,24,181700,CartPole-v1,"CP-ppo-ac-NN(6,6)-(lr=1.0e-5)-(86-params)",classic_NN_6-6,40
30.0,30,181740,CartPole-v1,"CP-ppo-ac-NN(6,6)-(lr=1.0e-5)-(86-params)",classic_NN_6-6,40
12.0,12,181748,CartPole-v1,"CP-ppo-ac-NN(6,6)-(lr=1.0e-5)-(86-params)",classic_NN_6-6,40
18.0,18,181752,CartPole-v1,"CP-ppo-ac-NN(6,6)-(lr=1.0e-5)-(86-params)",classic_NN_6-6,40
9.0,9,181776,CartPole-v1,"CP-ppo-ac-NN(6,6)-(lr=1.0e-5)-(86-params)",classic_NN_6-6,40
41.0,41,181824,CartPole-v1,"CP-ppo-ac-NN(6,6)-(lr=1.0e-5)-(86-params)",classic_NN_6-6,40
17.0,17,181844,CartPole-v1,"CP-ppo-ac-NN(6,6)-(lr=1.0e-5)-(86-params)",classic_NN_6-6,40
20.0,20,181904,CartPole-v1,"CP-ppo-ac-NN(6,6)-(lr=1.0e-5)-(86-params)",classic_NN_6-6,40
18.0,18,181916,CartPole-v1,"CP-ppo-ac-NN(6,6)-(lr=1.0e-5)-(86-params)",classic_NN_6-6,40
59.0,59,181984,CartPole-v1,"CP-ppo-ac-NN(6,6)-(lr=1.0e-5)-(86-params)",classic_NN_6-6,40
20.0,20,181996,CartPole-v1,"CP-ppo-ac-NN(6,6)-(lr=1.0e-5)-(86-params)",classic_NN_6-6,40
33.0,33,182036,CartPole-v1,"CP-ppo-ac-NN(6,6)-(lr=1.0e-5)-(86-params)",classic_NN_6-6,40
71.0,71,182036,CartPole-v1,"CP-ppo-ac-NN(6,6)-(lr=1.0e-5)-(86-params)",classic_NN_6-6,40
19.0,19,182060,CartPole-v1,"CP-ppo-ac-NN(6,6)-(lr=1.0e-5)-(86-params)",classic_NN_6-6,40
18.0,18,182068,CartPole-v1,"CP-ppo-ac-NN(6,6)-(lr=1.0e-5)-(86-params)",classic_NN_6-6,40
13.0,13,182088,CartPole-v1,"CP-ppo-ac-NN(6,6)-(lr=1.0e-5)-(86-params)",classic_NN_6-6,40
11.0,11,182132,CartPole-v1,"CP-ppo-ac-NN(6,6)-(lr=1.0e-5)-(86-params)",classic_NN_6-6,40
20.0,20,182140,CartPole-v1,"CP-ppo-ac-NN(6,6)-(lr=1.0e-5)-(86-params)",classic_NN_6-6,40
28.0,28,182180,CartPole-v1,"CP-ppo-ac-NN(6,6)-(lr=1.0e-5)-(86-params)",classic_NN_6-6,40
17.0,17,182200,CartPole-v1,"CP-ppo-ac-NN(6,6)-(lr=1.0e-5)-(86-params)",classic_NN_6-6,40
52.0,52,182244,CartPole-v1,"CP-ppo-ac-NN(6,6)-(lr=1.0e-5)-(86-params)",classic_NN_6-6,40
11.0,11,182244,CartPole-v1,"CP-ppo-ac-NN(6,6)-(lr=1.0e-5)-(86-params)",classic_NN_6-6,40
30.0,30,182260,CartPole-v1,"CP-ppo-ac-NN(6,6)-(lr=1.0e-5)-(86-params)",classic_NN_6-6,40
26.0,26,182284,CartPole-v1,"CP-ppo-ac-NN(6,6)-(lr=1.0e-5)-(86-params)",classic_NN_6-6,40
17.0,17,182312,CartPole-v1,"CP-ppo-ac-NN(6,6)-(lr=1.0e-5)-(86-params)",classic_NN_6-6,40
15.0,15,182344,CartPole-v1,"CP-ppo-ac-NN(6,6)-(lr=1.0e-5)-(86-params)",classic_NN_6-6,40
25.0,25,182344,CartPole-v1,"CP-ppo-ac-NN(6,6)-(lr=1.0e-5)-(86-params)",classic_NN_6-6,40
26.0,26,182364,CartPole-v1,"CP-ppo-ac-NN(6,6)-(lr=1.0e-5)-(86-params)",classic_NN_6-6,40
26.0,26,182448,CartPole-v1,"CP-ppo-ac-NN(6,6)-(lr=1.0e-5)-(86-params)",classic_NN_6-6,40
27.0,27,182452,CartPole-v1,"CP-ppo-ac-NN(6,6)-(lr=1.0e-5)-(86-params)",classic_NN_6-6,40
26.0,26,182468,CartPole-v1,"CP-ppo-ac-NN(6,6)-(lr=1.0e-5)-(86-params)",classic_NN_6-6,40
63.0,63,182564,CartPole-v1,"CP-ppo-ac-NN(6,6)-(lr=1.0e-5)-(86-params)",classic_NN_6-6,40
28.0,28,182580,CartPole-v1,"CP-ppo-ac-NN(6,6)-(lr=1.0e-5)-(86-params)",classic_NN_6-6,40
12.0,12,182628,CartPole-v1,"CP-ppo-ac-NN(6,6)-(lr=1.0e-5)-(86-params)",classic_NN_6-6,40
18.0,18,182636,CartPole-v1,"CP-ppo-ac-NN(6,6)-(lr=1.0e-5)-(86-params)",classic_NN_6-6,40
48.0,48,182640,CartPole-v1,"CP-ppo-ac-NN(6,6)-(lr=1.0e-5)-(86-params)",classic_NN_6-6,40
56.0,56,182676,CartPole-v1,"CP-ppo-ac-NN(6,6)-(lr=1.0e-5)-(86-params)",classic_NN_6-6,40
21.0,21,182712,CartPole-v1,"CP-ppo-ac-NN(6,6)-(lr=1.0e-5)-(86-params)",classic_NN_6-6,40
35.0,35,182780,CartPole-v1,"CP-ppo-ac-NN(6,6)-(lr=1.0e-5)-(86-params)",classic_NN_6-6,40
28.0,28,182788,CartPole-v1,"CP-ppo-ac-NN(6,6)-(lr=1.0e-5)-(86-params)",classic_NN_6-6,40
19.0,19,182788,CartPole-v1,"CP-ppo-ac-NN(6,6)-(lr=1.0e-5)-(86-params)",classic_NN_6-6,40
45.0,45,182816,CartPole-v1,"CP-ppo-ac-NN(6,6)-(lr=1.0e-5)-(86-params)",classic_NN_6-6,40
17.0,17,182856,CartPole-v1,"CP-ppo-ac-NN(6,6)-(lr=1.0e-5)-(86-params)",classic_NN_6-6,40
23.0,23,182880,CartPole-v1,"CP-ppo-ac-NN(6,6)-(lr=1.0e-5)-(86-params)",classic_NN_6-6,40
12.0,12,182904,CartPole-v1,"CP-ppo-ac-NN(6,6)-(lr=1.0e-5)-(86-params)",classic_NN_6-6,40
32.0,32,182908,CartPole-v1,"CP-ppo-ac-NN(6,6)-(lr=1.0e-5)-(86-params)",classic_NN_6-6,40
10.0,10,182948,CartPole-v1,"CP-ppo-ac-NN(6,6)-(lr=1.0e-5)-(86-params)",classic_NN_6-6,40
17.0,17,182948,CartPole-v1,"CP-ppo-ac-NN(6,6)-(lr=1.0e-5)-(86-params)",classic_NN_6-6,40
23.0,23,182996,CartPole-v1,"CP-ppo-ac-NN(6,6)-(lr=1.0e-5)-(86-params)",classic_NN_6-6,40
17.0,17,183016,CartPole-v1,"CP-ppo-ac-NN(6,6)-(lr=1.0e-5)-(86-params)",classic_NN_6-6,40
53.0,53,183028,CartPole-v1,"CP-ppo-ac-NN(6,6)-(lr=1.0e-5)-(86-params)",classic_NN_6-6,40
22.0,22,183036,CartPole-v1,"CP-ppo-ac-NN(6,6)-(lr=1.0e-5)-(86-params)",classic_NN_6-6,40
20.0,20,183096,CartPole-v1,"CP-ppo-ac-NN(6,6)-(lr=1.0e-5)-(86-params)",classic_NN_6-6,40
30.0,30,183116,CartPole-v1,"CP-ppo-ac-NN(6,6)-(lr=1.0e-5)-(86-params)",classic_NN_6-6,40
38.0,38,183180,CartPole-v1,"CP-ppo-ac-NN(6,6)-(lr=1.0e-5)-(86-params)",classic_NN_6-6,40
13.0,13,183232,CartPole-v1,"CP-ppo-ac-NN(6,6)-(lr=1.0e-5)-(86-params)",classic_NN_6-6,40
50.0,50,183236,CartPole-v1,"CP-ppo-ac-NN(6,6)-(lr=1.0e-5)-(86-params)",classic_NN_6-6,40
32.0,32,183244,CartPole-v1,"CP-ppo-ac-NN(6,6)-(lr=1.0e-5)-(86-params)",classic_NN_6-6,40
61.0,61,183340,CartPole-v1,"CP-ppo-ac-NN(6,6)-(lr=1.0e-5)-(86-params)",classic_NN_6-6,40
25.0,25,183344,CartPole-v1,"CP-ppo-ac-NN(6,6)-(lr=1.0e-5)-(86-params)",classic_NN_6-6,40
29.0,29,183348,CartPole-v1,"CP-ppo-ac-NN(6,6)-(lr=1.0e-5)-(86-params)",classic_NN_6-6,40
30.0,30,183356,CartPole-v1,"CP-ppo-ac-NN(6,6)-(lr=1.0e-5)-(86-params)",classic_NN_6-6,40
16.0,16,183404,CartPole-v1,"CP-ppo-ac-NN(6,6)-(lr=1.0e-5)-(86-params)",classic_NN_6-6,40
17.0,17,183424,CartPole-v1,"CP-ppo-ac-NN(6,6)-(lr=1.0e-5)-(86-params)",classic_NN_6-6,40
20.0,20,183428,CartPole-v1,"CP-ppo-ac-NN(6,6)-(lr=1.0e-5)-(86-params)",classic_NN_6-6,40
20.0,20,183484,CartPole-v1,"CP-ppo-ac-NN(6,6)-(lr=1.0e-5)-(86-params)",classic_NN_6-6,40
36.0,36,183488,CartPole-v1,"CP-ppo-ac-NN(6,6)-(lr=1.0e-5)-(86-params)",classic_NN_6-6,40
29.0,29,183540,CartPole-v1,"CP-ppo-ac-NN(6,6)-(lr=1.0e-5)-(86-params)",classic_NN_6-6,40
30.0,30,183548,CartPole-v1,"CP-ppo-ac-NN(6,6)-(lr=1.0e-5)-(86-params)",classic_NN_6-6,40
23.0,23,183576,CartPole-v1,"CP-ppo-ac-NN(6,6)-(lr=1.0e-5)-(86-params)",classic_NN_6-6,40
24.0,24,183584,CartPole-v1,"CP-ppo-ac-NN(6,6)-(lr=1.0e-5)-(86-params)",classic_NN_6-6,40
21.0,21,183632,CartPole-v1,"CP-ppo-ac-NN(6,6)-(lr=1.0e-5)-(86-params)",classic_NN_6-6,40
25.0,25,183640,CartPole-v1,"CP-ppo-ac-NN(6,6)-(lr=1.0e-5)-(86-params)",classic_NN_6-6,40
18.0,18,183648,CartPole-v1,"CP-ppo-ac-NN(6,6)-(lr=1.0e-5)-(86-params)",classic_NN_6-6,40
23.0,23,183676,CartPole-v1,"CP-ppo-ac-NN(6,6)-(lr=1.0e-5)-(86-params)",classic_NN_6-6,40
17.0,17,183700,CartPole-v1,"CP-ppo-ac-NN(6,6)-(lr=1.0e-5)-(86-params)",classic_NN_6-6,40
33.0,33,183772,CartPole-v1,"CP-ppo-ac-NN(6,6)-(lr=1.0e-5)-(86-params)",classic_NN_6-6,40
32.0,32,183804,CartPole-v1,"CP-ppo-ac-NN(6,6)-(lr=1.0e-5)-(86-params)",classic_NN_6-6,40
32.0,32,183828,CartPole-v1,"CP-ppo-ac-NN(6,6)-(lr=1.0e-5)-(86-params)",classic_NN_6-6,40
12.0,12,183876,CartPole-v1,"CP-ppo-ac-NN(6,6)-(lr=1.0e-5)-(86-params)",classic_NN_6-6,40
25.0,25,183904,CartPole-v1,"CP-ppo-ac-NN(6,6)-(lr=1.0e-5)-(86-params)",classic_NN_6-6,40
40.0,40,183932,CartPole-v1,"CP-ppo-ac-NN(6,6)-(lr=1.0e-5)-(86-params)",classic_NN_6-6,40
77.0,77,183956,CartPole-v1,"CP-ppo-ac-NN(6,6)-(lr=1.0e-5)-(86-params)",classic_NN_6-6,40
22.0,22,184020,CartPole-v1,"CP-ppo-ac-NN(6,6)-(lr=1.0e-5)-(86-params)",classic_NN_6-6,40
19.0,19,184032,CartPole-v1,"CP-ppo-ac-NN(6,6)-(lr=1.0e-5)-(86-params)",classic_NN_6-6,40
41.0,41,184040,CartPole-v1,"CP-ppo-ac-NN(6,6)-(lr=1.0e-5)-(86-params)",classic_NN_6-6,40
12.0,12,184080,CartPole-v1,"CP-ppo-ac-NN(6,6)-(lr=1.0e-5)-(86-params)",classic_NN_6-6,40
19.0,19,184096,CartPole-v1,"CP-ppo-ac-NN(6,6)-(lr=1.0e-5)-(86-params)",classic_NN_6-6,40
16.0,16,184104,CartPole-v1,"CP-ppo-ac-NN(6,6)-(lr=1.0e-5)-(86-params)",classic_NN_6-6,40
51.0,51,184108,CartPole-v1,"CP-ppo-ac-NN(6,6)-(lr=1.0e-5)-(86-params)",classic_NN_6-6,40
15.0,15,184140,CartPole-v1,"CP-ppo-ac-NN(6,6)-(lr=1.0e-5)-(86-params)",classic_NN_6-6,40
18.0,18,184212,CartPole-v1,"CP-ppo-ac-NN(6,6)-(lr=1.0e-5)-(86-params)",classic_NN_6-6,40
30.0,30,184228,CartPole-v1,"CP-ppo-ac-NN(6,6)-(lr=1.0e-5)-(86-params)",classic_NN_6-6,40
38.0,38,184256,CartPole-v1,"CP-ppo-ac-NN(6,6)-(lr=1.0e-5)-(86-params)",classic_NN_6-6,40
42.0,42,184264,CartPole-v1,"CP-ppo-ac-NN(6,6)-(lr=1.0e-5)-(86-params)",classic_NN_6-6,40
20.0,20,184292,CartPole-v1,"CP-ppo-ac-NN(6,6)-(lr=1.0e-5)-(86-params)",classic_NN_6-6,40
19.0,19,184332,CartPole-v1,"CP-ppo-ac-NN(6,6)-(lr=1.0e-5)-(86-params)",classic_NN_6-6,40
13.0,13,184344,CartPole-v1,"CP-ppo-ac-NN(6,6)-(lr=1.0e-5)-(86-params)",classic_NN_6-6,40
33.0,33,184360,CartPole-v1,"CP-ppo-ac-NN(6,6)-(lr=1.0e-5)-(86-params)",classic_NN_6-6,40
33.0,33,184396,CartPole-v1,"CP-ppo-ac-NN(6,6)-(lr=1.0e-5)-(86-params)",classic_NN_6-6,40
21.0,21,184416,CartPole-v1,"CP-ppo-ac-NN(6,6)-(lr=1.0e-5)-(86-params)",classic_NN_6-6,40
17.0,17,184484,CartPole-v1,"CP-ppo-ac-NN(6,6)-(lr=1.0e-5)-(86-params)",classic_NN_6-6,40
38.0,38,184496,CartPole-v1,"CP-ppo-ac-NN(6,6)-(lr=1.0e-5)-(86-params)",classic_NN_6-6,40
43.0,43,184532,CartPole-v1,"CP-ppo-ac-NN(6,6)-(lr=1.0e-5)-(86-params)",classic_NN_6-6,40
43.0,43,184568,CartPole-v1,"CP-ppo-ac-NN(6,6)-(lr=1.0e-5)-(86-params)",classic_NN_6-6,40
23.0,23,184576,CartPole-v1,"CP-ppo-ac-NN(6,6)-(lr=1.0e-5)-(86-params)",classic_NN_6-6,40
28.0,28,184608,CartPole-v1,"CP-ppo-ac-NN(6,6)-(lr=1.0e-5)-(86-params)",classic_NN_6-6,40
13.0,13,184628,CartPole-v1,"CP-ppo-ac-NN(6,6)-(lr=1.0e-5)-(86-params)",classic_NN_6-6,40
22.0,22,184656,CartPole-v1,"CP-ppo-ac-NN(6,6)-(lr=1.0e-5)-(86-params)",classic_NN_6-6,40
31.0,31,184656,CartPole-v1,"CP-ppo-ac-NN(6,6)-(lr=1.0e-5)-(86-params)",classic_NN_6-6,40
10.0,10,184696,CartPole-v1,"CP-ppo-ac-NN(6,6)-(lr=1.0e-5)-(86-params)",classic_NN_6-6,40
19.0,19,184704,CartPole-v1,"CP-ppo-ac-NN(6,6)-(lr=1.0e-5)-(86-params)",classic_NN_6-6,40
15.0,15,184764,CartPole-v1,"CP-ppo-ac-NN(6,6)-(lr=1.0e-5)-(86-params)",classic_NN_6-6,40
34.0,34,184792,CartPole-v1,"CP-ppo-ac-NN(6,6)-(lr=1.0e-5)-(86-params)",classic_NN_6-6,40
24.0,24,184792,CartPole-v1,"CP-ppo-ac-NN(6,6)-(lr=1.0e-5)-(86-params)",classic_NN_6-6,40
55.0,55,184828,CartPole-v1,"CP-ppo-ac-NN(6,6)-(lr=1.0e-5)-(86-params)",classic_NN_6-6,40
20.0,20,184872,CartPole-v1,"CP-ppo-ac-NN(6,6)-(lr=1.0e-5)-(86-params)",classic_NN_6-6,40
21.0,21,184876,CartPole-v1,"CP-ppo-ac-NN(6,6)-(lr=1.0e-5)-(86-params)",classic_NN_6-6,40
19.0,19,184948,CartPole-v1,"CP-ppo-ac-NN(6,6)-(lr=1.0e-5)-(86-params)",classic_NN_6-6,40
33.0,33,184960,CartPole-v1,"CP-ppo-ac-NN(6,6)-(lr=1.0e-5)-(86-params)",classic_NN_6-6,40
14.0,14,185004,CartPole-v1,"CP-ppo-ac-NN(6,6)-(lr=1.0e-5)-(86-params)",classic_NN_6-6,40
18.0,18,185032,CartPole-v1,"CP-ppo-ac-NN(6,6)-(lr=1.0e-5)-(86-params)",classic_NN_6-6,40
13.0,13,185056,CartPole-v1,"CP-ppo-ac-NN(6,6)-(lr=1.0e-5)-(86-params)",classic_NN_6-6,40
76.0,76,185068,CartPole-v1,"CP-ppo-ac-NN(6,6)-(lr=1.0e-5)-(86-params)",classic_NN_6-6,40
13.0,13,185084,CartPole-v1,"CP-ppo-ac-NN(6,6)-(lr=1.0e-5)-(86-params)",classic_NN_6-6,40
16.0,16,185132,CartPole-v1,"CP-ppo-ac-NN(6,6)-(lr=1.0e-5)-(86-params)",classic_NN_6-6,40
73.0,73,185168,CartPole-v1,"CP-ppo-ac-NN(6,6)-(lr=1.0e-5)-(86-params)",classic_NN_6-6,40
41.0,41,185220,CartPole-v1,"CP-ppo-ac-NN(6,6)-(lr=1.0e-5)-(86-params)",classic_NN_6-6,40
23.0,23,185224,CartPole-v1,"CP-ppo-ac-NN(6,6)-(lr=1.0e-5)-(86-params)",classic_NN_6-6,40
42.0,42,185252,CartPole-v1,"CP-ppo-ac-NN(6,6)-(lr=1.0e-5)-(86-params)",classic_NN_6-6,40
9.0,9,185256,CartPole-v1,"CP-ppo-ac-NN(6,6)-(lr=1.0e-5)-(86-params)",classic_NN_6-6,40
26.0,26,185272,CartPole-v1,"CP-ppo-ac-NN(6,6)-(lr=1.0e-5)-(86-params)",classic_NN_6-6,40
22.0,22,185312,CartPole-v1,"CP-ppo-ac-NN(6,6)-(lr=1.0e-5)-(86-params)",classic_NN_6-6,40
20.0,20,185336,CartPole-v1,"CP-ppo-ac-NN(6,6)-(lr=1.0e-5)-(86-params)",classic_NN_6-6,40
28.0,28,185364,CartPole-v1,"CP-ppo-ac-NN(6,6)-(lr=1.0e-5)-(86-params)",classic_NN_6-6,40
9.0,9,185372,CartPole-v1,"CP-ppo-ac-NN(6,6)-(lr=1.0e-5)-(86-params)",classic_NN_6-6,40
24.0,24,185408,CartPole-v1,"CP-ppo-ac-NN(6,6)-(lr=1.0e-5)-(86-params)",classic_NN_6-6,40
35.0,35,185412,CartPole-v1,"CP-ppo-ac-NN(6,6)-(lr=1.0e-5)-(86-params)",classic_NN_6-6,40
11.0,11,185456,CartPole-v1,"CP-ppo-ac-NN(6,6)-(lr=1.0e-5)-(86-params)",classic_NN_6-6,40
28.0,28,185484,CartPole-v1,"CP-ppo-ac-NN(6,6)-(lr=1.0e-5)-(86-params)",classic_NN_6-6,40
13.0,13,185508,CartPole-v1,"CP-ppo-ac-NN(6,6)-(lr=1.0e-5)-(86-params)",classic_NN_6-6,40
39.0,39,185520,CartPole-v1,"CP-ppo-ac-NN(6,6)-(lr=1.0e-5)-(86-params)",classic_NN_6-6,40
30.0,30,185528,CartPole-v1,"CP-ppo-ac-NN(6,6)-(lr=1.0e-5)-(86-params)",classic_NN_6-6,40
17.0,17,185576,CartPole-v1,"CP-ppo-ac-NN(6,6)-(lr=1.0e-5)-(86-params)",classic_NN_6-6,40
21.0,21,185604,CartPole-v1,"CP-ppo-ac-NN(6,6)-(lr=1.0e-5)-(86-params)",classic_NN_6-6,40
13.0,13,185656,CartPole-v1,"CP-ppo-ac-NN(6,6)-(lr=1.0e-5)-(86-params)",classic_NN_6-6,40
47.0,47,185672,CartPole-v1,"CP-ppo-ac-NN(6,6)-(lr=1.0e-5)-(86-params)",classic_NN_6-6,40
33.0,33,185708,CartPole-v1,"CP-ppo-ac-NN(6,6)-(lr=1.0e-5)-(86-params)",classic_NN_6-6,40
49.0,49,185724,CartPole-v1,"CP-ppo-ac-NN(6,6)-(lr=1.0e-5)-(86-params)",classic_NN_6-6,40
12.0,12,185756,CartPole-v1,"CP-ppo-ac-NN(6,6)-(lr=1.0e-5)-(86-params)",classic_NN_6-6,40
23.0,23,185764,CartPole-v1,"CP-ppo-ac-NN(6,6)-(lr=1.0e-5)-(86-params)",classic_NN_6-6,40
12.0,12,185804,CartPole-v1,"CP-ppo-ac-NN(6,6)-(lr=1.0e-5)-(86-params)",classic_NN_6-6,40
16.0,16,185828,CartPole-v1,"CP-ppo-ac-NN(6,6)-(lr=1.0e-5)-(86-params)",classic_NN_6-6,40
16.0,16,185868,CartPole-v1,"CP-ppo-ac-NN(6,6)-(lr=1.0e-5)-(86-params)",classic_NN_6-6,40
12.0,12,185876,CartPole-v1,"CP-ppo-ac-NN(6,6)-(lr=1.0e-5)-(86-params)",classic_NN_6-6,40
44.0,44,185900,CartPole-v1,"CP-ppo-ac-NN(6,6)-(lr=1.0e-5)-(86-params)",classic_NN_6-6,40
64.0,64,185912,CartPole-v1,"CP-ppo-ac-NN(6,6)-(lr=1.0e-5)-(86-params)",classic_NN_6-6,40
22.0,22,186000,CartPole-v1,"CP-ppo-ac-NN(6,6)-(lr=1.0e-5)-(86-params)",classic_NN_6-6,40
44.0,44,186052,CartPole-v1,"CP-ppo-ac-NN(6,6)-(lr=1.0e-5)-(86-params)",classic_NN_6-6,40
15.0,15,186060,CartPole-v1,"CP-ppo-ac-NN(6,6)-(lr=1.0e-5)-(86-params)",classic_NN_6-6,40
46.0,46,186084,CartPole-v1,"CP-ppo-ac-NN(6,6)-(lr=1.0e-5)-(86-params)",classic_NN_6-6,40
12.0,12,186108,CartPole-v1,"CP-ppo-ac-NN(6,6)-(lr=1.0e-5)-(86-params)",classic_NN_6-6,40
17.0,17,186120,CartPole-v1,"CP-ppo-ac-NN(6,6)-(lr=1.0e-5)-(86-params)",classic_NN_6-6,40
73.0,73,186160,CartPole-v1,"CP-ppo-ac-NN(6,6)-(lr=1.0e-5)-(86-params)",classic_NN_6-6,40
35.0,35,186224,CartPole-v1,"CP-ppo-ac-NN(6,6)-(lr=1.0e-5)-(86-params)",classic_NN_6-6,40
33.0,33,186252,CartPole-v1,"CP-ppo-ac-NN(6,6)-(lr=1.0e-5)-(86-params)",classic_NN_6-6,40
20.0,20,186304,CartPole-v1,"CP-ppo-ac-NN(6,6)-(lr=1.0e-5)-(86-params)",classic_NN_6-6,40
32.0,32,186432,CartPole-v1,"CP-ppo-ac-NN(6,6)-(lr=1.0e-5)-(86-params)",classic_NN_6-6,40
68.0,68,186432,CartPole-v1,"CP-ppo-ac-NN(6,6)-(lr=1.0e-5)-(86-params)",classic_NN_6-6,40
88.0,88,186460,CartPole-v1,"CP-ppo-ac-NN(6,6)-(lr=1.0e-5)-(86-params)",classic_NN_6-6,40
54.0,54,186468,CartPole-v1,"CP-ppo-ac-NN(6,6)-(lr=1.0e-5)-(86-params)",classic_NN_6-6,40
18.0,18,186504,CartPole-v1,"CP-ppo-ac-NN(6,6)-(lr=1.0e-5)-(86-params)",classic_NN_6-6,40
13.0,13,186512,CartPole-v1,"CP-ppo-ac-NN(6,6)-(lr=1.0e-5)-(86-params)",classic_NN_6-6,40
12.0,12,186516,CartPole-v1,"CP-ppo-ac-NN(6,6)-(lr=1.0e-5)-(86-params)",classic_NN_6-6,40
17.0,17,186580,CartPole-v1,"CP-ppo-ac-NN(6,6)-(lr=1.0e-5)-(86-params)",classic_NN_6-6,40
23.0,23,186596,CartPole-v1,"CP-ppo-ac-NN(6,6)-(lr=1.0e-5)-(86-params)",classic_NN_6-6,40
12.0,12,186628,CartPole-v1,"CP-ppo-ac-NN(6,6)-(lr=1.0e-5)-(86-params)",classic_NN_6-6,40
37.0,37,186664,CartPole-v1,"CP-ppo-ac-NN(6,6)-(lr=1.0e-5)-(86-params)",classic_NN_6-6,40
71.0,71,186716,CartPole-v1,"CP-ppo-ac-NN(6,6)-(lr=1.0e-5)-(86-params)",classic_NN_6-6,40
9.0,9,186752,CartPole-v1,"CP-ppo-ac-NN(6,6)-(lr=1.0e-5)-(86-params)",classic_NN_6-6,40
42.0,42,186764,CartPole-v1,"CP-ppo-ac-NN(6,6)-(lr=1.0e-5)-(86-params)",classic_NN_6-6,40
33.0,33,186796,CartPole-v1,"CP-ppo-ac-NN(6,6)-(lr=1.0e-5)-(86-params)",classic_NN_6-6,40
49.0,49,186824,CartPole-v1,"CP-ppo-ac-NN(6,6)-(lr=1.0e-5)-(86-params)",classic_NN_6-6,40
18.0,18,186836,CartPole-v1,"CP-ppo-ac-NN(6,6)-(lr=1.0e-5)-(86-params)",classic_NN_6-6,40
11.0,11,186880,CartPole-v1,"CP-ppo-ac-NN(6,6)-(lr=1.0e-5)-(86-params)",classic_NN_6-6,40
26.0,26,186900,CartPole-v1,"CP-ppo-ac-NN(6,6)-(lr=1.0e-5)-(86-params)",classic_NN_6-6,40
25.0,25,186924,CartPole-v1,"CP-ppo-ac-NN(6,6)-(lr=1.0e-5)-(86-params)",classic_NN_6-6,40
51.0,51,186956,CartPole-v1,"CP-ppo-ac-NN(6,6)-(lr=1.0e-5)-(86-params)",classic_NN_6-6,40
15.0,15,186984,CartPole-v1,"CP-ppo-ac-NN(6,6)-(lr=1.0e-5)-(86-params)",classic_NN_6-6,40
18.0,18,187028,CartPole-v1,"CP-ppo-ac-NN(6,6)-(lr=1.0e-5)-(86-params)",classic_NN_6-6,40
33.0,33,187032,CartPole-v1,"CP-ppo-ac-NN(6,6)-(lr=1.0e-5)-(86-params)",classic_NN_6-6,40
42.0,42,187048,CartPole-v1,"CP-ppo-ac-NN(6,6)-(lr=1.0e-5)-(86-params)",classic_NN_6-6,40
11.0,11,187092,CartPole-v1,"CP-ppo-ac-NN(6,6)-(lr=1.0e-5)-(86-params)",classic_NN_6-6,40
28.0,28,187096,CartPole-v1,"CP-ppo-ac-NN(6,6)-(lr=1.0e-5)-(86-params)",classic_NN_6-6,40
24.0,24,187128,CartPole-v1,"CP-ppo-ac-NN(6,6)-(lr=1.0e-5)-(86-params)",classic_NN_6-6,40
20.0,20,187172,CartPole-v1,"CP-ppo-ac-NN(6,6)-(lr=1.0e-5)-(86-params)",classic_NN_6-6,40
23.0,23,187188,CartPole-v1,"CP-ppo-ac-NN(6,6)-(lr=1.0e-5)-(86-params)",classic_NN_6-6,40
16.0,16,187192,CartPole-v1,"CP-ppo-ac-NN(6,6)-(lr=1.0e-5)-(86-params)",classic_NN_6-6,40
49.0,49,187224,CartPole-v1,"CP-ppo-ac-NN(6,6)-(lr=1.0e-5)-(86-params)",classic_NN_6-6,40
17.0,17,187256,CartPole-v1,"CP-ppo-ac-NN(6,6)-(lr=1.0e-5)-(86-params)",classic_NN_6-6,40
30.0,30,187312,CartPole-v1,"CP-ppo-ac-NN(6,6)-(lr=1.0e-5)-(86-params)",classic_NN_6-6,40
31.0,31,187348,CartPole-v1,"CP-ppo-ac-NN(6,6)-(lr=1.0e-5)-(86-params)",classic_NN_6-6,40
24.0,24,187352,CartPole-v1,"CP-ppo-ac-NN(6,6)-(lr=1.0e-5)-(86-params)",classic_NN_6-6,40
48.0,48,187364,CartPole-v1,"CP-ppo-ac-NN(6,6)-(lr=1.0e-5)-(86-params)",classic_NN_6-6,40
14.0,14,187420,CartPole-v1,"CP-ppo-ac-NN(6,6)-(lr=1.0e-5)-(86-params)",classic_NN_6-6,40
28.0,28,187424,CartPole-v1,"CP-ppo-ac-NN(6,6)-(lr=1.0e-5)-(86-params)",classic_NN_6-6,40
11.0,11,187468,CartPole-v1,"CP-ppo-ac-NN(6,6)-(lr=1.0e-5)-(86-params)",classic_NN_6-6,40
38.0,38,187500,CartPole-v1,"CP-ppo-ac-NN(6,6)-(lr=1.0e-5)-(86-params)",classic_NN_6-6,40
48.0,48,187544,CartPole-v1,"CP-ppo-ac-NN(6,6)-(lr=1.0e-5)-(86-params)",classic_NN_6-6,40
37.0,37,187568,CartPole-v1,"CP-ppo-ac-NN(6,6)-(lr=1.0e-5)-(86-params)",classic_NN_6-6,40
25.0,25,187600,CartPole-v1,"CP-ppo-ac-NN(6,6)-(lr=1.0e-5)-(86-params)",classic_NN_6-6,40
17.0,17,187612,CartPole-v1,"CP-ppo-ac-NN(6,6)-(lr=1.0e-5)-(86-params)",classic_NN_6-6,40
14.0,14,187624,CartPole-v1,"CP-ppo-ac-NN(6,6)-(lr=1.0e-5)-(86-params)",classic_NN_6-6,40
44.0,44,187644,CartPole-v1,"CP-ppo-ac-NN(6,6)-(lr=1.0e-5)-(86-params)",classic_NN_6-6,40
11.0,11,187668,CartPole-v1,"CP-ppo-ac-NN(6,6)-(lr=1.0e-5)-(86-params)",classic_NN_6-6,40
15.0,15,187672,CartPole-v1,"CP-ppo-ac-NN(6,6)-(lr=1.0e-5)-(86-params)",classic_NN_6-6,40
36.0,36,187744,CartPole-v1,"CP-ppo-ac-NN(6,6)-(lr=1.0e-5)-(86-params)",classic_NN_6-6,40
31.0,31,187768,CartPole-v1,"CP-ppo-ac-NN(6,6)-(lr=1.0e-5)-(86-params)",classic_NN_6-6,40
18.0,18,187816,CartPole-v1,"CP-ppo-ac-NN(6,6)-(lr=1.0e-5)-(86-params)",classic_NN_6-6,40
23.0,23,187860,CartPole-v1,"CP-ppo-ac-NN(6,6)-(lr=1.0e-5)-(86-params)",classic_NN_6-6,40
13.0,13,187868,CartPole-v1,"CP-ppo-ac-NN(6,6)-(lr=1.0e-5)-(86-params)",classic_NN_6-6,40
50.0,50,187872,CartPole-v1,"CP-ppo-ac-NN(6,6)-(lr=1.0e-5)-(86-params)",classic_NN_6-6,40
20.0,20,187940,CartPole-v1,"CP-ppo-ac-NN(6,6)-(lr=1.0e-5)-(86-params)",classic_NN_6-6,40
21.0,21,187952,CartPole-v1,"CP-ppo-ac-NN(6,6)-(lr=1.0e-5)-(86-params)",classic_NN_6-6,40
93.0,93,188040,CartPole-v1,"CP-ppo-ac-NN(6,6)-(lr=1.0e-5)-(86-params)",classic_NN_6-6,40
34.0,34,188088,CartPole-v1,"CP-ppo-ac-NN(6,6)-(lr=1.0e-5)-(86-params)",classic_NN_6-6,40
23.0,23,188132,CartPole-v1,"CP-ppo-ac-NN(6,6)-(lr=1.0e-5)-(86-params)",classic_NN_6-6,40
12.0,12,188136,CartPole-v1,"CP-ppo-ac-NN(6,6)-(lr=1.0e-5)-(86-params)",classic_NN_6-6,40
60.0,60,188180,CartPole-v1,"CP-ppo-ac-NN(6,6)-(lr=1.0e-5)-(86-params)",classic_NN_6-6,40
83.0,83,188204,CartPole-v1,"CP-ppo-ac-NN(6,6)-(lr=1.0e-5)-(86-params)",classic_NN_6-6,40
20.0,20,188212,CartPole-v1,"CP-ppo-ac-NN(6,6)-(lr=1.0e-5)-(86-params)",classic_NN_6-6,40
24.0,24,188232,CartPole-v1,"CP-ppo-ac-NN(6,6)-(lr=1.0e-5)-(86-params)",classic_NN_6-6,40
22.0,22,188292,CartPole-v1,"CP-ppo-ac-NN(6,6)-(lr=1.0e-5)-(86-params)",classic_NN_6-6,40
21.0,21,188316,CartPole-v1,"CP-ppo-ac-NN(6,6)-(lr=1.0e-5)-(86-params)",classic_NN_6-6,40
33.0,33,188344,CartPole-v1,"CP-ppo-ac-NN(6,6)-(lr=1.0e-5)-(86-params)",classic_NN_6-6,40
24.0,24,188412,CartPole-v1,"CP-ppo-ac-NN(6,6)-(lr=1.0e-5)-(86-params)",classic_NN_6-6,40
34.0,34,188428,CartPole-v1,"CP-ppo-ac-NN(6,6)-(lr=1.0e-5)-(86-params)",classic_NN_6-6,40
63.0,63,188432,CartPole-v1,"CP-ppo-ac-NN(6,6)-(lr=1.0e-5)-(86-params)",classic_NN_6-6,40
12.0,12,188460,CartPole-v1,"CP-ppo-ac-NN(6,6)-(lr=1.0e-5)-(86-params)",classic_NN_6-6,40
29.0,29,188460,CartPole-v1,"CP-ppo-ac-NN(6,6)-(lr=1.0e-5)-(86-params)",classic_NN_6-6,40
19.0,19,188508,CartPole-v1,"CP-ppo-ac-NN(6,6)-(lr=1.0e-5)-(86-params)",classic_NN_6-6,40
14.0,14,188516,CartPole-v1,"CP-ppo-ac-NN(6,6)-(lr=1.0e-5)-(86-params)",classic_NN_6-6,40
24.0,24,188556,CartPole-v1,"CP-ppo-ac-NN(6,6)-(lr=1.0e-5)-(86-params)",classic_NN_6-6,40
54.0,54,188644,CartPole-v1,"CP-ppo-ac-NN(6,6)-(lr=1.0e-5)-(86-params)",classic_NN_6-6,40
22.0,22,188644,CartPole-v1,"CP-ppo-ac-NN(6,6)-(lr=1.0e-5)-(86-params)",classic_NN_6-6,40
34.0,34,188644,CartPole-v1,"CP-ppo-ac-NN(6,6)-(lr=1.0e-5)-(86-params)",classic_NN_6-6,40
36.0,36,188660,CartPole-v1,"CP-ppo-ac-NN(6,6)-(lr=1.0e-5)-(86-params)",classic_NN_6-6,40
16.0,16,188724,CartPole-v1,"CP-ppo-ac-NN(6,6)-(lr=1.0e-5)-(86-params)",classic_NN_6-6,40
26.0,26,188748,CartPole-v1,"CP-ppo-ac-NN(6,6)-(lr=1.0e-5)-(86-params)",classic_NN_6-6,40
34.0,34,188780,CartPole-v1,"CP-ppo-ac-NN(6,6)-(lr=1.0e-5)-(86-params)",classic_NN_6-6,40
13.0,13,188800,CartPole-v1,"CP-ppo-ac-NN(6,6)-(lr=1.0e-5)-(86-params)",classic_NN_6-6,40
47.0,47,188832,CartPole-v1,"CP-ppo-ac-NN(6,6)-(lr=1.0e-5)-(86-params)",classic_NN_6-6,40
11.0,11,188844,CartPole-v1,"CP-ppo-ac-NN(6,6)-(lr=1.0e-5)-(86-params)",classic_NN_6-6,40
27.0,27,188888,CartPole-v1,"CP-ppo-ac-NN(6,6)-(lr=1.0e-5)-(86-params)",classic_NN_6-6,40
22.0,22,188920,CartPole-v1,"CP-ppo-ac-NN(6,6)-(lr=1.0e-5)-(86-params)",classic_NN_6-6,40
14.0,14,188944,CartPole-v1,"CP-ppo-ac-NN(6,6)-(lr=1.0e-5)-(86-params)",classic_NN_6-6,40
12.0,12,188968,CartPole-v1,"CP-ppo-ac-NN(6,6)-(lr=1.0e-5)-(86-params)",classic_NN_6-6,40
68.0,68,188996,CartPole-v1,"CP-ppo-ac-NN(6,6)-(lr=1.0e-5)-(86-params)",classic_NN_6-6,40
17.0,17,189036,CartPole-v1,"CP-ppo-ac-NN(6,6)-(lr=1.0e-5)-(86-params)",classic_NN_6-6,40
31.0,31,189068,CartPole-v1,"CP-ppo-ac-NN(6,6)-(lr=1.0e-5)-(86-params)",classic_NN_6-6,40
25.0,25,189096,CartPole-v1,"CP-ppo-ac-NN(6,6)-(lr=1.0e-5)-(86-params)",classic_NN_6-6,40
71.0,71,189128,CartPole-v1,"CP-ppo-ac-NN(6,6)-(lr=1.0e-5)-(86-params)",classic_NN_6-6,40
23.0,23,189128,CartPole-v1,"CP-ppo-ac-NN(6,6)-(lr=1.0e-5)-(86-params)",classic_NN_6-6,40
18.0,18,189140,CartPole-v1,"CP-ppo-ac-NN(6,6)-(lr=1.0e-5)-(86-params)",classic_NN_6-6,40
12.0,12,189176,CartPole-v1,"CP-ppo-ac-NN(6,6)-(lr=1.0e-5)-(86-params)",classic_NN_6-6,40
25.0,25,189196,CartPole-v1,"CP-ppo-ac-NN(6,6)-(lr=1.0e-5)-(86-params)",classic_NN_6-6,40
27.0,27,189236,CartPole-v1,"CP-ppo-ac-NN(6,6)-(lr=1.0e-5)-(86-params)",classic_NN_6-6,40
24.0,24,189236,CartPole-v1,"CP-ppo-ac-NN(6,6)-(lr=1.0e-5)-(86-params)",classic_NN_6-6,40
19.0,19,189252,CartPole-v1,"CP-ppo-ac-NN(6,6)-(lr=1.0e-5)-(86-params)",classic_NN_6-6,40
23.0,23,189328,CartPole-v1,"CP-ppo-ac-NN(6,6)-(lr=1.0e-5)-(86-params)",classic_NN_6-6,40
34.0,34,189332,CartPole-v1,"CP-ppo-ac-NN(6,6)-(lr=1.0e-5)-(86-params)",classic_NN_6-6,40
25.0,25,189336,CartPole-v1,"CP-ppo-ac-NN(6,6)-(lr=1.0e-5)-(86-params)",classic_NN_6-6,40
18.0,18,189404,CartPole-v1,"CP-ppo-ac-NN(6,6)-(lr=1.0e-5)-(86-params)",classic_NN_6-6,40
20.0,20,189416,CartPole-v1,"CP-ppo-ac-NN(6,6)-(lr=1.0e-5)-(86-params)",classic_NN_6-6,40
34.0,34,189464,CartPole-v1,"CP-ppo-ac-NN(6,6)-(lr=1.0e-5)-(86-params)",classic_NN_6-6,40
15.0,15,189476,CartPole-v1,"CP-ppo-ac-NN(6,6)-(lr=1.0e-5)-(86-params)",classic_NN_6-6,40
21.0,21,189488,CartPole-v1,"CP-ppo-ac-NN(6,6)-(lr=1.0e-5)-(86-params)",classic_NN_6-6,40
62.0,62,189500,CartPole-v1,"CP-ppo-ac-NN(6,6)-(lr=1.0e-5)-(86-params)",classic_NN_6-6,40
10.0,10,189504,CartPole-v1,"CP-ppo-ac-NN(6,6)-(lr=1.0e-5)-(86-params)",classic_NN_6-6,40
10.0,10,189544,CartPole-v1,"CP-ppo-ac-NN(6,6)-(lr=1.0e-5)-(86-params)",classic_NN_6-6,40
12.0,12,189548,CartPole-v1,"CP-ppo-ac-NN(6,6)-(lr=1.0e-5)-(86-params)",classic_NN_6-6,40
24.0,24,189572,CartPole-v1,"CP-ppo-ac-NN(6,6)-(lr=1.0e-5)-(86-params)",classic_NN_6-6,40
27.0,27,189596,CartPole-v1,"CP-ppo-ac-NN(6,6)-(lr=1.0e-5)-(86-params)",classic_NN_6-6,40
14.0,14,189628,CartPole-v1,"CP-ppo-ac-NN(6,6)-(lr=1.0e-5)-(86-params)",classic_NN_6-6,40
21.0,21,189628,CartPole-v1,"CP-ppo-ac-NN(6,6)-(lr=1.0e-5)-(86-params)",classic_NN_6-6,40
14.0,14,189652,CartPole-v1,"CP-ppo-ac-NN(6,6)-(lr=1.0e-5)-(86-params)",classic_NN_6-6,40
10.0,10,189668,CartPole-v1,"CP-ppo-ac-NN(6,6)-(lr=1.0e-5)-(86-params)",classic_NN_6-6,40
14.0,14,189708,CartPole-v1,"CP-ppo-ac-NN(6,6)-(lr=1.0e-5)-(86-params)",classic_NN_6-6,40
28.0,28,189780,CartPole-v1,"CP-ppo-ac-NN(6,6)-(lr=1.0e-5)-(86-params)",classic_NN_6-6,40
46.0,46,189812,CartPole-v1,"CP-ppo-ac-NN(6,6)-(lr=1.0e-5)-(86-params)",classic_NN_6-6,40
34.0,34,189844,CartPole-v1,"CP-ppo-ac-NN(6,6)-(lr=1.0e-5)-(86-params)",classic_NN_6-6,40
77.0,77,189856,CartPole-v1,"CP-ppo-ac-NN(6,6)-(lr=1.0e-5)-(86-params)",classic_NN_6-6,40
12.0,12,189892,CartPole-v1,"CP-ppo-ac-NN(6,6)-(lr=1.0e-5)-(86-params)",classic_NN_6-6,40
28.0,28,189924,CartPole-v1,"CP-ppo-ac-NN(6,6)-(lr=1.0e-5)-(86-params)",classic_NN_6-6,40
42.0,42,189948,CartPole-v1,"CP-ppo-ac-NN(6,6)-(lr=1.0e-5)-(86-params)",classic_NN_6-6,40
21.0,21,189976,CartPole-v1,"CP-ppo-ac-NN(6,6)-(lr=1.0e-5)-(86-params)",classic_NN_6-6,40
18.0,18,189996,CartPole-v1,"CP-ppo-ac-NN(6,6)-(lr=1.0e-5)-(86-params)",classic_NN_6-6,40
28.0,28,190060,CartPole-v1,"CP-ppo-ac-NN(6,6)-(lr=1.0e-5)-(86-params)",classic_NN_6-6,40
22.0,22,190064,CartPole-v1,"CP-ppo-ac-NN(6,6)-(lr=1.0e-5)-(86-params)",classic_NN_6-6,40
63.0,63,190108,CartPole-v1,"CP-ppo-ac-NN(6,6)-(lr=1.0e-5)-(86-params)",classic_NN_6-6,40
13.0,13,190116,CartPole-v1,"CP-ppo-ac-NN(6,6)-(lr=1.0e-5)-(86-params)",classic_NN_6-6,40
37.0,37,190144,CartPole-v1,"CP-ppo-ac-NN(6,6)-(lr=1.0e-5)-(86-params)",classic_NN_6-6,40
10.0,10,190156,CartPole-v1,"CP-ppo-ac-NN(6,6)-(lr=1.0e-5)-(86-params)",classic_NN_6-6,40
14.0,14,190164,CartPole-v1,"CP-ppo-ac-NN(6,6)-(lr=1.0e-5)-(86-params)",classic_NN_6-6,40
34.0,34,190280,CartPole-v1,"CP-ppo-ac-NN(6,6)-(lr=1.0e-5)-(86-params)",classic_NN_6-6,40
56.0,56,190284,CartPole-v1,"CP-ppo-ac-NN(6,6)-(lr=1.0e-5)-(86-params)",classic_NN_6-6,40
37.0,37,190312,CartPole-v1,"CP-ppo-ac-NN(6,6)-(lr=1.0e-5)-(86-params)",classic_NN_6-6,40
41.0,41,190320,CartPole-v1,"CP-ppo-ac-NN(6,6)-(lr=1.0e-5)-(86-params)",classic_NN_6-6,40
12.0,12,190332,CartPole-v1,"CP-ppo-ac-NN(6,6)-(lr=1.0e-5)-(86-params)",classic_NN_6-6,40
19.0,19,190356,CartPole-v1,"CP-ppo-ac-NN(6,6)-(lr=1.0e-5)-(86-params)",classic_NN_6-6,40
15.0,15,190380,CartPole-v1,"CP-ppo-ac-NN(6,6)-(lr=1.0e-5)-(86-params)",classic_NN_6-6,40
20.0,20,190436,CartPole-v1,"CP-ppo-ac-NN(6,6)-(lr=1.0e-5)-(86-params)",classic_NN_6-6,40
32.0,32,190440,CartPole-v1,"CP-ppo-ac-NN(6,6)-(lr=1.0e-5)-(86-params)",classic_NN_6-6,40
27.0,27,190440,CartPole-v1,"CP-ppo-ac-NN(6,6)-(lr=1.0e-5)-(86-params)",classic_NN_6-6,40
25.0,25,190480,CartPole-v1,"CP-ppo-ac-NN(6,6)-(lr=1.0e-5)-(86-params)",classic_NN_6-6,40
18.0,18,190508,CartPole-v1,"CP-ppo-ac-NN(6,6)-(lr=1.0e-5)-(86-params)",classic_NN_6-6,40
24.0,24,190604,CartPole-v1,"CP-ppo-ac-NN(6,6)-(lr=1.0e-5)-(86-params)",classic_NN_6-6,40
54.0,54,190656,CartPole-v1,"CP-ppo-ac-NN(6,6)-(lr=1.0e-5)-(86-params)",classic_NN_6-6,40
49.0,49,190676,CartPole-v1,"CP-ppo-ac-NN(6,6)-(lr=1.0e-5)-(86-params)",classic_NN_6-6,40
60.0,60,190680,CartPole-v1,"CP-ppo-ac-NN(6,6)-(lr=1.0e-5)-(86-params)",classic_NN_6-6,40
15.0,15,190736,CartPole-v1,"CP-ppo-ac-NN(6,6)-(lr=1.0e-5)-(86-params)",classic_NN_6-6,40
34.0,34,190740,CartPole-v1,"CP-ppo-ac-NN(6,6)-(lr=1.0e-5)-(86-params)",classic_NN_6-6,40
21.0,21,190740,CartPole-v1,"CP-ppo-ac-NN(6,6)-(lr=1.0e-5)-(86-params)",classic_NN_6-6,40
24.0,24,190836,CartPole-v1,"CP-ppo-ac-NN(6,6)-(lr=1.0e-5)-(86-params)",classic_NN_6-6,40
46.0,46,190864,CartPole-v1,"CP-ppo-ac-NN(6,6)-(lr=1.0e-5)-(86-params)",classic_NN_6-6,40
35.0,35,190880,CartPole-v1,"CP-ppo-ac-NN(6,6)-(lr=1.0e-5)-(86-params)",classic_NN_6-6,40
10.0,10,190920,CartPole-v1,"CP-ppo-ac-NN(6,6)-(lr=1.0e-5)-(86-params)",classic_NN_6-6,40
49.0,49,190932,CartPole-v1,"CP-ppo-ac-NN(6,6)-(lr=1.0e-5)-(86-params)",classic_NN_6-6,40
30.0,30,190956,CartPole-v1,"CP-ppo-ac-NN(6,6)-(lr=1.0e-5)-(86-params)",classic_NN_6-6,40
24.0,24,190960,CartPole-v1,"CP-ppo-ac-NN(6,6)-(lr=1.0e-5)-(86-params)",classic_NN_6-6,40
15.0,15,191016,CartPole-v1,"CP-ppo-ac-NN(6,6)-(lr=1.0e-5)-(86-params)",classic_NN_6-6,40
24.0,24,191028,CartPole-v1,"CP-ppo-ac-NN(6,6)-(lr=1.0e-5)-(86-params)",classic_NN_6-6,40
20.0,20,191040,CartPole-v1,"CP-ppo-ac-NN(6,6)-(lr=1.0e-5)-(86-params)",classic_NN_6-6,40
37.0,37,191068,CartPole-v1,"CP-ppo-ac-NN(6,6)-(lr=1.0e-5)-(86-params)",classic_NN_6-6,40
16.0,16,191092,CartPole-v1,"CP-ppo-ac-NN(6,6)-(lr=1.0e-5)-(86-params)",classic_NN_6-6,40
29.0,29,191156,CartPole-v1,"CP-ppo-ac-NN(6,6)-(lr=1.0e-5)-(86-params)",classic_NN_6-6,40
47.0,47,191204,CartPole-v1,"CP-ppo-ac-NN(6,6)-(lr=1.0e-5)-(86-params)",classic_NN_6-6,40
31.0,31,191216,CartPole-v1,"CP-ppo-ac-NN(6,6)-(lr=1.0e-5)-(86-params)",classic_NN_6-6,40
38.0,38,191220,CartPole-v1,"CP-ppo-ac-NN(6,6)-(lr=1.0e-5)-(86-params)",classic_NN_6-6,40
19.0,19,191280,CartPole-v1,"CP-ppo-ac-NN(6,6)-(lr=1.0e-5)-(86-params)",classic_NN_6-6,40
36.0,36,191300,CartPole-v1,"CP-ppo-ac-NN(6,6)-(lr=1.0e-5)-(86-params)",classic_NN_6-6,40
25.0,25,191316,CartPole-v1,"CP-ppo-ac-NN(6,6)-(lr=1.0e-5)-(86-params)",classic_NN_6-6,40
26.0,26,191324,CartPole-v1,"CP-ppo-ac-NN(6,6)-(lr=1.0e-5)-(86-params)",classic_NN_6-6,40
13.0,13,191368,CartPole-v1,"CP-ppo-ac-NN(6,6)-(lr=1.0e-5)-(86-params)",classic_NN_6-6,40
19.0,19,191376,CartPole-v1,"CP-ppo-ac-NN(6,6)-(lr=1.0e-5)-(86-params)",classic_NN_6-6,40
25.0,25,191380,CartPole-v1,"CP-ppo-ac-NN(6,6)-(lr=1.0e-5)-(86-params)",classic_NN_6-6,40
16.0,16,191388,CartPole-v1,"CP-ppo-ac-NN(6,6)-(lr=1.0e-5)-(86-params)",classic_NN_6-6,40
11.0,11,191420,CartPole-v1,"CP-ppo-ac-NN(6,6)-(lr=1.0e-5)-(86-params)",classic_NN_6-6,40
19.0,19,191444,CartPole-v1,"CP-ppo-ac-NN(6,6)-(lr=1.0e-5)-(86-params)",classic_NN_6-6,40
17.0,17,191456,CartPole-v1,"CP-ppo-ac-NN(6,6)-(lr=1.0e-5)-(86-params)",classic_NN_6-6,40
21.0,21,191504,CartPole-v1,"CP-ppo-ac-NN(6,6)-(lr=1.0e-5)-(86-params)",classic_NN_6-6,40
18.0,18,191516,CartPole-v1,"CP-ppo-ac-NN(6,6)-(lr=1.0e-5)-(86-params)",classic_NN_6-6,40
28.0,28,191568,CartPole-v1,"CP-ppo-ac-NN(6,6)-(lr=1.0e-5)-(86-params)",classic_NN_6-6,40
49.0,49,191576,CartPole-v1,"CP-ppo-ac-NN(6,6)-(lr=1.0e-5)-(86-params)",classic_NN_6-6,40
24.0,24,191600,CartPole-v1,"CP-ppo-ac-NN(6,6)-(lr=1.0e-5)-(86-params)",classic_NN_6-6,40
19.0,19,191676,CartPole-v1,"CP-ppo-ac-NN(6,6)-(lr=1.0e-5)-(86-params)",classic_NN_6-6,40
27.0,27,191684,CartPole-v1,"CP-ppo-ac-NN(6,6)-(lr=1.0e-5)-(86-params)",classic_NN_6-6,40
37.0,37,191716,CartPole-v1,"CP-ppo-ac-NN(6,6)-(lr=1.0e-5)-(86-params)",classic_NN_6-6,40
15.0,15,191736,CartPole-v1,"CP-ppo-ac-NN(6,6)-(lr=1.0e-5)-(86-params)",classic_NN_6-6,40
20.0,20,191764,CartPole-v1,"CP-ppo-ac-NN(6,6)-(lr=1.0e-5)-(86-params)",classic_NN_6-6,40
63.0,63,191768,CartPole-v1,"CP-ppo-ac-NN(6,6)-(lr=1.0e-5)-(86-params)",classic_NN_6-6,40
13.0,13,191768,CartPole-v1,"CP-ppo-ac-NN(6,6)-(lr=1.0e-5)-(86-params)",classic_NN_6-6,40
14.0,14,191792,CartPole-v1,"CP-ppo-ac-NN(6,6)-(lr=1.0e-5)-(86-params)",classic_NN_6-6,40
15.0,15,191828,CartPole-v1,"CP-ppo-ac-NN(6,6)-(lr=1.0e-5)-(86-params)",classic_NN_6-6,40
23.0,23,191860,CartPole-v1,"CP-ppo-ac-NN(6,6)-(lr=1.0e-5)-(86-params)",classic_NN_6-6,40
20.0,20,191872,CartPole-v1,"CP-ppo-ac-NN(6,6)-(lr=1.0e-5)-(86-params)",classic_NN_6-6,40
13.0,13,191880,CartPole-v1,"CP-ppo-ac-NN(6,6)-(lr=1.0e-5)-(86-params)",classic_NN_6-6,40
17.0,17,191928,CartPole-v1,"CP-ppo-ac-NN(6,6)-(lr=1.0e-5)-(86-params)",classic_NN_6-6,40
53.0,53,191976,CartPole-v1,"CP-ppo-ac-NN(6,6)-(lr=1.0e-5)-(86-params)",classic_NN_6-6,40
19.0,19,192004,CartPole-v1,"CP-ppo-ac-NN(6,6)-(lr=1.0e-5)-(86-params)",classic_NN_6-6,40
33.0,33,192004,CartPole-v1,"CP-ppo-ac-NN(6,6)-(lr=1.0e-5)-(86-params)",classic_NN_6-6,40
70.0,70,192160,CartPole-v1,"CP-ppo-ac-NN(6,6)-(lr=1.0e-5)-(86-params)",classic_NN_6-6,40
55.0,55,192196,CartPole-v1,"CP-ppo-ac-NN(6,6)-(lr=1.0e-5)-(86-params)",classic_NN_6-6,40
50.0,50,192204,CartPole-v1,"CP-ppo-ac-NN(6,6)-(lr=1.0e-5)-(86-params)",classic_NN_6-6,40
53.0,53,192216,CartPole-v1,"CP-ppo-ac-NN(6,6)-(lr=1.0e-5)-(86-params)",classic_NN_6-6,40
17.0,17,192228,CartPole-v1,"CP-ppo-ac-NN(6,6)-(lr=1.0e-5)-(86-params)",classic_NN_6-6,40
12.0,12,192276,CartPole-v1,"CP-ppo-ac-NN(6,6)-(lr=1.0e-5)-(86-params)",classic_NN_6-6,40
19.0,19,192292,CartPole-v1,"CP-ppo-ac-NN(6,6)-(lr=1.0e-5)-(86-params)",classic_NN_6-6,40
16.0,16,192356,CartPole-v1,"CP-ppo-ac-NN(6,6)-(lr=1.0e-5)-(86-params)",classic_NN_6-6,40
39.0,39,192360,CartPole-v1,"CP-ppo-ac-NN(6,6)-(lr=1.0e-5)-(86-params)",classic_NN_6-6,40
49.0,49,192392,CartPole-v1,"CP-ppo-ac-NN(6,6)-(lr=1.0e-5)-(86-params)",classic_NN_6-6,40
30.0,30,192396,CartPole-v1,"CP-ppo-ac-NN(6,6)-(lr=1.0e-5)-(86-params)",classic_NN_6-6,40
25.0,25,192456,CartPole-v1,"CP-ppo-ac-NN(6,6)-(lr=1.0e-5)-(86-params)",classic_NN_6-6,40
23.0,23,192488,CartPole-v1,"CP-ppo-ac-NN(6,6)-(lr=1.0e-5)-(86-params)",classic_NN_6-6,40
42.0,42,192528,CartPole-v1,"CP-ppo-ac-NN(6,6)-(lr=1.0e-5)-(86-params)",classic_NN_6-6,40
35.0,35,192532,CartPole-v1,"CP-ppo-ac-NN(6,6)-(lr=1.0e-5)-(86-params)",classic_NN_6-6,40
16.0,16,192552,CartPole-v1,"CP-ppo-ac-NN(6,6)-(lr=1.0e-5)-(86-params)",classic_NN_6-6,40
34.0,34,192592,CartPole-v1,"CP-ppo-ac-NN(6,6)-(lr=1.0e-5)-(86-params)",classic_NN_6-6,40
20.0,20,192632,CartPole-v1,"CP-ppo-ac-NN(6,6)-(lr=1.0e-5)-(86-params)",classic_NN_6-6,40
22.0,22,192680,CartPole-v1,"CP-ppo-ac-NN(6,6)-(lr=1.0e-5)-(86-params)",classic_NN_6-6,40
40.0,40,192692,CartPole-v1,"CP-ppo-ac-NN(6,6)-(lr=1.0e-5)-(86-params)",classic_NN_6-6,40
42.0,42,192696,CartPole-v1,"CP-ppo-ac-NN(6,6)-(lr=1.0e-5)-(86-params)",classic_NN_6-6,40
20.0,20,192712,CartPole-v1,"CP-ppo-ac-NN(6,6)-(lr=1.0e-5)-(86-params)",classic_NN_6-6,40
15.0,15,192756,CartPole-v1,"CP-ppo-ac-NN(6,6)-(lr=1.0e-5)-(86-params)",classic_NN_6-6,40
17.0,17,192760,CartPole-v1,"CP-ppo-ac-NN(6,6)-(lr=1.0e-5)-(86-params)",classic_NN_6-6,40
23.0,23,192772,CartPole-v1,"CP-ppo-ac-NN(6,6)-(lr=1.0e-5)-(86-params)",classic_NN_6-6,40
14.0,14,192812,CartPole-v1,"CP-ppo-ac-NN(6,6)-(lr=1.0e-5)-(86-params)",classic_NN_6-6,40
26.0,26,192816,CartPole-v1,"CP-ppo-ac-NN(6,6)-(lr=1.0e-5)-(86-params)",classic_NN_6-6,40
37.0,37,192908,CartPole-v1,"CP-ppo-ac-NN(6,6)-(lr=1.0e-5)-(86-params)",classic_NN_6-6,40
30.0,30,192936,CartPole-v1,"CP-ppo-ac-NN(6,6)-(lr=1.0e-5)-(86-params)",classic_NN_6-6,40
35.0,35,192952,CartPole-v1,"CP-ppo-ac-NN(6,6)-(lr=1.0e-5)-(86-params)",classic_NN_6-6,40
51.0,51,192976,CartPole-v1,"CP-ppo-ac-NN(6,6)-(lr=1.0e-5)-(86-params)",classic_NN_6-6,40
18.0,18,192980,CartPole-v1,"CP-ppo-ac-NN(6,6)-(lr=1.0e-5)-(86-params)",classic_NN_6-6,40
16.0,16,193000,CartPole-v1,"CP-ppo-ac-NN(6,6)-(lr=1.0e-5)-(86-params)",classic_NN_6-6,40
17.0,17,193044,CartPole-v1,"CP-ppo-ac-NN(6,6)-(lr=1.0e-5)-(86-params)",classic_NN_6-6,40
39.0,39,193108,CartPole-v1,"CP-ppo-ac-NN(6,6)-(lr=1.0e-5)-(86-params)",classic_NN_6-6,40
32.0,32,193128,CartPole-v1,"CP-ppo-ac-NN(6,6)-(lr=1.0e-5)-(86-params)",classic_NN_6-6,40
40.0,40,193140,CartPole-v1,"CP-ppo-ac-NN(6,6)-(lr=1.0e-5)-(86-params)",classic_NN_6-6,40
14.0,14,193164,CartPole-v1,"CP-ppo-ac-NN(6,6)-(lr=1.0e-5)-(86-params)",classic_NN_6-6,40
38.0,38,193196,CartPole-v1,"CP-ppo-ac-NN(6,6)-(lr=1.0e-5)-(86-params)",classic_NN_6-6,40
16.0,16,193228,CartPole-v1,"CP-ppo-ac-NN(6,6)-(lr=1.0e-5)-(86-params)",classic_NN_6-6,40
18.0,18,193300,CartPole-v1,"CP-ppo-ac-NN(6,6)-(lr=1.0e-5)-(86-params)",classic_NN_6-6,40
28.0,28,193308,CartPole-v1,"CP-ppo-ac-NN(6,6)-(lr=1.0e-5)-(86-params)",classic_NN_6-6,40
61.0,61,193372,CartPole-v1,"CP-ppo-ac-NN(6,6)-(lr=1.0e-5)-(86-params)",classic_NN_6-6,40
22.0,22,193396,CartPole-v1,"CP-ppo-ac-NN(6,6)-(lr=1.0e-5)-(86-params)",classic_NN_6-6,40
29.0,29,193416,CartPole-v1,"CP-ppo-ac-NN(6,6)-(lr=1.0e-5)-(86-params)",classic_NN_6-6,40
24.0,24,193492,CartPole-v1,"CP-ppo-ac-NN(6,6)-(lr=1.0e-5)-(86-params)",classic_NN_6-6,40
26.0,26,193520,CartPole-v1,"CP-ppo-ac-NN(6,6)-(lr=1.0e-5)-(86-params)",classic_NN_6-6,40
46.0,46,193556,CartPole-v1,"CP-ppo-ac-NN(6,6)-(lr=1.0e-5)-(86-params)",classic_NN_6-6,40
118.0,118,193612,CartPole-v1,"CP-ppo-ac-NN(6,6)-(lr=1.0e-5)-(86-params)",classic_NN_6-6,40
24.0,24,193616,CartPole-v1,"CP-ppo-ac-NN(6,6)-(lr=1.0e-5)-(86-params)",classic_NN_6-6,40
39.0,39,193648,CartPole-v1,"CP-ppo-ac-NN(6,6)-(lr=1.0e-5)-(86-params)",classic_NN_6-6,40
35.0,35,193696,CartPole-v1,"CP-ppo-ac-NN(6,6)-(lr=1.0e-5)-(86-params)",classic_NN_6-6,40
13.0,13,193700,CartPole-v1,"CP-ppo-ac-NN(6,6)-(lr=1.0e-5)-(86-params)",classic_NN_6-6,40
14.0,14,193752,CartPole-v1,"CP-ppo-ac-NN(6,6)-(lr=1.0e-5)-(86-params)",classic_NN_6-6,40
36.0,36,193756,CartPole-v1,"CP-ppo-ac-NN(6,6)-(lr=1.0e-5)-(86-params)",classic_NN_6-6,40
43.0,43,193788,CartPole-v1,"CP-ppo-ac-NN(6,6)-(lr=1.0e-5)-(86-params)",classic_NN_6-6,40
13.0,13,193804,CartPole-v1,"CP-ppo-ac-NN(6,6)-(lr=1.0e-5)-(86-params)",classic_NN_6-6,40
16.0,16,193820,CartPole-v1,"CP-ppo-ac-NN(6,6)-(lr=1.0e-5)-(86-params)",classic_NN_6-6,40
37.0,37,193848,CartPole-v1,"CP-ppo-ac-NN(6,6)-(lr=1.0e-5)-(86-params)",classic_NN_6-6,40
17.0,17,193856,CartPole-v1,"CP-ppo-ac-NN(6,6)-(lr=1.0e-5)-(86-params)",classic_NN_6-6,40
13.0,13,193856,CartPole-v1,"CP-ppo-ac-NN(6,6)-(lr=1.0e-5)-(86-params)",classic_NN_6-6,40
20.0,20,193900,CartPole-v1,"CP-ppo-ac-NN(6,6)-(lr=1.0e-5)-(86-params)",classic_NN_6-6,40
17.0,17,193924,CartPole-v1,"CP-ppo-ac-NN(6,6)-(lr=1.0e-5)-(86-params)",classic_NN_6-6,40
21.0,21,193940,CartPole-v1,"CP-ppo-ac-NN(6,6)-(lr=1.0e-5)-(86-params)",classic_NN_6-6,40
31.0,31,193972,CartPole-v1,"CP-ppo-ac-NN(6,6)-(lr=1.0e-5)-(86-params)",classic_NN_6-6,40
13.0,13,194024,CartPole-v1,"CP-ppo-ac-NN(6,6)-(lr=1.0e-5)-(86-params)",classic_NN_6-6,40
37.0,37,194048,CartPole-v1,"CP-ppo-ac-NN(6,6)-(lr=1.0e-5)-(86-params)",classic_NN_6-6,40
30.0,30,194060,CartPole-v1,"CP-ppo-ac-NN(6,6)-(lr=1.0e-5)-(86-params)",classic_NN_6-6,40
19.0,19,194136,CartPole-v1,"CP-ppo-ac-NN(6,6)-(lr=1.0e-5)-(86-params)",classic_NN_6-6,40
22.0,22,194136,CartPole-v1,"CP-ppo-ac-NN(6,6)-(lr=1.0e-5)-(86-params)",classic_NN_6-6,40
56.0,56,194148,CartPole-v1,"CP-ppo-ac-NN(6,6)-(lr=1.0e-5)-(86-params)",classic_NN_6-6,40
10.0,10,194176,CartPole-v1,"CP-ppo-ac-NN(6,6)-(lr=1.0e-5)-(86-params)",classic_NN_6-6,40
17.0,17,194204,CartPole-v1,"CP-ppo-ac-NN(6,6)-(lr=1.0e-5)-(86-params)",classic_NN_6-6,40
45.0,45,194204,CartPole-v1,"CP-ppo-ac-NN(6,6)-(lr=1.0e-5)-(86-params)",classic_NN_6-6,40
17.0,17,194272,CartPole-v1,"CP-ppo-ac-NN(6,6)-(lr=1.0e-5)-(86-params)",classic_NN_6-6,40
23.0,23,194296,CartPole-v1,"CP-ppo-ac-NN(6,6)-(lr=1.0e-5)-(86-params)",classic_NN_6-6,40
36.0,36,194320,CartPole-v1,"CP-ppo-ac-NN(6,6)-(lr=1.0e-5)-(86-params)",classic_NN_6-6,40
45.0,45,194328,CartPole-v1,"CP-ppo-ac-NN(6,6)-(lr=1.0e-5)-(86-params)",classic_NN_6-6,40
10.0,10,194336,CartPole-v1,"CP-ppo-ac-NN(6,6)-(lr=1.0e-5)-(86-params)",classic_NN_6-6,40
20.0,20,194352,CartPole-v1,"CP-ppo-ac-NN(6,6)-(lr=1.0e-5)-(86-params)",classic_NN_6-6,40
12.0,12,194368,CartPole-v1,"CP-ppo-ac-NN(6,6)-(lr=1.0e-5)-(86-params)",classic_NN_6-6,40
12.0,12,194376,CartPole-v1,"CP-ppo-ac-NN(6,6)-(lr=1.0e-5)-(86-params)",classic_NN_6-6,40
12.0,12,194384,CartPole-v1,"CP-ppo-ac-NN(6,6)-(lr=1.0e-5)-(86-params)",classic_NN_6-6,40
20.0,20,194432,CartPole-v1,"CP-ppo-ac-NN(6,6)-(lr=1.0e-5)-(86-params)",classic_NN_6-6,40
16.0,16,194440,CartPole-v1,"CP-ppo-ac-NN(6,6)-(lr=1.0e-5)-(86-params)",classic_NN_6-6,40
15.0,15,194444,CartPole-v1,"CP-ppo-ac-NN(6,6)-(lr=1.0e-5)-(86-params)",classic_NN_6-6,40
23.0,23,194460,CartPole-v1,"CP-ppo-ac-NN(6,6)-(lr=1.0e-5)-(86-params)",classic_NN_6-6,40
22.0,22,194520,CartPole-v1,"CP-ppo-ac-NN(6,6)-(lr=1.0e-5)-(86-params)",classic_NN_6-6,40
27.0,27,194552,CartPole-v1,"CP-ppo-ac-NN(6,6)-(lr=1.0e-5)-(86-params)",classic_NN_6-6,40
28.0,28,194552,CartPole-v1,"CP-ppo-ac-NN(6,6)-(lr=1.0e-5)-(86-params)",classic_NN_6-6,40
12.0,12,194600,CartPole-v1,"CP-ppo-ac-NN(6,6)-(lr=1.0e-5)-(86-params)",classic_NN_6-6,40
25.0,25,194700,CartPole-v1,"CP-ppo-ac-NN(6,6)-(lr=1.0e-5)-(86-params)",classic_NN_6-6,40
61.0,61,194704,CartPole-v1,"CP-ppo-ac-NN(6,6)-(lr=1.0e-5)-(86-params)",classic_NN_6-6,40
55.0,55,194740,CartPole-v1,"CP-ppo-ac-NN(6,6)-(lr=1.0e-5)-(86-params)",classic_NN_6-6,40
56.0,56,194776,CartPole-v1,"CP-ppo-ac-NN(6,6)-(lr=1.0e-5)-(86-params)",classic_NN_6-6,40
17.0,17,194808,CartPole-v1,"CP-ppo-ac-NN(6,6)-(lr=1.0e-5)-(86-params)",classic_NN_6-6,40
29.0,29,194820,CartPole-v1,"CP-ppo-ac-NN(6,6)-(lr=1.0e-5)-(86-params)",classic_NN_6-6,40
37.0,37,194848,CartPole-v1,"CP-ppo-ac-NN(6,6)-(lr=1.0e-5)-(86-params)",classic_NN_6-6,40
13.0,13,194872,CartPole-v1,"CP-ppo-ac-NN(6,6)-(lr=1.0e-5)-(86-params)",classic_NN_6-6,40
25.0,25,194876,CartPole-v1,"CP-ppo-ac-NN(6,6)-(lr=1.0e-5)-(86-params)",classic_NN_6-6,40
19.0,19,194884,CartPole-v1,"CP-ppo-ac-NN(6,6)-(lr=1.0e-5)-(86-params)",classic_NN_6-6,40
11.0,11,194916,CartPole-v1,"CP-ppo-ac-NN(6,6)-(lr=1.0e-5)-(86-params)",classic_NN_6-6,40
18.0,18,194920,CartPole-v1,"CP-ppo-ac-NN(6,6)-(lr=1.0e-5)-(86-params)",classic_NN_6-6,40
15.0,15,194936,CartPole-v1,"CP-ppo-ac-NN(6,6)-(lr=1.0e-5)-(86-params)",classic_NN_6-6,40
10.0,10,194960,CartPole-v1,"CP-ppo-ac-NN(6,6)-(lr=1.0e-5)-(86-params)",classic_NN_6-6,40
25.0,25,194984,CartPole-v1,"CP-ppo-ac-NN(6,6)-(lr=1.0e-5)-(86-params)",classic_NN_6-6,40
17.0,17,194984,CartPole-v1,"CP-ppo-ac-NN(6,6)-(lr=1.0e-5)-(86-params)",classic_NN_6-6,40
13.0,13,194988,CartPole-v1,"CP-ppo-ac-NN(6,6)-(lr=1.0e-5)-(86-params)",classic_NN_6-6,40
16.0,16,195048,CartPole-v1,"CP-ppo-ac-NN(6,6)-(lr=1.0e-5)-(86-params)",classic_NN_6-6,40
15.0,15,195048,CartPole-v1,"CP-ppo-ac-NN(6,6)-(lr=1.0e-5)-(86-params)",classic_NN_6-6,40
29.0,29,195100,CartPole-v1,"CP-ppo-ac-NN(6,6)-(lr=1.0e-5)-(86-params)",classic_NN_6-6,40
19.0,19,195124,CartPole-v1,"CP-ppo-ac-NN(6,6)-(lr=1.0e-5)-(86-params)",classic_NN_6-6,40
53.0,53,195172,CartPole-v1,"CP-ppo-ac-NN(6,6)-(lr=1.0e-5)-(86-params)",classic_NN_6-6,40
33.0,33,195180,CartPole-v1,"CP-ppo-ac-NN(6,6)-(lr=1.0e-5)-(86-params)",classic_NN_6-6,40
24.0,24,195220,CartPole-v1,"CP-ppo-ac-NN(6,6)-(lr=1.0e-5)-(86-params)",classic_NN_6-6,40
18.0,18,195252,CartPole-v1,"CP-ppo-ac-NN(6,6)-(lr=1.0e-5)-(86-params)",classic_NN_6-6,40
38.0,38,195252,CartPole-v1,"CP-ppo-ac-NN(6,6)-(lr=1.0e-5)-(86-params)",classic_NN_6-6,40
17.0,17,195288,CartPole-v1,"CP-ppo-ac-NN(6,6)-(lr=1.0e-5)-(86-params)",classic_NN_6-6,40
18.0,18,195324,CartPole-v1,"CP-ppo-ac-NN(6,6)-(lr=1.0e-5)-(86-params)",classic_NN_6-6,40
42.0,42,195340,CartPole-v1,"CP-ppo-ac-NN(6,6)-(lr=1.0e-5)-(86-params)",classic_NN_6-6,40
26.0,26,195356,CartPole-v1,"CP-ppo-ac-NN(6,6)-(lr=1.0e-5)-(86-params)",classic_NN_6-6,40
13.0,13,195376,CartPole-v1,"CP-ppo-ac-NN(6,6)-(lr=1.0e-5)-(86-params)",classic_NN_6-6,40
28.0,28,195400,CartPole-v1,"CP-ppo-ac-NN(6,6)-(lr=1.0e-5)-(86-params)",classic_NN_6-6,40
16.0,16,195404,CartPole-v1,"CP-ppo-ac-NN(6,6)-(lr=1.0e-5)-(86-params)",classic_NN_6-6,40
18.0,18,195448,CartPole-v1,"CP-ppo-ac-NN(6,6)-(lr=1.0e-5)-(86-params)",classic_NN_6-6,40
19.0,19,195476,CartPole-v1,"CP-ppo-ac-NN(6,6)-(lr=1.0e-5)-(86-params)",classic_NN_6-6,40
21.0,21,195488,CartPole-v1,"CP-ppo-ac-NN(6,6)-(lr=1.0e-5)-(86-params)",classic_NN_6-6,40
46.0,46,195540,CartPole-v1,"CP-ppo-ac-NN(6,6)-(lr=1.0e-5)-(86-params)",classic_NN_6-6,40
24.0,24,195544,CartPole-v1,"CP-ppo-ac-NN(6,6)-(lr=1.0e-5)-(86-params)",classic_NN_6-6,40
11.0,11,195584,CartPole-v1,"CP-ppo-ac-NN(6,6)-(lr=1.0e-5)-(86-params)",classic_NN_6-6,40
34.0,34,195624,CartPole-v1,"CP-ppo-ac-NN(6,6)-(lr=1.0e-5)-(86-params)",classic_NN_6-6,40
20.0,20,195624,CartPole-v1,"CP-ppo-ac-NN(6,6)-(lr=1.0e-5)-(86-params)",classic_NN_6-6,40
46.0,46,195660,CartPole-v1,"CP-ppo-ac-NN(6,6)-(lr=1.0e-5)-(86-params)",classic_NN_6-6,40
21.0,21,195708,CartPole-v1,"CP-ppo-ac-NN(6,6)-(lr=1.0e-5)-(86-params)",classic_NN_6-6,40
24.0,24,195720,CartPole-v1,"CP-ppo-ac-NN(6,6)-(lr=1.0e-5)-(86-params)",classic_NN_6-6,40
15.0,15,195720,CartPole-v1,"CP-ppo-ac-NN(6,6)-(lr=1.0e-5)-(86-params)",classic_NN_6-6,40
39.0,39,195740,CartPole-v1,"CP-ppo-ac-NN(6,6)-(lr=1.0e-5)-(86-params)",classic_NN_6-6,40
27.0,27,195816,CartPole-v1,"CP-ppo-ac-NN(6,6)-(lr=1.0e-5)-(86-params)",classic_NN_6-6,40
25.0,25,195820,CartPole-v1,"CP-ppo-ac-NN(6,6)-(lr=1.0e-5)-(86-params)",classic_NN_6-6,40
26.0,26,195824,CartPole-v1,"CP-ppo-ac-NN(6,6)-(lr=1.0e-5)-(86-params)",classic_NN_6-6,40
23.0,23,195912,CartPole-v1,"CP-ppo-ac-NN(6,6)-(lr=1.0e-5)-(86-params)",classic_NN_6-6,40
30.0,30,195944,CartPole-v1,"CP-ppo-ac-NN(6,6)-(lr=1.0e-5)-(86-params)",classic_NN_6-6,40
64.0,64,195996,CartPole-v1,"CP-ppo-ac-NN(6,6)-(lr=1.0e-5)-(86-params)",classic_NN_6-6,40
30.0,30,196032,CartPole-v1,"CP-ppo-ac-NN(6,6)-(lr=1.0e-5)-(86-params)",classic_NN_6-6,40
18.0,18,196068,CartPole-v1,"CP-ppo-ac-NN(6,6)-(lr=1.0e-5)-(86-params)",classic_NN_6-6,40
31.0,31,196068,CartPole-v1,"CP-ppo-ac-NN(6,6)-(lr=1.0e-5)-(86-params)",classic_NN_6-6,40
72.0,72,196104,CartPole-v1,"CP-ppo-ac-NN(6,6)-(lr=1.0e-5)-(86-params)",classic_NN_6-6,40
12.0,12,196116,CartPole-v1,"CP-ppo-ac-NN(6,6)-(lr=1.0e-5)-(86-params)",classic_NN_6-6,40
23.0,23,196124,CartPole-v1,"CP-ppo-ac-NN(6,6)-(lr=1.0e-5)-(86-params)",classic_NN_6-6,40
14.0,14,196124,CartPole-v1,"CP-ppo-ac-NN(6,6)-(lr=1.0e-5)-(86-params)",classic_NN_6-6,40
25.0,25,196216,CartPole-v1,"CP-ppo-ac-NN(6,6)-(lr=1.0e-5)-(86-params)",classic_NN_6-6,40
31.0,31,196248,CartPole-v1,"CP-ppo-ac-NN(6,6)-(lr=1.0e-5)-(86-params)",classic_NN_6-6,40
45.0,45,196284,CartPole-v1,"CP-ppo-ac-NN(6,6)-(lr=1.0e-5)-(86-params)",classic_NN_6-6,40
20.0,20,196296,CartPole-v1,"CP-ppo-ac-NN(6,6)-(lr=1.0e-5)-(86-params)",classic_NN_6-6,40
27.0,27,196356,CartPole-v1,"CP-ppo-ac-NN(6,6)-(lr=1.0e-5)-(86-params)",classic_NN_6-6,40
58.0,58,196356,CartPole-v1,"CP-ppo-ac-NN(6,6)-(lr=1.0e-5)-(86-params)",classic_NN_6-6,40
25.0,25,196396,CartPole-v1,"CP-ppo-ac-NN(6,6)-(lr=1.0e-5)-(86-params)",classic_NN_6-6,40
34.0,34,196420,CartPole-v1,"CP-ppo-ac-NN(6,6)-(lr=1.0e-5)-(86-params)",classic_NN_6-6,40
28.0,28,196468,CartPole-v1,"CP-ppo-ac-NN(6,6)-(lr=1.0e-5)-(86-params)",classic_NN_6-6,40
16.0,16,196484,CartPole-v1,"CP-ppo-ac-NN(6,6)-(lr=1.0e-5)-(86-params)",classic_NN_6-6,40
50.0,50,196556,CartPole-v1,"CP-ppo-ac-NN(6,6)-(lr=1.0e-5)-(86-params)",classic_NN_6-6,40
40.0,40,196556,CartPole-v1,"CP-ppo-ac-NN(6,6)-(lr=1.0e-5)-(86-params)",classic_NN_6-6,40
22.0,22,196556,CartPole-v1,"CP-ppo-ac-NN(6,6)-(lr=1.0e-5)-(86-params)",classic_NN_6-6,40
10.0,10,196596,CartPole-v1,"CP-ppo-ac-NN(6,6)-(lr=1.0e-5)-(86-params)",classic_NN_6-6,40
35.0,35,196624,CartPole-v1,"CP-ppo-ac-NN(6,6)-(lr=1.0e-5)-(86-params)",classic_NN_6-6,40
25.0,25,196656,CartPole-v1,"CP-ppo-ac-NN(6,6)-(lr=1.0e-5)-(86-params)",classic_NN_6-6,40
43.0,43,196728,CartPole-v1,"CP-ppo-ac-NN(6,6)-(lr=1.0e-5)-(86-params)",classic_NN_6-6,40
36.0,36,196740,CartPole-v1,"CP-ppo-ac-NN(6,6)-(lr=1.0e-5)-(86-params)",classic_NN_6-6,40
23.0,23,196748,CartPole-v1,"CP-ppo-ac-NN(6,6)-(lr=1.0e-5)-(86-params)",classic_NN_6-6,40
15.0,15,196808,CartPole-v1,"CP-ppo-ac-NN(6,6)-(lr=1.0e-5)-(86-params)",classic_NN_6-6,40
23.0,23,196820,CartPole-v1,"CP-ppo-ac-NN(6,6)-(lr=1.0e-5)-(86-params)",classic_NN_6-6,40
29.0,29,196856,CartPole-v1,"CP-ppo-ac-NN(6,6)-(lr=1.0e-5)-(86-params)",classic_NN_6-6,40
63.0,63,196876,CartPole-v1,"CP-ppo-ac-NN(6,6)-(lr=1.0e-5)-(86-params)",classic_NN_6-6,40
19.0,19,196884,CartPole-v1,"CP-ppo-ac-NN(6,6)-(lr=1.0e-5)-(86-params)",classic_NN_6-6,40
15.0,15,196916,CartPole-v1,"CP-ppo-ac-NN(6,6)-(lr=1.0e-5)-(86-params)",classic_NN_6-6,40
12.0,12,196932,CartPole-v1,"CP-ppo-ac-NN(6,6)-(lr=1.0e-5)-(86-params)",classic_NN_6-6,40
24.0,24,197028,CartPole-v1,"CP-ppo-ac-NN(6,6)-(lr=1.0e-5)-(86-params)",classic_NN_6-6,40
28.0,28,197028,CartPole-v1,"CP-ppo-ac-NN(6,6)-(lr=1.0e-5)-(86-params)",classic_NN_6-6,40
61.0,61,197064,CartPole-v1,"CP-ppo-ac-NN(6,6)-(lr=1.0e-5)-(86-params)",classic_NN_6-6,40
12.0,12,197076,CartPole-v1,"CP-ppo-ac-NN(6,6)-(lr=1.0e-5)-(86-params)",classic_NN_6-6,40
50.0,50,197076,CartPole-v1,"CP-ppo-ac-NN(6,6)-(lr=1.0e-5)-(86-params)",classic_NN_6-6,40
17.0,17,197096,CartPole-v1,"CP-ppo-ac-NN(6,6)-(lr=1.0e-5)-(86-params)",classic_NN_6-6,40
18.0,18,197148,CartPole-v1,"CP-ppo-ac-NN(6,6)-(lr=1.0e-5)-(86-params)",classic_NN_6-6,40
25.0,25,197164,CartPole-v1,"CP-ppo-ac-NN(6,6)-(lr=1.0e-5)-(86-params)",classic_NN_6-6,40
24.0,24,197172,CartPole-v1,"CP-ppo-ac-NN(6,6)-(lr=1.0e-5)-(86-params)",classic_NN_6-6,40
21.0,21,197180,CartPole-v1,"CP-ppo-ac-NN(6,6)-(lr=1.0e-5)-(86-params)",classic_NN_6-6,40
22.0,22,197236,CartPole-v1,"CP-ppo-ac-NN(6,6)-(lr=1.0e-5)-(86-params)",classic_NN_6-6,40
17.0,17,197248,CartPole-v1,"CP-ppo-ac-NN(6,6)-(lr=1.0e-5)-(86-params)",classic_NN_6-6,40
27.0,27,197280,CartPole-v1,"CP-ppo-ac-NN(6,6)-(lr=1.0e-5)-(86-params)",classic_NN_6-6,40
11.0,11,197292,CartPole-v1,"CP-ppo-ac-NN(6,6)-(lr=1.0e-5)-(86-params)",classic_NN_6-6,40
32.0,32,197292,CartPole-v1,"CP-ppo-ac-NN(6,6)-(lr=1.0e-5)-(86-params)",classic_NN_6-6,40
18.0,18,197308,CartPole-v1,"CP-ppo-ac-NN(6,6)-(lr=1.0e-5)-(86-params)",classic_NN_6-6,40
13.0,13,197344,CartPole-v1,"CP-ppo-ac-NN(6,6)-(lr=1.0e-5)-(86-params)",classic_NN_6-6,40
26.0,26,197384,CartPole-v1,"CP-ppo-ac-NN(6,6)-(lr=1.0e-5)-(86-params)",classic_NN_6-6,40
26.0,26,197396,CartPole-v1,"CP-ppo-ac-NN(6,6)-(lr=1.0e-5)-(86-params)",classic_NN_6-6,40
13.0,13,197448,CartPole-v1,"CP-ppo-ac-NN(6,6)-(lr=1.0e-5)-(86-params)",classic_NN_6-6,40
19.0,19,197524,CartPole-v1,"CP-ppo-ac-NN(6,6)-(lr=1.0e-5)-(86-params)",classic_NN_6-6,40
54.0,54,197560,CartPole-v1,"CP-ppo-ac-NN(6,6)-(lr=1.0e-5)-(86-params)",classic_NN_6-6,40
55.0,55,197604,CartPole-v1,"CP-ppo-ac-NN(6,6)-(lr=1.0e-5)-(86-params)",classic_NN_6-6,40
75.0,75,197608,CartPole-v1,"CP-ppo-ac-NN(6,6)-(lr=1.0e-5)-(86-params)",classic_NN_6-6,40
14.0,14,197616,CartPole-v1,"CP-ppo-ac-NN(6,6)-(lr=1.0e-5)-(86-params)",classic_NN_6-6,40
24.0,24,197620,CartPole-v1,"CP-ppo-ac-NN(6,6)-(lr=1.0e-5)-(86-params)",classic_NN_6-6,40
10.0,10,197660,CartPole-v1,"CP-ppo-ac-NN(6,6)-(lr=1.0e-5)-(86-params)",classic_NN_6-6,40
19.0,19,197680,CartPole-v1,"CP-ppo-ac-NN(6,6)-(lr=1.0e-5)-(86-params)",classic_NN_6-6,40
22.0,22,197704,CartPole-v1,"CP-ppo-ac-NN(6,6)-(lr=1.0e-5)-(86-params)",classic_NN_6-6,40
37.0,37,197756,CartPole-v1,"CP-ppo-ac-NN(6,6)-(lr=1.0e-5)-(86-params)",classic_NN_6-6,40
24.0,24,197776,CartPole-v1,"CP-ppo-ac-NN(6,6)-(lr=1.0e-5)-(86-params)",classic_NN_6-6,40
32.0,32,197788,CartPole-v1,"CP-ppo-ac-NN(6,6)-(lr=1.0e-5)-(86-params)",classic_NN_6-6,40
17.0,17,197824,CartPole-v1,"CP-ppo-ac-NN(6,6)-(lr=1.0e-5)-(86-params)",classic_NN_6-6,40
18.0,18,197848,CartPole-v1,"CP-ppo-ac-NN(6,6)-(lr=1.0e-5)-(86-params)",classic_NN_6-6,40
47.0,47,197892,CartPole-v1,"CP-ppo-ac-NN(6,6)-(lr=1.0e-5)-(86-params)",classic_NN_6-6,40
29.0,29,197904,CartPole-v1,"CP-ppo-ac-NN(6,6)-(lr=1.0e-5)-(86-params)",classic_NN_6-6,40
20.0,20,197928,CartPole-v1,"CP-ppo-ac-NN(6,6)-(lr=1.0e-5)-(86-params)",classic_NN_6-6,40
13.0,13,197944,CartPole-v1,"CP-ppo-ac-NN(6,6)-(lr=1.0e-5)-(86-params)",classic_NN_6-6,40
11.0,11,197972,CartPole-v1,"CP-ppo-ac-NN(6,6)-(lr=1.0e-5)-(86-params)",classic_NN_6-6,40
39.0,39,197980,CartPole-v1,"CP-ppo-ac-NN(6,6)-(lr=1.0e-5)-(86-params)",classic_NN_6-6,40
29.0,29,198020,CartPole-v1,"CP-ppo-ac-NN(6,6)-(lr=1.0e-5)-(86-params)",classic_NN_6-6,40
23.0,23,198036,CartPole-v1,"CP-ppo-ac-NN(6,6)-(lr=1.0e-5)-(86-params)",classic_NN_6-6,40
35.0,35,198112,CartPole-v1,"CP-ppo-ac-NN(6,6)-(lr=1.0e-5)-(86-params)",classic_NN_6-6,40
37.0,37,198128,CartPole-v1,"CP-ppo-ac-NN(6,6)-(lr=1.0e-5)-(86-params)",classic_NN_6-6,40
30.0,30,198156,CartPole-v1,"CP-ppo-ac-NN(6,6)-(lr=1.0e-5)-(86-params)",classic_NN_6-6,40
42.0,42,198188,CartPole-v1,"CP-ppo-ac-NN(6,6)-(lr=1.0e-5)-(86-params)",classic_NN_6-6,40
24.0,24,198224,CartPole-v1,"CP-ppo-ac-NN(6,6)-(lr=1.0e-5)-(86-params)",classic_NN_6-6,40
29.0,29,198228,CartPole-v1,"CP-ppo-ac-NN(6,6)-(lr=1.0e-5)-(86-params)",classic_NN_6-6,40
18.0,18,198228,CartPole-v1,"CP-ppo-ac-NN(6,6)-(lr=1.0e-5)-(86-params)",classic_NN_6-6,40
10.0,10,198268,CartPole-v1,"CP-ppo-ac-NN(6,6)-(lr=1.0e-5)-(86-params)",classic_NN_6-6,40
16.0,16,198288,CartPole-v1,"CP-ppo-ac-NN(6,6)-(lr=1.0e-5)-(86-params)",classic_NN_6-6,40
24.0,24,198324,CartPole-v1,"CP-ppo-ac-NN(6,6)-(lr=1.0e-5)-(86-params)",classic_NN_6-6,40
39.0,39,198344,CartPole-v1,"CP-ppo-ac-NN(6,6)-(lr=1.0e-5)-(86-params)",classic_NN_6-6,40
23.0,23,198360,CartPole-v1,"CP-ppo-ac-NN(6,6)-(lr=1.0e-5)-(86-params)",classic_NN_6-6,40
20.0,20,198368,CartPole-v1,"CP-ppo-ac-NN(6,6)-(lr=1.0e-5)-(86-params)",classic_NN_6-6,40
11.0,11,198368,CartPole-v1,"CP-ppo-ac-NN(6,6)-(lr=1.0e-5)-(86-params)",classic_NN_6-6,40
10.0,10,198400,CartPole-v1,"CP-ppo-ac-NN(6,6)-(lr=1.0e-5)-(86-params)",classic_NN_6-6,40
16.0,16,198408,CartPole-v1,"CP-ppo-ac-NN(6,6)-(lr=1.0e-5)-(86-params)",classic_NN_6-6,40
11.0,11,198412,CartPole-v1,"CP-ppo-ac-NN(6,6)-(lr=1.0e-5)-(86-params)",classic_NN_6-6,40
12.0,12,198416,CartPole-v1,"CP-ppo-ac-NN(6,6)-(lr=1.0e-5)-(86-params)",classic_NN_6-6,40
12.0,12,198456,CartPole-v1,"CP-ppo-ac-NN(6,6)-(lr=1.0e-5)-(86-params)",classic_NN_6-6,40
23.0,23,198548,CartPole-v1,"CP-ppo-ac-NN(6,6)-(lr=1.0e-5)-(86-params)",classic_NN_6-6,40
34.0,34,198548,CartPole-v1,"CP-ppo-ac-NN(6,6)-(lr=1.0e-5)-(86-params)",classic_NN_6-6,40
40.0,40,198576,CartPole-v1,"CP-ppo-ac-NN(6,6)-(lr=1.0e-5)-(86-params)",classic_NN_6-6,40
19.0,19,198624,CartPole-v1,"CP-ppo-ac-NN(6,6)-(lr=1.0e-5)-(86-params)",classic_NN_6-6,40
67.0,67,198668,CartPole-v1,"CP-ppo-ac-NN(6,6)-(lr=1.0e-5)-(86-params)",classic_NN_6-6,40
18.0,18,198696,CartPole-v1,"CP-ppo-ac-NN(6,6)-(lr=1.0e-5)-(86-params)",classic_NN_6-6,40
40.0,40,198708,CartPole-v1,"CP-ppo-ac-NN(6,6)-(lr=1.0e-5)-(86-params)",classic_NN_6-6,40
13.0,13,198720,CartPole-v1,"CP-ppo-ac-NN(6,6)-(lr=1.0e-5)-(86-params)",classic_NN_6-6,40
48.0,48,198768,CartPole-v1,"CP-ppo-ac-NN(6,6)-(lr=1.0e-5)-(86-params)",classic_NN_6-6,40
20.0,20,198788,CartPole-v1,"CP-ppo-ac-NN(6,6)-(lr=1.0e-5)-(86-params)",classic_NN_6-6,40
18.0,18,198792,CartPole-v1,"CP-ppo-ac-NN(6,6)-(lr=1.0e-5)-(86-params)",classic_NN_6-6,40
30.0,30,198816,CartPole-v1,"CP-ppo-ac-NN(6,6)-(lr=1.0e-5)-(86-params)",classic_NN_6-6,40
14.0,14,198844,CartPole-v1,"CP-ppo-ac-NN(6,6)-(lr=1.0e-5)-(86-params)",classic_NN_6-6,40
23.0,23,198860,CartPole-v1,"CP-ppo-ac-NN(6,6)-(lr=1.0e-5)-(86-params)",classic_NN_6-6,40
29.0,29,198908,CartPole-v1,"CP-ppo-ac-NN(6,6)-(lr=1.0e-5)-(86-params)",classic_NN_6-6,40
14.0,14,198964,CartPole-v1,"CP-ppo-ac-NN(6,6)-(lr=1.0e-5)-(86-params)",classic_NN_6-6,40
26.0,26,198964,CartPole-v1,"CP-ppo-ac-NN(6,6)-(lr=1.0e-5)-(86-params)",classic_NN_6-6,40
33.0,33,198976,CartPole-v1,"CP-ppo-ac-NN(6,6)-(lr=1.0e-5)-(86-params)",classic_NN_6-6,40
17.0,17,199032,CartPole-v1,"CP-ppo-ac-NN(6,6)-(lr=1.0e-5)-(86-params)",classic_NN_6-6,40
17.0,17,199032,CartPole-v1,"CP-ppo-ac-NN(6,6)-(lr=1.0e-5)-(86-params)",classic_NN_6-6,40
60.0,60,199056,CartPole-v1,"CP-ppo-ac-NN(6,6)-(lr=1.0e-5)-(86-params)",classic_NN_6-6,40
17.0,17,199100,CartPole-v1,"CP-ppo-ac-NN(6,6)-(lr=1.0e-5)-(86-params)",classic_NN_6-6,40
21.0,21,199116,CartPole-v1,"CP-ppo-ac-NN(6,6)-(lr=1.0e-5)-(86-params)",classic_NN_6-6,40
36.0,36,199200,CartPole-v1,"CP-ppo-ac-NN(6,6)-(lr=1.0e-5)-(86-params)",classic_NN_6-6,40
57.0,57,199204,CartPole-v1,"CP-ppo-ac-NN(6,6)-(lr=1.0e-5)-(86-params)",classic_NN_6-6,40
30.0,30,199220,CartPole-v1,"CP-ppo-ac-NN(6,6)-(lr=1.0e-5)-(86-params)",classic_NN_6-6,40
35.0,35,199256,CartPole-v1,"CP-ppo-ac-NN(6,6)-(lr=1.0e-5)-(86-params)",classic_NN_6-6,40
23.0,23,199312,CartPole-v1,"CP-ppo-ac-NN(6,6)-(lr=1.0e-5)-(86-params)",classic_NN_6-6,40
28.0,28,199316,CartPole-v1,"CP-ppo-ac-NN(6,6)-(lr=1.0e-5)-(86-params)",classic_NN_6-6,40
16.0,16,199320,CartPole-v1,"CP-ppo-ac-NN(6,6)-(lr=1.0e-5)-(86-params)",classic_NN_6-6,40
38.0,38,199352,CartPole-v1,"CP-ppo-ac-NN(6,6)-(lr=1.0e-5)-(86-params)",classic_NN_6-6,40
11.0,11,199360,CartPole-v1,"CP-ppo-ac-NN(6,6)-(lr=1.0e-5)-(86-params)",classic_NN_6-6,40
26.0,26,199424,CartPole-v1,"CP-ppo-ac-NN(6,6)-(lr=1.0e-5)-(86-params)",classic_NN_6-6,40
22.0,22,199448,CartPole-v1,"CP-ppo-ac-NN(6,6)-(lr=1.0e-5)-(86-params)",classic_NN_6-6,40
27.0,27,199460,CartPole-v1,"CP-ppo-ac-NN(6,6)-(lr=1.0e-5)-(86-params)",classic_NN_6-6,40
12.0,12,199508,CartPole-v1,"CP-ppo-ac-NN(6,6)-(lr=1.0e-5)-(86-params)",classic_NN_6-6,40
14.0,14,199564,CartPole-v1,"CP-ppo-ac-NN(6,6)-(lr=1.0e-5)-(86-params)",classic_NN_6-6,40
63.0,63,199564,CartPole-v1,"CP-ppo-ac-NN(6,6)-(lr=1.0e-5)-(86-params)",classic_NN_6-6,40
38.0,38,199576,CartPole-v1,"CP-ppo-ac-NN(6,6)-(lr=1.0e-5)-(86-params)",classic_NN_6-6,40
13.0,13,199628,CartPole-v1,"CP-ppo-ac-NN(6,6)-(lr=1.0e-5)-(86-params)",classic_NN_6-6,40
20.0,20,199644,CartPole-v1,"CP-ppo-ac-NN(6,6)-(lr=1.0e-5)-(86-params)",classic_NN_6-6,40
20.0,20,199644,CartPole-v1,"CP-ppo-ac-NN(6,6)-(lr=1.0e-5)-(86-params)",classic_NN_6-6,40
17.0,17,199712,CartPole-v1,"CP-ppo-ac-NN(6,6)-(lr=1.0e-5)-(86-params)",classic_NN_6-6,40
28.0,28,199756,CartPole-v1,"CP-ppo-ac-NN(6,6)-(lr=1.0e-5)-(86-params)",classic_NN_6-6,40
80.0,80,199768,CartPole-v1,"CP-ppo-ac-NN(6,6)-(lr=1.0e-5)-(86-params)",classic_NN_6-6,40
46.0,46,199812,CartPole-v1,"CP-ppo-ac-NN(6,6)-(lr=1.0e-5)-(86-params)",classic_NN_6-6,40
18.0,18,199840,CartPole-v1,"CP-ppo-ac-NN(6,6)-(lr=1.0e-5)-(86-params)",classic_NN_6-6,40
27.0,27,199864,CartPole-v1,"CP-ppo-ac-NN(6,6)-(lr=1.0e-5)-(86-params)",classic_NN_6-6,40
21.0,21,199924,CartPole-v1,"CP-ppo-ac-NN(6,6)-(lr=1.0e-5)-(86-params)",classic_NN_6-6,40
21.0,21,199948,CartPole-v1,"CP-ppo-ac-NN(6,6)-(lr=1.0e-5)-(86-params)",classic_NN_6-6,40
66.0,66,199976,CartPole-v1,"CP-ppo-ac-NN(6,6)-(lr=1.0e-5)-(86-params)",classic_NN_6-6,40
43.0,43,199984,CartPole-v1,"CP-ppo-ac-NN(6,6)-(lr=1.0e-5)-(86-params)",classic_NN_6-6,40
17.0,17,199992,CartPole-v1,"CP-ppo-ac-NN(6,6)-(lr=1.0e-5)-(86-params)",classic_NN_6-6,40
16.0,16,200040,CartPole-v1,"CP-ppo-ac-NN(6,6)-(lr=1.0e-5)-(86-params)",classic_NN_6-6,40
19.0,19,200068,CartPole-v1,"CP-ppo-ac-NN(6,6)-(lr=1.0e-5)-(86-params)",classic_NN_6-6,40
22.0,22,200072,CartPole-v1,"CP-ppo-ac-NN(6,6)-(lr=1.0e-5)-(86-params)",classic_NN_6-6,40
18.0,18,200112,CartPole-v1,"CP-ppo-ac-NN(6,6)-(lr=1.0e-5)-(86-params)",classic_NN_6-6,40
18.0,18,200144,CartPole-v1,"CP-ppo-ac-NN(6,6)-(lr=1.0e-5)-(86-params)",classic_NN_6-6,40
10.0,10,200152,CartPole-v1,"CP-ppo-ac-NN(6,6)-(lr=1.0e-5)-(86-params)",classic_NN_6-6,40
63.0,63,200200,CartPole-v1,"CP-ppo-ac-NN(6,6)-(lr=1.0e-5)-(86-params)",classic_NN_6-6,40
37.0,37,200216,CartPole-v1,"CP-ppo-ac-NN(6,6)-(lr=1.0e-5)-(86-params)",classic_NN_6-6,40
13.0,13,200252,CartPole-v1,"CP-ppo-ac-NN(6,6)-(lr=1.0e-5)-(86-params)",classic_NN_6-6,40
23.0,23,200308,CartPole-v1,"CP-ppo-ac-NN(6,6)-(lr=1.0e-5)-(86-params)",classic_NN_6-6,40
27.0,27,200360,CartPole-v1,"CP-ppo-ac-NN(6,6)-(lr=1.0e-5)-(86-params)",classic_NN_6-6,40
59.0,59,200388,CartPole-v1,"CP-ppo-ac-NN(6,6)-(lr=1.0e-5)-(86-params)",classic_NN_6-6,40
61.0,61,200388,CartPole-v1,"CP-ppo-ac-NN(6,6)-(lr=1.0e-5)-(86-params)",classic_NN_6-6,40
21.0,21,200392,CartPole-v1,"CP-ppo-ac-NN(6,6)-(lr=1.0e-5)-(86-params)",classic_NN_6-6,40
14.0,14,200448,CartPole-v1,"CP-ppo-ac-NN(6,6)-(lr=1.0e-5)-(86-params)",classic_NN_6-6,40
20.0,20,200468,CartPole-v1,"CP-ppo-ac-NN(6,6)-(lr=1.0e-5)-(86-params)",classic_NN_6-6,40
28.0,28,200472,CartPole-v1,"CP-ppo-ac-NN(6,6)-(lr=1.0e-5)-(86-params)",classic_NN_6-6,40
25.0,25,200488,CartPole-v1,"CP-ppo-ac-NN(6,6)-(lr=1.0e-5)-(86-params)",classic_NN_6-6,40
21.0,21,200532,CartPole-v1,"CP-ppo-ac-NN(6,6)-(lr=1.0e-5)-(86-params)",classic_NN_6-6,40
17.0,17,200556,CartPole-v1,"CP-ppo-ac-NN(6,6)-(lr=1.0e-5)-(86-params)",classic_NN_6-6,40
28.0,28,200580,CartPole-v1,"CP-ppo-ac-NN(6,6)-(lr=1.0e-5)-(86-params)",classic_NN_6-6,40
17.0,17,200600,CartPole-v1,"CP-ppo-ac-NN(6,6)-(lr=1.0e-5)-(86-params)",classic_NN_6-6,40
33.0,33,200604,CartPole-v1,"CP-ppo-ac-NN(6,6)-(lr=1.0e-5)-(86-params)",classic_NN_6-6,40
17.0,17,200624,CartPole-v1,"CP-ppo-ac-NN(6,6)-(lr=1.0e-5)-(86-params)",classic_NN_6-6,40
20.0,20,200660,CartPole-v1,"CP-ppo-ac-NN(6,6)-(lr=1.0e-5)-(86-params)",classic_NN_6-6,40
23.0,23,200696,CartPole-v1,"CP-ppo-ac-NN(6,6)-(lr=1.0e-5)-(86-params)",classic_NN_6-6,40
28.0,28,200712,CartPole-v1,"CP-ppo-ac-NN(6,6)-(lr=1.0e-5)-(86-params)",classic_NN_6-6,40
24.0,24,200756,CartPole-v1,"CP-ppo-ac-NN(6,6)-(lr=1.0e-5)-(86-params)",classic_NN_6-6,40
11.0,11,200756,CartPole-v1,"CP-ppo-ac-NN(6,6)-(lr=1.0e-5)-(86-params)",classic_NN_6-6,40
26.0,26,200800,CartPole-v1,"CP-ppo-ac-NN(6,6)-(lr=1.0e-5)-(86-params)",classic_NN_6-6,40
12.0,12,200804,CartPole-v1,"CP-ppo-ac-NN(6,6)-(lr=1.0e-5)-(86-params)",classic_NN_6-6,40
46.0,46,200808,CartPole-v1,"CP-ppo-ac-NN(6,6)-(lr=1.0e-5)-(86-params)",classic_NN_6-6,40
33.0,33,200936,CartPole-v1,"CP-ppo-ac-NN(6,6)-(lr=1.0e-5)-(86-params)",classic_NN_6-6,40
51.0,51,200960,CartPole-v1,"CP-ppo-ac-NN(6,6)-(lr=1.0e-5)-(86-params)",classic_NN_6-6,40
41.0,41,200964,CartPole-v1,"CP-ppo-ac-NN(6,6)-(lr=1.0e-5)-(86-params)",classic_NN_6-6,40
12.0,12,200984,CartPole-v1,"CP-ppo-ac-NN(6,6)-(lr=1.0e-5)-(86-params)",classic_NN_6-6,40
10.0,10,201004,CartPole-v1,"CP-ppo-ac-NN(6,6)-(lr=1.0e-5)-(86-params)",classic_NN_6-6,40
29.0,29,201076,CartPole-v1,"CP-ppo-ac-NN(6,6)-(lr=1.0e-5)-(86-params)",classic_NN_6-6,40
27.0,27,201092,CartPole-v1,"CP-ppo-ac-NN(6,6)-(lr=1.0e-5)-(86-params)",classic_NN_6-6,40
26.0,26,201108,CartPole-v1,"CP-ppo-ac-NN(6,6)-(lr=1.0e-5)-(86-params)",classic_NN_6-6,40
78.0,78,201120,CartPole-v1,"CP-ppo-ac-NN(6,6)-(lr=1.0e-5)-(86-params)",classic_NN_6-6,40
21.0,21,201160,CartPole-v1,"CP-ppo-ac-NN(6,6)-(lr=1.0e-5)-(86-params)",classic_NN_6-6,40
16.0,16,201172,CartPole-v1,"CP-ppo-ac-NN(6,6)-(lr=1.0e-5)-(86-params)",classic_NN_6-6,40
28.0,28,201204,CartPole-v1,"CP-ppo-ac-NN(6,6)-(lr=1.0e-5)-(86-params)",classic_NN_6-6,40
21.0,21,201204,CartPole-v1,"CP-ppo-ac-NN(6,6)-(lr=1.0e-5)-(86-params)",classic_NN_6-6,40
18.0,18,201232,CartPole-v1,"CP-ppo-ac-NN(6,6)-(lr=1.0e-5)-(86-params)",classic_NN_6-6,40
16.0,16,201268,CartPole-v1,"CP-ppo-ac-NN(6,6)-(lr=1.0e-5)-(86-params)",classic_NN_6-6,40
28.0,28,201316,CartPole-v1,"CP-ppo-ac-NN(6,6)-(lr=1.0e-5)-(86-params)",classic_NN_6-6,40
12.0,12,201316,CartPole-v1,"CP-ppo-ac-NN(6,6)-(lr=1.0e-5)-(86-params)",classic_NN_6-6,40
43.0,43,201344,CartPole-v1,"CP-ppo-ac-NN(6,6)-(lr=1.0e-5)-(86-params)",classic_NN_6-6,40
15.0,15,201376,CartPole-v1,"CP-ppo-ac-NN(6,6)-(lr=1.0e-5)-(86-params)",classic_NN_6-6,40
25.0,25,201416,CartPole-v1,"CP-ppo-ac-NN(6,6)-(lr=1.0e-5)-(86-params)",classic_NN_6-6,40
47.0,47,201420,CartPole-v1,"CP-ppo-ac-NN(6,6)-(lr=1.0e-5)-(86-params)",classic_NN_6-6,40
14.0,14,201432,CartPole-v1,"CP-ppo-ac-NN(6,6)-(lr=1.0e-5)-(86-params)",classic_NN_6-6,40
11.0,11,201460,CartPole-v1,"CP-ppo-ac-NN(6,6)-(lr=1.0e-5)-(86-params)",classic_NN_6-6,40
37.0,37,201492,CartPole-v1,"CP-ppo-ac-NN(6,6)-(lr=1.0e-5)-(86-params)",classic_NN_6-6,40
13.0,13,201512,CartPole-v1,"CP-ppo-ac-NN(6,6)-(lr=1.0e-5)-(86-params)",classic_NN_6-6,40
20.0,20,201512,CartPole-v1,"CP-ppo-ac-NN(6,6)-(lr=1.0e-5)-(86-params)",classic_NN_6-6,40
25.0,25,201520,CartPole-v1,"CP-ppo-ac-NN(6,6)-(lr=1.0e-5)-(86-params)",classic_NN_6-6,40
8.0,8,201544,CartPole-v1,"CP-ppo-ac-NN(6,6)-(lr=1.0e-5)-(86-params)",classic_NN_6-6,40
17.0,17,201612,CartPole-v1,"CP-ppo-ac-NN(6,6)-(lr=1.0e-5)-(86-params)",classic_NN_6-6,40
23.0,23,201612,CartPole-v1,"CP-ppo-ac-NN(6,6)-(lr=1.0e-5)-(86-params)",classic_NN_6-6,40
31.0,31,201616,CartPole-v1,"CP-ppo-ac-NN(6,6)-(lr=1.0e-5)-(86-params)",classic_NN_6-6,40
31.0,31,201636,CartPole-v1,"CP-ppo-ac-NN(6,6)-(lr=1.0e-5)-(86-params)",classic_NN_6-6,40
25.0,25,201712,CartPole-v1,"CP-ppo-ac-NN(6,6)-(lr=1.0e-5)-(86-params)",classic_NN_6-6,40
24.0,24,201732,CartPole-v1,"CP-ppo-ac-NN(6,6)-(lr=1.0e-5)-(86-params)",classic_NN_6-6,40
34.0,34,201748,CartPole-v1,"CP-ppo-ac-NN(6,6)-(lr=1.0e-5)-(86-params)",classic_NN_6-6,40
16.0,16,201776,CartPole-v1,"CP-ppo-ac-NN(6,6)-(lr=1.0e-5)-(86-params)",classic_NN_6-6,40
16.0,16,201812,CartPole-v1,"CP-ppo-ac-NN(6,6)-(lr=1.0e-5)-(86-params)",classic_NN_6-6,40
56.0,56,201840,CartPole-v1,"CP-ppo-ac-NN(6,6)-(lr=1.0e-5)-(86-params)",classic_NN_6-6,40
27.0,27,201840,CartPole-v1,"CP-ppo-ac-NN(6,6)-(lr=1.0e-5)-(86-params)",classic_NN_6-6,40
18.0,18,201848,CartPole-v1,"CP-ppo-ac-NN(6,6)-(lr=1.0e-5)-(86-params)",classic_NN_6-6,40
21.0,21,201896,CartPole-v1,"CP-ppo-ac-NN(6,6)-(lr=1.0e-5)-(86-params)",classic_NN_6-6,40
27.0,27,201948,CartPole-v1,"CP-ppo-ac-NN(6,6)-(lr=1.0e-5)-(86-params)",classic_NN_6-6,40
32.0,32,201976,CartPole-v1,"CP-ppo-ac-NN(6,6)-(lr=1.0e-5)-(86-params)",classic_NN_6-6,40
35.0,35,201980,CartPole-v1,"CP-ppo-ac-NN(6,6)-(lr=1.0e-5)-(86-params)",classic_NN_6-6,40
16.0,16,202040,CartPole-v1,"CP-ppo-ac-NN(6,6)-(lr=1.0e-5)-(86-params)",classic_NN_6-6,40
40.0,40,202056,CartPole-v1,"CP-ppo-ac-NN(6,6)-(lr=1.0e-5)-(86-params)",classic_NN_6-6,40
31.0,31,202072,CartPole-v1,"CP-ppo-ac-NN(6,6)-(lr=1.0e-5)-(86-params)",classic_NN_6-6,40
15.0,15,202100,CartPole-v1,"CP-ppo-ac-NN(6,6)-(lr=1.0e-5)-(86-params)",classic_NN_6-6,40
39.0,39,202136,CartPole-v1,"CP-ppo-ac-NN(6,6)-(lr=1.0e-5)-(86-params)",classic_NN_6-6,40
20.0,20,202136,CartPole-v1,"CP-ppo-ac-NN(6,6)-(lr=1.0e-5)-(86-params)",classic_NN_6-6,40
23.0,23,202164,CartPole-v1,"CP-ppo-ac-NN(6,6)-(lr=1.0e-5)-(86-params)",classic_NN_6-6,40
19.0,19,202176,CartPole-v1,"CP-ppo-ac-NN(6,6)-(lr=1.0e-5)-(86-params)",classic_NN_6-6,40
17.0,17,202204,CartPole-v1,"CP-ppo-ac-NN(6,6)-(lr=1.0e-5)-(86-params)",classic_NN_6-6,40
16.0,16,202268,CartPole-v1,"CP-ppo-ac-NN(6,6)-(lr=1.0e-5)-(86-params)",classic_NN_6-6,40
35.0,35,202304,CartPole-v1,"CP-ppo-ac-NN(6,6)-(lr=1.0e-5)-(86-params)",classic_NN_6-6,40
18.0,18,202340,CartPole-v1,"CP-ppo-ac-NN(6,6)-(lr=1.0e-5)-(86-params)",classic_NN_6-6,40
65.0,65,202396,CartPole-v1,"CP-ppo-ac-NN(6,6)-(lr=1.0e-5)-(86-params)",classic_NN_6-6,40
24.0,24,202400,CartPole-v1,"CP-ppo-ac-NN(6,6)-(lr=1.0e-5)-(86-params)",classic_NN_6-6,40
58.0,58,202408,CartPole-v1,"CP-ppo-ac-NN(6,6)-(lr=1.0e-5)-(86-params)",classic_NN_6-6,40
23.0,23,202432,CartPole-v1,"CP-ppo-ac-NN(6,6)-(lr=1.0e-5)-(86-params)",classic_NN_6-6,40
17.0,17,202464,CartPole-v1,"CP-ppo-ac-NN(6,6)-(lr=1.0e-5)-(86-params)",classic_NN_6-6,40
25.0,25,202532,CartPole-v1,"CP-ppo-ac-NN(6,6)-(lr=1.0e-5)-(86-params)",classic_NN_6-6,40
36.0,36,202552,CartPole-v1,"CP-ppo-ac-NN(6,6)-(lr=1.0e-5)-(86-params)",classic_NN_6-6,40
42.0,42,202568,CartPole-v1,"CP-ppo-ac-NN(6,6)-(lr=1.0e-5)-(86-params)",classic_NN_6-6,40
50.0,50,202664,CartPole-v1,"CP-ppo-ac-NN(6,6)-(lr=1.0e-5)-(86-params)",classic_NN_6-6,40
27.0,27,202676,CartPole-v1,"CP-ppo-ac-NN(6,6)-(lr=1.0e-5)-(86-params)",classic_NN_6-6,40
34.0,34,202688,CartPole-v1,"CP-ppo-ac-NN(6,6)-(lr=1.0e-5)-(86-params)",classic_NN_6-6,40
12.0,12,202712,CartPole-v1,"CP-ppo-ac-NN(6,6)-(lr=1.0e-5)-(86-params)",classic_NN_6-6,40
19.0,19,202764,CartPole-v1,"CP-ppo-ac-NN(6,6)-(lr=1.0e-5)-(86-params)",classic_NN_6-6,40
40.0,40,202836,CartPole-v1,"CP-ppo-ac-NN(6,6)-(lr=1.0e-5)-(86-params)",classic_NN_6-6,40
91.0,91,202896,CartPole-v1,"CP-ppo-ac-NN(6,6)-(lr=1.0e-5)-(86-params)",classic_NN_6-6,40
33.0,33,202896,CartPole-v1,"CP-ppo-ac-NN(6,6)-(lr=1.0e-5)-(86-params)",classic_NN_6-6,40
49.0,49,202908,CartPole-v1,"CP-ppo-ac-NN(6,6)-(lr=1.0e-5)-(86-params)",classic_NN_6-6,40
27.0,27,202944,CartPole-v1,"CP-ppo-ac-NN(6,6)-(lr=1.0e-5)-(86-params)",classic_NN_6-6,40
17.0,17,202964,CartPole-v1,"CP-ppo-ac-NN(6,6)-(lr=1.0e-5)-(86-params)",classic_NN_6-6,40
9.0,9,202980,CartPole-v1,"CP-ppo-ac-NN(6,6)-(lr=1.0e-5)-(86-params)",classic_NN_6-6,40
26.0,26,203012,CartPole-v1,"CP-ppo-ac-NN(6,6)-(lr=1.0e-5)-(86-params)",classic_NN_6-6,40
22.0,22,203052,CartPole-v1,"CP-ppo-ac-NN(6,6)-(lr=1.0e-5)-(86-params)",classic_NN_6-6,40
26.0,26,203084,CartPole-v1,"CP-ppo-ac-NN(6,6)-(lr=1.0e-5)-(86-params)",classic_NN_6-6,40
26.0,26,203156,CartPole-v1,"CP-ppo-ac-NN(6,6)-(lr=1.0e-5)-(86-params)",classic_NN_6-6,40
65.0,65,203156,CartPole-v1,"CP-ppo-ac-NN(6,6)-(lr=1.0e-5)-(86-params)",classic_NN_6-6,40
23.0,23,203176,CartPole-v1,"CP-ppo-ac-NN(6,6)-(lr=1.0e-5)-(86-params)",classic_NN_6-6,40
47.0,47,203200,CartPole-v1,"CP-ppo-ac-NN(6,6)-(lr=1.0e-5)-(86-params)",classic_NN_6-6,40
16.0,16,203220,CartPole-v1,"CP-ppo-ac-NN(6,6)-(lr=1.0e-5)-(86-params)",classic_NN_6-6,40
17.0,17,203244,CartPole-v1,"CP-ppo-ac-NN(6,6)-(lr=1.0e-5)-(86-params)",classic_NN_6-6,40
25.0,25,203256,CartPole-v1,"CP-ppo-ac-NN(6,6)-(lr=1.0e-5)-(86-params)",classic_NN_6-6,40
20.0,20,203280,CartPole-v1,"CP-ppo-ac-NN(6,6)-(lr=1.0e-5)-(86-params)",classic_NN_6-6,40
10.0,10,203296,CartPole-v1,"CP-ppo-ac-NN(6,6)-(lr=1.0e-5)-(86-params)",classic_NN_6-6,40
19.0,19,203296,CartPole-v1,"CP-ppo-ac-NN(6,6)-(lr=1.0e-5)-(86-params)",classic_NN_6-6,40
23.0,23,203372,CartPole-v1,"CP-ppo-ac-NN(6,6)-(lr=1.0e-5)-(86-params)",classic_NN_6-6,40
23.0,23,203388,CartPole-v1,"CP-ppo-ac-NN(6,6)-(lr=1.0e-5)-(86-params)",classic_NN_6-6,40
54.0,54,203460,CartPole-v1,"CP-ppo-ac-NN(6,6)-(lr=1.0e-5)-(86-params)",classic_NN_6-6,40
19.0,19,203464,CartPole-v1,"CP-ppo-ac-NN(6,6)-(lr=1.0e-5)-(86-params)",classic_NN_6-6,40
16.0,16,203524,CartPole-v1,"CP-ppo-ac-NN(6,6)-(lr=1.0e-5)-(86-params)",classic_NN_6-6,40
17.0,17,203532,CartPole-v1,"CP-ppo-ac-NN(6,6)-(lr=1.0e-5)-(86-params)",classic_NN_6-6,40
62.0,62,203544,CartPole-v1,"CP-ppo-ac-NN(6,6)-(lr=1.0e-5)-(86-params)",classic_NN_6-6,40
10.0,10,203584,CartPole-v1,"CP-ppo-ac-NN(6,6)-(lr=1.0e-5)-(86-params)",classic_NN_6-6,40
59.0,59,203608,CartPole-v1,"CP-ppo-ac-NN(6,6)-(lr=1.0e-5)-(86-params)",classic_NN_6-6,40
33.0,33,203664,CartPole-v1,"CP-ppo-ac-NN(6,6)-(lr=1.0e-5)-(86-params)",classic_NN_6-6,40
38.0,38,203676,CartPole-v1,"CP-ppo-ac-NN(6,6)-(lr=1.0e-5)-(86-params)",classic_NN_6-6,40
23.0,23,203700,CartPole-v1,"CP-ppo-ac-NN(6,6)-(lr=1.0e-5)-(86-params)",classic_NN_6-6,40
35.0,35,203724,CartPole-v1,"CP-ppo-ac-NN(6,6)-(lr=1.0e-5)-(86-params)",classic_NN_6-6,40
20.0,20,203744,CartPole-v1,"CP-ppo-ac-NN(6,6)-(lr=1.0e-5)-(86-params)",classic_NN_6-6,40
11.0,11,203744,CartPole-v1,"CP-ppo-ac-NN(6,6)-(lr=1.0e-5)-(86-params)",classic_NN_6-6,40
33.0,33,203808,CartPole-v1,"CP-ppo-ac-NN(6,6)-(lr=1.0e-5)-(86-params)",classic_NN_6-6,40
23.0,23,203816,CartPole-v1,"CP-ppo-ac-NN(6,6)-(lr=1.0e-5)-(86-params)",classic_NN_6-6,40
21.0,21,203828,CartPole-v1,"CP-ppo-ac-NN(6,6)-(lr=1.0e-5)-(86-params)",classic_NN_6-6,40
33.0,33,203876,CartPole-v1,"CP-ppo-ac-NN(6,6)-(lr=1.0e-5)-(86-params)",classic_NN_6-6,40
18.0,18,203900,CartPole-v1,"CP-ppo-ac-NN(6,6)-(lr=1.0e-5)-(86-params)",classic_NN_6-6,40
23.0,23,203900,CartPole-v1,"CP-ppo-ac-NN(6,6)-(lr=1.0e-5)-(86-params)",classic_NN_6-6,40
14.0,14,203932,CartPole-v1,"CP-ppo-ac-NN(6,6)-(lr=1.0e-5)-(86-params)",classic_NN_6-6,40
40.0,40,203976,CartPole-v1,"CP-ppo-ac-NN(6,6)-(lr=1.0e-5)-(86-params)",classic_NN_6-6,40
21.0,21,203984,CartPole-v1,"CP-ppo-ac-NN(6,6)-(lr=1.0e-5)-(86-params)",classic_NN_6-6,40
22.0,22,204020,CartPole-v1,"CP-ppo-ac-NN(6,6)-(lr=1.0e-5)-(86-params)",classic_NN_6-6,40
18.0,18,204048,CartPole-v1,"CP-ppo-ac-NN(6,6)-(lr=1.0e-5)-(86-params)",classic_NN_6-6,40
43.0,43,204072,CartPole-v1,"CP-ppo-ac-NN(6,6)-(lr=1.0e-5)-(86-params)",classic_NN_6-6,40
10.0,10,204088,CartPole-v1,"CP-ppo-ac-NN(6,6)-(lr=1.0e-5)-(86-params)",classic_NN_6-6,40
17.0,17,204088,CartPole-v1,"CP-ppo-ac-NN(6,6)-(lr=1.0e-5)-(86-params)",classic_NN_6-6,40
32.0,32,204112,CartPole-v1,"CP-ppo-ac-NN(6,6)-(lr=1.0e-5)-(86-params)",classic_NN_6-6,40
18.0,18,204160,CartPole-v1,"CP-ppo-ac-NN(6,6)-(lr=1.0e-5)-(86-params)",classic_NN_6-6,40
27.0,27,204180,CartPole-v1,"CP-ppo-ac-NN(6,6)-(lr=1.0e-5)-(86-params)",classic_NN_6-6,40
34.0,34,204224,CartPole-v1,"CP-ppo-ac-NN(6,6)-(lr=1.0e-5)-(86-params)",classic_NN_6-6,40
24.0,24,204256,CartPole-v1,"CP-ppo-ac-NN(6,6)-(lr=1.0e-5)-(86-params)",classic_NN_6-6,40
42.0,42,204280,CartPole-v1,"CP-ppo-ac-NN(6,6)-(lr=1.0e-5)-(86-params)",classic_NN_6-6,40
20.0,20,204304,CartPole-v1,"CP-ppo-ac-NN(6,6)-(lr=1.0e-5)-(86-params)",classic_NN_6-6,40
36.0,36,204324,CartPole-v1,"CP-ppo-ac-NN(6,6)-(lr=1.0e-5)-(86-params)",classic_NN_6-6,40
19.0,19,204356,CartPole-v1,"CP-ppo-ac-NN(6,6)-(lr=1.0e-5)-(86-params)",classic_NN_6-6,40
33.0,33,204388,CartPole-v1,"CP-ppo-ac-NN(6,6)-(lr=1.0e-5)-(86-params)",classic_NN_6-6,40
25.0,25,204404,CartPole-v1,"CP-ppo-ac-NN(6,6)-(lr=1.0e-5)-(86-params)",classic_NN_6-6,40
19.0,19,204432,CartPole-v1,"CP-ppo-ac-NN(6,6)-(lr=1.0e-5)-(86-params)",classic_NN_6-6,40
29.0,29,204440,CartPole-v1,"CP-ppo-ac-NN(6,6)-(lr=1.0e-5)-(86-params)",classic_NN_6-6,40
15.0,15,204492,CartPole-v1,"CP-ppo-ac-NN(6,6)-(lr=1.0e-5)-(86-params)",classic_NN_6-6,40
16.0,16,204504,CartPole-v1,"CP-ppo-ac-NN(6,6)-(lr=1.0e-5)-(86-params)",classic_NN_6-6,40
29.0,29,204520,CartPole-v1,"CP-ppo-ac-NN(6,6)-(lr=1.0e-5)-(86-params)",classic_NN_6-6,40
23.0,23,204584,CartPole-v1,"CP-ppo-ac-NN(6,6)-(lr=1.0e-5)-(86-params)",classic_NN_6-6,40
22.0,22,204608,CartPole-v1,"CP-ppo-ac-NN(6,6)-(lr=1.0e-5)-(86-params)",classic_NN_6-6,40
40.0,40,204664,CartPole-v1,"CP-ppo-ac-NN(6,6)-(lr=1.0e-5)-(86-params)",classic_NN_6-6,40
28.0,28,204696,CartPole-v1,"CP-ppo-ac-NN(6,6)-(lr=1.0e-5)-(86-params)",classic_NN_6-6,40
29.0,29,204724,CartPole-v1,"CP-ppo-ac-NN(6,6)-(lr=1.0e-5)-(86-params)",classic_NN_6-6,40
84.0,84,204724,CartPole-v1,"CP-ppo-ac-NN(6,6)-(lr=1.0e-5)-(86-params)",classic_NN_6-6,40
14.0,14,204752,CartPole-v1,"CP-ppo-ac-NN(6,6)-(lr=1.0e-5)-(86-params)",classic_NN_6-6,40
16.0,16,204788,CartPole-v1,"CP-ppo-ac-NN(6,6)-(lr=1.0e-5)-(86-params)",classic_NN_6-6,40
19.0,19,204800,CartPole-v1,"CP-ppo-ac-NN(6,6)-(lr=1.0e-5)-(86-params)",classic_NN_6-6,40
8.0,8,204832,CartPole-v1,"CP-ppo-ac-NN(6,6)-(lr=1.0e-5)-(86-params)",classic_NN_6-6,40
29.0,29,204868,CartPole-v1,"CP-ppo-ac-NN(6,6)-(lr=1.0e-5)-(86-params)",classic_NN_6-6,40
21.0,21,204872,CartPole-v1,"CP-ppo-ac-NN(6,6)-(lr=1.0e-5)-(86-params)",classic_NN_6-6,40
59.0,59,204900,CartPole-v1,"CP-ppo-ac-NN(6,6)-(lr=1.0e-5)-(86-params)",classic_NN_6-6,40
20.0,20,204912,CartPole-v1,"CP-ppo-ac-NN(6,6)-(lr=1.0e-5)-(86-params)",classic_NN_6-6,40
21.0,21,204952,CartPole-v1,"CP-ppo-ac-NN(6,6)-(lr=1.0e-5)-(86-params)",classic_NN_6-6,40
21.0,21,204996,CartPole-v1,"CP-ppo-ac-NN(6,6)-(lr=1.0e-5)-(86-params)",classic_NN_6-6,40
32.0,32,205000,CartPole-v1,"CP-ppo-ac-NN(6,6)-(lr=1.0e-5)-(86-params)",classic_NN_6-6,40
30.0,30,205020,CartPole-v1,"CP-ppo-ac-NN(6,6)-(lr=1.0e-5)-(86-params)",classic_NN_6-6,40
17.0,17,205088,CartPole-v1,"CP-ppo-ac-NN(6,6)-(lr=1.0e-5)-(86-params)",classic_NN_6-6,40
36.0,36,205096,CartPole-v1,"CP-ppo-ac-NN(6,6)-(lr=1.0e-5)-(86-params)",classic_NN_6-6,40
27.0,27,205108,CartPole-v1,"CP-ppo-ac-NN(6,6)-(lr=1.0e-5)-(86-params)",classic_NN_6-6,40
31.0,31,205120,CartPole-v1,"CP-ppo-ac-NN(6,6)-(lr=1.0e-5)-(86-params)",classic_NN_6-6,40
9.0,9,205156,CartPole-v1,"CP-ppo-ac-NN(6,6)-(lr=1.0e-5)-(86-params)",classic_NN_6-6,40
16.0,16,205172,CartPole-v1,"CP-ppo-ac-NN(6,6)-(lr=1.0e-5)-(86-params)",classic_NN_6-6,40
29.0,29,205212,CartPole-v1,"CP-ppo-ac-NN(6,6)-(lr=1.0e-5)-(86-params)",classic_NN_6-6,40
27.0,27,205280,CartPole-v1,"CP-ppo-ac-NN(6,6)-(lr=1.0e-5)-(86-params)",classic_NN_6-6,40
36.0,36,205300,CartPole-v1,"CP-ppo-ac-NN(6,6)-(lr=1.0e-5)-(86-params)",classic_NN_6-6,40
24.0,24,205308,CartPole-v1,"CP-ppo-ac-NN(6,6)-(lr=1.0e-5)-(86-params)",classic_NN_6-6,40
55.0,55,205308,CartPole-v1,"CP-ppo-ac-NN(6,6)-(lr=1.0e-5)-(86-params)",classic_NN_6-6,40
11.0,11,205324,CartPole-v1,"CP-ppo-ac-NN(6,6)-(lr=1.0e-5)-(86-params)",classic_NN_6-6,40
13.0,13,205360,CartPole-v1,"CP-ppo-ac-NN(6,6)-(lr=1.0e-5)-(86-params)",classic_NN_6-6,40
17.0,17,205368,CartPole-v1,"CP-ppo-ac-NN(6,6)-(lr=1.0e-5)-(86-params)",classic_NN_6-6,40
22.0,22,205396,CartPole-v1,"CP-ppo-ac-NN(6,6)-(lr=1.0e-5)-(86-params)",classic_NN_6-6,40
17.0,17,205436,CartPole-v1,"CP-ppo-ac-NN(6,6)-(lr=1.0e-5)-(86-params)",classic_NN_6-6,40
15.0,15,205456,CartPole-v1,"CP-ppo-ac-NN(6,6)-(lr=1.0e-5)-(86-params)",classic_NN_6-6,40
42.0,42,205492,CartPole-v1,"CP-ppo-ac-NN(6,6)-(lr=1.0e-5)-(86-params)",classic_NN_6-6,40
16.0,16,205500,CartPole-v1,"CP-ppo-ac-NN(6,6)-(lr=1.0e-5)-(86-params)",classic_NN_6-6,40
35.0,35,205500,CartPole-v1,"CP-ppo-ac-NN(6,6)-(lr=1.0e-5)-(86-params)",classic_NN_6-6,40
12.0,12,205548,CartPole-v1,"CP-ppo-ac-NN(6,6)-(lr=1.0e-5)-(86-params)",classic_NN_6-6,40
15.0,15,205560,CartPole-v1,"CP-ppo-ac-NN(6,6)-(lr=1.0e-5)-(86-params)",classic_NN_6-6,40
21.0,21,205576,CartPole-v1,"CP-ppo-ac-NN(6,6)-(lr=1.0e-5)-(86-params)",classic_NN_6-6,40
11.0,11,205592,CartPole-v1,"CP-ppo-ac-NN(6,6)-(lr=1.0e-5)-(86-params)",classic_NN_6-6,40
34.0,34,205592,CartPole-v1,"CP-ppo-ac-NN(6,6)-(lr=1.0e-5)-(86-params)",classic_NN_6-6,40
20.0,20,205640,CartPole-v1,"CP-ppo-ac-NN(6,6)-(lr=1.0e-5)-(86-params)",classic_NN_6-6,40
14.0,14,205648,CartPole-v1,"CP-ppo-ac-NN(6,6)-(lr=1.0e-5)-(86-params)",classic_NN_6-6,40
26.0,26,205696,CartPole-v1,"CP-ppo-ac-NN(6,6)-(lr=1.0e-5)-(86-params)",classic_NN_6-6,40
34.0,34,205712,CartPole-v1,"CP-ppo-ac-NN(6,6)-(lr=1.0e-5)-(86-params)",classic_NN_6-6,40
20.0,20,205720,CartPole-v1,"CP-ppo-ac-NN(6,6)-(lr=1.0e-5)-(86-params)",classic_NN_6-6,40
23.0,23,205740,CartPole-v1,"CP-ppo-ac-NN(6,6)-(lr=1.0e-5)-(86-params)",classic_NN_6-6,40
14.0,14,205776,CartPole-v1,"CP-ppo-ac-NN(6,6)-(lr=1.0e-5)-(86-params)",classic_NN_6-6,40
18.0,18,205812,CartPole-v1,"CP-ppo-ac-NN(6,6)-(lr=1.0e-5)-(86-params)",classic_NN_6-6,40
20.0,20,205856,CartPole-v1,"CP-ppo-ac-NN(6,6)-(lr=1.0e-5)-(86-params)",classic_NN_6-6,40
48.0,48,205888,CartPole-v1,"CP-ppo-ac-NN(6,6)-(lr=1.0e-5)-(86-params)",classic_NN_6-6,40
53.0,53,205924,CartPole-v1,"CP-ppo-ac-NN(6,6)-(lr=1.0e-5)-(86-params)",classic_NN_6-6,40
39.0,39,205968,CartPole-v1,"CP-ppo-ac-NN(6,6)-(lr=1.0e-5)-(86-params)",classic_NN_6-6,40
18.0,18,205996,CartPole-v1,"CP-ppo-ac-NN(6,6)-(lr=1.0e-5)-(86-params)",classic_NN_6-6,40
34.0,34,206024,CartPole-v1,"CP-ppo-ac-NN(6,6)-(lr=1.0e-5)-(86-params)",classic_NN_6-6,40
16.0,16,206032,CartPole-v1,"CP-ppo-ac-NN(6,6)-(lr=1.0e-5)-(86-params)",classic_NN_6-6,40
52.0,52,206064,CartPole-v1,"CP-ppo-ac-NN(6,6)-(lr=1.0e-5)-(86-params)",classic_NN_6-6,40
13.0,13,206076,CartPole-v1,"CP-ppo-ac-NN(6,6)-(lr=1.0e-5)-(86-params)",classic_NN_6-6,40
13.0,13,206084,CartPole-v1,"CP-ppo-ac-NN(6,6)-(lr=1.0e-5)-(86-params)",classic_NN_6-6,40
32.0,32,206124,CartPole-v1,"CP-ppo-ac-NN(6,6)-(lr=1.0e-5)-(86-params)",classic_NN_6-6,40
14.0,14,206140,CartPole-v1,"CP-ppo-ac-NN(6,6)-(lr=1.0e-5)-(86-params)",classic_NN_6-6,40
26.0,26,206180,CartPole-v1,"CP-ppo-ac-NN(6,6)-(lr=1.0e-5)-(86-params)",classic_NN_6-6,40
26.0,26,206228,CartPole-v1,"CP-ppo-ac-NN(6,6)-(lr=1.0e-5)-(86-params)",classic_NN_6-6,40
16.0,16,206244,CartPole-v1,"CP-ppo-ac-NN(6,6)-(lr=1.0e-5)-(86-params)",classic_NN_6-6,40
27.0,27,206248,CartPole-v1,"CP-ppo-ac-NN(6,6)-(lr=1.0e-5)-(86-params)",classic_NN_6-6,40
16.0,16,206308,CartPole-v1,"CP-ppo-ac-NN(6,6)-(lr=1.0e-5)-(86-params)",classic_NN_6-6,40
21.0,21,206332,CartPole-v1,"CP-ppo-ac-NN(6,6)-(lr=1.0e-5)-(86-params)",classic_NN_6-6,40
69.0,69,206340,CartPole-v1,"CP-ppo-ac-NN(6,6)-(lr=1.0e-5)-(86-params)",classic_NN_6-6,40
37.0,37,206376,CartPole-v1,"CP-ppo-ac-NN(6,6)-(lr=1.0e-5)-(86-params)",classic_NN_6-6,40
32.0,32,206436,CartPole-v1,"CP-ppo-ac-NN(6,6)-(lr=1.0e-5)-(86-params)",classic_NN_6-6,40
18.0,18,206448,CartPole-v1,"CP-ppo-ac-NN(6,6)-(lr=1.0e-5)-(86-params)",classic_NN_6-6,40
11.0,11,206480,CartPole-v1,"CP-ppo-ac-NN(6,6)-(lr=1.0e-5)-(86-params)",classic_NN_6-6,40
39.0,39,206488,CartPole-v1,"CP-ppo-ac-NN(6,6)-(lr=1.0e-5)-(86-params)",classic_NN_6-6,40
47.0,47,206528,CartPole-v1,"CP-ppo-ac-NN(6,6)-(lr=1.0e-5)-(86-params)",classic_NN_6-6,40
17.0,17,206548,CartPole-v1,"CP-ppo-ac-NN(6,6)-(lr=1.0e-5)-(86-params)",classic_NN_6-6,40
15.0,15,206548,CartPole-v1,"CP-ppo-ac-NN(6,6)-(lr=1.0e-5)-(86-params)",classic_NN_6-6,40
15.0,15,206608,CartPole-v1,"CP-ppo-ac-NN(6,6)-(lr=1.0e-5)-(86-params)",classic_NN_6-6,40
43.0,43,206620,CartPole-v1,"CP-ppo-ac-NN(6,6)-(lr=1.0e-5)-(86-params)",classic_NN_6-6,40
40.0,40,206708,CartPole-v1,"CP-ppo-ac-NN(6,6)-(lr=1.0e-5)-(86-params)",classic_NN_6-6,40
47.0,47,206716,CartPole-v1,"CP-ppo-ac-NN(6,6)-(lr=1.0e-5)-(86-params)",classic_NN_6-6,40
30.0,30,206728,CartPole-v1,"CP-ppo-ac-NN(6,6)-(lr=1.0e-5)-(86-params)",classic_NN_6-6,40
37.0,37,206768,CartPole-v1,"CP-ppo-ac-NN(6,6)-(lr=1.0e-5)-(86-params)",classic_NN_6-6,40
17.0,17,206784,CartPole-v1,"CP-ppo-ac-NN(6,6)-(lr=1.0e-5)-(86-params)",classic_NN_6-6,40
28.0,28,206820,CartPole-v1,"CP-ppo-ac-NN(6,6)-(lr=1.0e-5)-(86-params)",classic_NN_6-6,40
18.0,18,206856,CartPole-v1,"CP-ppo-ac-NN(6,6)-(lr=1.0e-5)-(86-params)",classic_NN_6-6,40
32.0,32,206856,CartPole-v1,"CP-ppo-ac-NN(6,6)-(lr=1.0e-5)-(86-params)",classic_NN_6-6,40
28.0,28,206880,CartPole-v1,"CP-ppo-ac-NN(6,6)-(lr=1.0e-5)-(86-params)",classic_NN_6-6,40
16.0,16,206920,CartPole-v1,"CP-ppo-ac-NN(6,6)-(lr=1.0e-5)-(86-params)",classic_NN_6-6,40
25.0,25,206920,CartPole-v1,"CP-ppo-ac-NN(6,6)-(lr=1.0e-5)-(86-params)",classic_NN_6-6,40
23.0,23,206948,CartPole-v1,"CP-ppo-ac-NN(6,6)-(lr=1.0e-5)-(86-params)",classic_NN_6-6,40
29.0,29,206996,CartPole-v1,"CP-ppo-ac-NN(6,6)-(lr=1.0e-5)-(86-params)",classic_NN_6-6,40
13.0,13,207000,CartPole-v1,"CP-ppo-ac-NN(6,6)-(lr=1.0e-5)-(86-params)",classic_NN_6-6,40
15.0,15,207056,CartPole-v1,"CP-ppo-ac-NN(6,6)-(lr=1.0e-5)-(86-params)",classic_NN_6-6,40
34.0,34,207056,CartPole-v1,"CP-ppo-ac-NN(6,6)-(lr=1.0e-5)-(86-params)",classic_NN_6-6,40
35.0,35,207060,CartPole-v1,"CP-ppo-ac-NN(6,6)-(lr=1.0e-5)-(86-params)",classic_NN_6-6,40
31.0,31,207124,CartPole-v1,"CP-ppo-ac-NN(6,6)-(lr=1.0e-5)-(86-params)",classic_NN_6-6,40
21.0,21,207140,CartPole-v1,"CP-ppo-ac-NN(6,6)-(lr=1.0e-5)-(86-params)",classic_NN_6-6,40
28.0,28,207172,CartPole-v1,"CP-ppo-ac-NN(6,6)-(lr=1.0e-5)-(86-params)",classic_NN_6-6,40
32.0,32,207184,CartPole-v1,"CP-ppo-ac-NN(6,6)-(lr=1.0e-5)-(86-params)",classic_NN_6-6,40
17.0,17,207208,CartPole-v1,"CP-ppo-ac-NN(6,6)-(lr=1.0e-5)-(86-params)",classic_NN_6-6,40
21.0,21,207256,CartPole-v1,"CP-ppo-ac-NN(6,6)-(lr=1.0e-5)-(86-params)",classic_NN_6-6,40
16.0,16,207272,CartPole-v1,"CP-ppo-ac-NN(6,6)-(lr=1.0e-5)-(86-params)",classic_NN_6-6,40
39.0,39,207280,CartPole-v1,"CP-ppo-ac-NN(6,6)-(lr=1.0e-5)-(86-params)",classic_NN_6-6,40
22.0,22,207360,CartPole-v1,"CP-ppo-ac-NN(6,6)-(lr=1.0e-5)-(86-params)",classic_NN_6-6,40
37.0,37,207428,CartPole-v1,"CP-ppo-ac-NN(6,6)-(lr=1.0e-5)-(86-params)",classic_NN_6-6,40
63.0,63,207436,CartPole-v1,"CP-ppo-ac-NN(6,6)-(lr=1.0e-5)-(86-params)",classic_NN_6-6,40
23.0,23,207528,CartPole-v1,"CP-ppo-ac-NN(6,6)-(lr=1.0e-5)-(86-params)",classic_NN_6-6,40
44.0,44,207536,CartPole-v1,"CP-ppo-ac-NN(6,6)-(lr=1.0e-5)-(86-params)",classic_NN_6-6,40
72.0,72,207544,CartPole-v1,"CP-ppo-ac-NN(6,6)-(lr=1.0e-5)-(86-params)",classic_NN_6-6,40
14.0,14,207584,CartPole-v1,"CP-ppo-ac-NN(6,6)-(lr=1.0e-5)-(86-params)",classic_NN_6-6,40
12.0,12,207632,CartPole-v1,"CP-ppo-ac-NN(6,6)-(lr=1.0e-5)-(86-params)",classic_NN_6-6,40
55.0,55,207648,CartPole-v1,"CP-ppo-ac-NN(6,6)-(lr=1.0e-5)-(86-params)",classic_NN_6-6,40
9.0,9,207668,CartPole-v1,"CP-ppo-ac-NN(6,6)-(lr=1.0e-5)-(86-params)",classic_NN_6-6,40
36.0,36,207680,CartPole-v1,"CP-ppo-ac-NN(6,6)-(lr=1.0e-5)-(86-params)",classic_NN_6-6,40
21.0,21,207732,CartPole-v1,"CP-ppo-ac-NN(6,6)-(lr=1.0e-5)-(86-params)",classic_NN_6-6,40
31.0,31,207792,CartPole-v1,"CP-ppo-ac-NN(6,6)-(lr=1.0e-5)-(86-params)",classic_NN_6-6,40
68.0,68,207816,CartPole-v1,"CP-ppo-ac-NN(6,6)-(lr=1.0e-5)-(86-params)",classic_NN_6-6,40
25.0,25,207832,CartPole-v1,"CP-ppo-ac-NN(6,6)-(lr=1.0e-5)-(86-params)",classic_NN_6-6,40
42.0,42,207848,CartPole-v1,"CP-ppo-ac-NN(6,6)-(lr=1.0e-5)-(86-params)",classic_NN_6-6,40
12.0,12,207864,CartPole-v1,"CP-ppo-ac-NN(6,6)-(lr=1.0e-5)-(86-params)",classic_NN_6-6,40
11.0,11,207908,CartPole-v1,"CP-ppo-ac-NN(6,6)-(lr=1.0e-5)-(86-params)",classic_NN_6-6,40
33.0,33,207924,CartPole-v1,"CP-ppo-ac-NN(6,6)-(lr=1.0e-5)-(86-params)",classic_NN_6-6,40
14.0,14,207980,CartPole-v1,"CP-ppo-ac-NN(6,6)-(lr=1.0e-5)-(86-params)",classic_NN_6-6,40
44.0,44,208024,CartPole-v1,"CP-ppo-ac-NN(6,6)-(lr=1.0e-5)-(86-params)",classic_NN_6-6,40
14.0,14,208036,CartPole-v1,"CP-ppo-ac-NN(6,6)-(lr=1.0e-5)-(86-params)",classic_NN_6-6,40
15.0,15,208084,CartPole-v1,"CP-ppo-ac-NN(6,6)-(lr=1.0e-5)-(86-params)",classic_NN_6-6,40
45.0,45,208088,CartPole-v1,"CP-ppo-ac-NN(6,6)-(lr=1.0e-5)-(86-params)",classic_NN_6-6,40
21.0,21,208120,CartPole-v1,"CP-ppo-ac-NN(6,6)-(lr=1.0e-5)-(86-params)",classic_NN_6-6,40
78.0,78,208144,CartPole-v1,"CP-ppo-ac-NN(6,6)-(lr=1.0e-5)-(86-params)",classic_NN_6-6,40
17.0,17,208152,CartPole-v1,"CP-ppo-ac-NN(6,6)-(lr=1.0e-5)-(86-params)",classic_NN_6-6,40
11.0,11,208164,CartPole-v1,"CP-ppo-ac-NN(6,6)-(lr=1.0e-5)-(86-params)",classic_NN_6-6,40
17.0,17,208220,CartPole-v1,"CP-ppo-ac-NN(6,6)-(lr=1.0e-5)-(86-params)",classic_NN_6-6,40
20.0,20,208224,CartPole-v1,"CP-ppo-ac-NN(6,6)-(lr=1.0e-5)-(86-params)",classic_NN_6-6,40
36.0,36,208232,CartPole-v1,"CP-ppo-ac-NN(6,6)-(lr=1.0e-5)-(86-params)",classic_NN_6-6,40
25.0,25,208264,CartPole-v1,"CP-ppo-ac-NN(6,6)-(lr=1.0e-5)-(86-params)",classic_NN_6-6,40
16.0,16,208284,CartPole-v1,"CP-ppo-ac-NN(6,6)-(lr=1.0e-5)-(86-params)",classic_NN_6-6,40
16.0,16,208288,CartPole-v1,"CP-ppo-ac-NN(6,6)-(lr=1.0e-5)-(86-params)",classic_NN_6-6,40
25.0,25,208332,CartPole-v1,"CP-ppo-ac-NN(6,6)-(lr=1.0e-5)-(86-params)",classic_NN_6-6,40
15.0,15,208344,CartPole-v1,"CP-ppo-ac-NN(6,6)-(lr=1.0e-5)-(86-params)",classic_NN_6-6,40
20.0,20,208344,CartPole-v1,"CP-ppo-ac-NN(6,6)-(lr=1.0e-5)-(86-params)",classic_NN_6-6,40
14.0,14,208400,CartPole-v1,"CP-ppo-ac-NN(6,6)-(lr=1.0e-5)-(86-params)",classic_NN_6-6,40
20.0,20,208412,CartPole-v1,"CP-ppo-ac-NN(6,6)-(lr=1.0e-5)-(86-params)",classic_NN_6-6,40
34.0,34,208424,CartPole-v1,"CP-ppo-ac-NN(6,6)-(lr=1.0e-5)-(86-params)",classic_NN_6-6,40
29.0,29,208460,CartPole-v1,"CP-ppo-ac-NN(6,6)-(lr=1.0e-5)-(86-params)",classic_NN_6-6,40
16.0,16,208464,CartPole-v1,"CP-ppo-ac-NN(6,6)-(lr=1.0e-5)-(86-params)",classic_NN_6-6,40
18.0,18,208496,CartPole-v1,"CP-ppo-ac-NN(6,6)-(lr=1.0e-5)-(86-params)",classic_NN_6-6,40
28.0,28,208524,CartPole-v1,"CP-ppo-ac-NN(6,6)-(lr=1.0e-5)-(86-params)",classic_NN_6-6,40
13.0,13,208548,CartPole-v1,"CP-ppo-ac-NN(6,6)-(lr=1.0e-5)-(86-params)",classic_NN_6-6,40
23.0,23,208556,CartPole-v1,"CP-ppo-ac-NN(6,6)-(lr=1.0e-5)-(86-params)",classic_NN_6-6,40
12.0,12,208572,CartPole-v1,"CP-ppo-ac-NN(6,6)-(lr=1.0e-5)-(86-params)",classic_NN_6-6,40
19.0,19,208624,CartPole-v1,"CP-ppo-ac-NN(6,6)-(lr=1.0e-5)-(86-params)",classic_NN_6-6,40
52.0,52,208668,CartPole-v1,"CP-ppo-ac-NN(6,6)-(lr=1.0e-5)-(86-params)",classic_NN_6-6,40
48.0,48,208748,CartPole-v1,"CP-ppo-ac-NN(6,6)-(lr=1.0e-5)-(86-params)",classic_NN_6-6,40
48.0,48,208764,CartPole-v1,"CP-ppo-ac-NN(6,6)-(lr=1.0e-5)-(86-params)",classic_NN_6-6,40
14.0,14,208804,CartPole-v1,"CP-ppo-ac-NN(6,6)-(lr=1.0e-5)-(86-params)",classic_NN_6-6,40
36.0,36,208812,CartPole-v1,"CP-ppo-ac-NN(6,6)-(lr=1.0e-5)-(86-params)",classic_NN_6-6,40
50.0,50,208824,CartPole-v1,"CP-ppo-ac-NN(6,6)-(lr=1.0e-5)-(86-params)",classic_NN_6-6,40
22.0,22,208852,CartPole-v1,"CP-ppo-ac-NN(6,6)-(lr=1.0e-5)-(86-params)",classic_NN_6-6,40
14.0,14,208860,CartPole-v1,"CP-ppo-ac-NN(6,6)-(lr=1.0e-5)-(86-params)",classic_NN_6-6,40
17.0,17,208880,CartPole-v1,"CP-ppo-ac-NN(6,6)-(lr=1.0e-5)-(86-params)",classic_NN_6-6,40
8.0,8,208892,CartPole-v1,"CP-ppo-ac-NN(6,6)-(lr=1.0e-5)-(86-params)",classic_NN_6-6,40
23.0,23,208916,CartPole-v1,"CP-ppo-ac-NN(6,6)-(lr=1.0e-5)-(86-params)",classic_NN_6-6,40
20.0,20,208932,CartPole-v1,"CP-ppo-ac-NN(6,6)-(lr=1.0e-5)-(86-params)",classic_NN_6-6,40
14.0,14,208988,CartPole-v1,"CP-ppo-ac-NN(6,6)-(lr=1.0e-5)-(86-params)",classic_NN_6-6,40
25.0,25,208992,CartPole-v1,"CP-ppo-ac-NN(6,6)-(lr=1.0e-5)-(86-params)",classic_NN_6-6,40
20.0,20,208996,CartPole-v1,"CP-ppo-ac-NN(6,6)-(lr=1.0e-5)-(86-params)",classic_NN_6-6,40
12.0,12,209036,CartPole-v1,"CP-ppo-ac-NN(6,6)-(lr=1.0e-5)-(86-params)",classic_NN_6-6,40
22.0,22,209080,CartPole-v1,"CP-ppo-ac-NN(6,6)-(lr=1.0e-5)-(86-params)",classic_NN_6-6,40
33.0,33,209128,CartPole-v1,"CP-ppo-ac-NN(6,6)-(lr=1.0e-5)-(86-params)",classic_NN_6-6,40
12.0,12,209128,CartPole-v1,"CP-ppo-ac-NN(6,6)-(lr=1.0e-5)-(86-params)",classic_NN_6-6,40
72.0,72,209168,CartPole-v1,"CP-ppo-ac-NN(6,6)-(lr=1.0e-5)-(86-params)",classic_NN_6-6,40
27.0,27,209236,CartPole-v1,"CP-ppo-ac-NN(6,6)-(lr=1.0e-5)-(86-params)",classic_NN_6-6,40
53.0,53,209248,CartPole-v1,"CP-ppo-ac-NN(6,6)-(lr=1.0e-5)-(86-params)",classic_NN_6-6,40
25.0,25,209268,CartPole-v1,"CP-ppo-ac-NN(6,6)-(lr=1.0e-5)-(86-params)",classic_NN_6-6,40
35.0,35,209268,CartPole-v1,"CP-ppo-ac-NN(6,6)-(lr=1.0e-5)-(86-params)",classic_NN_6-6,40
11.0,11,209292,CartPole-v1,"CP-ppo-ac-NN(6,6)-(lr=1.0e-5)-(86-params)",classic_NN_6-6,40
16.0,16,209300,CartPole-v1,"CP-ppo-ac-NN(6,6)-(lr=1.0e-5)-(86-params)",classic_NN_6-6,40
12.0,12,209316,CartPole-v1,"CP-ppo-ac-NN(6,6)-(lr=1.0e-5)-(86-params)",classic_NN_6-6,40
13.0,13,209352,CartPole-v1,"CP-ppo-ac-NN(6,6)-(lr=1.0e-5)-(86-params)",classic_NN_6-6,40
17.0,17,209360,CartPole-v1,"CP-ppo-ac-NN(6,6)-(lr=1.0e-5)-(86-params)",classic_NN_6-6,40
29.0,29,209384,CartPole-v1,"CP-ppo-ac-NN(6,6)-(lr=1.0e-5)-(86-params)",classic_NN_6-6,40
10.0,10,209400,CartPole-v1,"CP-ppo-ac-NN(6,6)-(lr=1.0e-5)-(86-params)",classic_NN_6-6,40
26.0,26,209420,CartPole-v1,"CP-ppo-ac-NN(6,6)-(lr=1.0e-5)-(86-params)",classic_NN_6-6,40
27.0,27,209460,CartPole-v1,"CP-ppo-ac-NN(6,6)-(lr=1.0e-5)-(86-params)",classic_NN_6-6,40
18.0,18,209472,CartPole-v1,"CP-ppo-ac-NN(6,6)-(lr=1.0e-5)-(86-params)",classic_NN_6-6,40
27.0,27,209492,CartPole-v1,"CP-ppo-ac-NN(6,6)-(lr=1.0e-5)-(86-params)",classic_NN_6-6,40
40.0,40,209580,CartPole-v1,"CP-ppo-ac-NN(6,6)-(lr=1.0e-5)-(86-params)",classic_NN_6-6,40
43.0,43,209644,CartPole-v1,"CP-ppo-ac-NN(6,6)-(lr=1.0e-5)-(86-params)",classic_NN_6-6,40
39.0,39,209648,CartPole-v1,"CP-ppo-ac-NN(6,6)-(lr=1.0e-5)-(86-params)",classic_NN_6-6,40
18.0,18,209652,CartPole-v1,"CP-ppo-ac-NN(6,6)-(lr=1.0e-5)-(86-params)",classic_NN_6-6,40
26.0,26,209748,CartPole-v1,"CP-ppo-ac-NN(6,6)-(lr=1.0e-5)-(86-params)",classic_NN_6-6,40
75.0,75,209760,CartPole-v1,"CP-ppo-ac-NN(6,6)-(lr=1.0e-5)-(86-params)",classic_NN_6-6,40
45.0,45,209832,CartPole-v1,"CP-ppo-ac-NN(6,6)-(lr=1.0e-5)-(86-params)",classic_NN_6-6,40
47.0,47,209836,CartPole-v1,"CP-ppo-ac-NN(6,6)-(lr=1.0e-5)-(86-params)",classic_NN_6-6,40
28.0,28,209860,CartPole-v1,"CP-ppo-ac-NN(6,6)-(lr=1.0e-5)-(86-params)",classic_NN_6-6,40
11.0,11,209876,CartPole-v1,"CP-ppo-ac-NN(6,6)-(lr=1.0e-5)-(86-params)",classic_NN_6-6,40
11.0,11,209880,CartPole-v1,"CP-ppo-ac-NN(6,6)-(lr=1.0e-5)-(86-params)",classic_NN_6-6,40
43.0,43,209932,CartPole-v1,"CP-ppo-ac-NN(6,6)-(lr=1.0e-5)-(86-params)",classic_NN_6-6,40
18.0,18,209932,CartPole-v1,"CP-ppo-ac-NN(6,6)-(lr=1.0e-5)-(86-params)",classic_NN_6-6,40
28.0,28,209988,CartPole-v1,"CP-ppo-ac-NN(6,6)-(lr=1.0e-5)-(86-params)",classic_NN_6-6,40
27.0,27,209988,CartPole-v1,"CP-ppo-ac-NN(6,6)-(lr=1.0e-5)-(86-params)",classic_NN_6-6,40
29.0,29,210048,CartPole-v1,"CP-ppo-ac-NN(6,6)-(lr=1.0e-5)-(86-params)",classic_NN_6-6,40
28.0,28,210100,CartPole-v1,"CP-ppo-ac-NN(6,6)-(lr=1.0e-5)-(86-params)",classic_NN_6-6,40
25.0,25,210148,CartPole-v1,"CP-ppo-ac-NN(6,6)-(lr=1.0e-5)-(86-params)",classic_NN_6-6,40
57.0,57,210160,CartPole-v1,"CP-ppo-ac-NN(6,6)-(lr=1.0e-5)-(86-params)",classic_NN_6-6,40
17.0,17,210228,CartPole-v1,"CP-ppo-ac-NN(6,6)-(lr=1.0e-5)-(86-params)",classic_NN_6-6,40
33.0,33,210232,CartPole-v1,"CP-ppo-ac-NN(6,6)-(lr=1.0e-5)-(86-params)",classic_NN_6-6,40
68.0,68,210260,CartPole-v1,"CP-ppo-ac-NN(6,6)-(lr=1.0e-5)-(86-params)",classic_NN_6-6,40
12.0,12,210276,CartPole-v1,"CP-ppo-ac-NN(6,6)-(lr=1.0e-5)-(86-params)",classic_NN_6-6,40
33.0,33,210280,CartPole-v1,"CP-ppo-ac-NN(6,6)-(lr=1.0e-5)-(86-params)",classic_NN_6-6,40
17.0,17,210328,CartPole-v1,"CP-ppo-ac-NN(6,6)-(lr=1.0e-5)-(86-params)",classic_NN_6-6,40
20.0,20,210356,CartPole-v1,"CP-ppo-ac-NN(6,6)-(lr=1.0e-5)-(86-params)",classic_NN_6-6,40
20.0,20,210408,CartPole-v1,"CP-ppo-ac-NN(6,6)-(lr=1.0e-5)-(86-params)",classic_NN_6-6,40
16.0,16,210420,CartPole-v1,"CP-ppo-ac-NN(6,6)-(lr=1.0e-5)-(86-params)",classic_NN_6-6,40
38.0,38,210432,CartPole-v1,"CP-ppo-ac-NN(6,6)-(lr=1.0e-5)-(86-params)",classic_NN_6-6,40
13.0,13,210460,CartPole-v1,"CP-ppo-ac-NN(6,6)-(lr=1.0e-5)-(86-params)",classic_NN_6-6,40
58.0,58,210464,CartPole-v1,"CP-ppo-ac-NN(6,6)-(lr=1.0e-5)-(86-params)",classic_NN_6-6,40
25.0,25,210520,CartPole-v1,"CP-ppo-ac-NN(6,6)-(lr=1.0e-5)-(86-params)",classic_NN_6-6,40
24.0,24,210560,CartPole-v1,"CP-ppo-ac-NN(6,6)-(lr=1.0e-5)-(86-params)",classic_NN_6-6,40
37.0,37,210580,CartPole-v1,"CP-ppo-ac-NN(6,6)-(lr=1.0e-5)-(86-params)",classic_NN_6-6,40
12.0,12,210608,CartPole-v1,"CP-ppo-ac-NN(6,6)-(lr=1.0e-5)-(86-params)",classic_NN_6-6,40
29.0,29,210636,CartPole-v1,"CP-ppo-ac-NN(6,6)-(lr=1.0e-5)-(86-params)",classic_NN_6-6,40
23.0,23,210700,CartPole-v1,"CP-ppo-ac-NN(6,6)-(lr=1.0e-5)-(86-params)",classic_NN_6-6,40
51.0,51,210784,CartPole-v1,"CP-ppo-ac-NN(6,6)-(lr=1.0e-5)-(86-params)",classic_NN_6-6,40
81.0,81,210784,CartPole-v1,"CP-ppo-ac-NN(6,6)-(lr=1.0e-5)-(86-params)",classic_NN_6-6,40
28.0,28,210812,CartPole-v1,"CP-ppo-ac-NN(6,6)-(lr=1.0e-5)-(86-params)",classic_NN_6-6,40
14.0,14,210840,CartPole-v1,"CP-ppo-ac-NN(6,6)-(lr=1.0e-5)-(86-params)",classic_NN_6-6,40
51.0,51,210840,CartPole-v1,"CP-ppo-ac-NN(6,6)-(lr=1.0e-5)-(86-params)",classic_NN_6-6,40
18.0,18,210856,CartPole-v1,"CP-ppo-ac-NN(6,6)-(lr=1.0e-5)-(86-params)",classic_NN_6-6,40
18.0,18,210912,CartPole-v1,"CP-ppo-ac-NN(6,6)-(lr=1.0e-5)-(86-params)",classic_NN_6-6,40
19.0,19,210916,CartPole-v1,"CP-ppo-ac-NN(6,6)-(lr=1.0e-5)-(86-params)",classic_NN_6-6,40
20.0,20,210936,CartPole-v1,"CP-ppo-ac-NN(6,6)-(lr=1.0e-5)-(86-params)",classic_NN_6-6,40
12.0,12,210964,CartPole-v1,"CP-ppo-ac-NN(6,6)-(lr=1.0e-5)-(86-params)",classic_NN_6-6,40
40.0,40,210972,CartPole-v1,"CP-ppo-ac-NN(6,6)-(lr=1.0e-5)-(86-params)",classic_NN_6-6,40
20.0,20,210992,CartPole-v1,"CP-ppo-ac-NN(6,6)-(lr=1.0e-5)-(86-params)",classic_NN_6-6,40
11.0,11,211036,CartPole-v1,"CP-ppo-ac-NN(6,6)-(lr=1.0e-5)-(86-params)",classic_NN_6-6,40
22.0,22,211052,CartPole-v1,"CP-ppo-ac-NN(6,6)-(lr=1.0e-5)-(86-params)",classic_NN_6-6,40
31.0,31,211060,CartPole-v1,"CP-ppo-ac-NN(6,6)-(lr=1.0e-5)-(86-params)",classic_NN_6-6,40
28.0,28,211148,CartPole-v1,"CP-ppo-ac-NN(6,6)-(lr=1.0e-5)-(86-params)",classic_NN_6-6,40
22.0,22,211148,CartPole-v1,"CP-ppo-ac-NN(6,6)-(lr=1.0e-5)-(86-params)",classic_NN_6-6,40
47.0,47,211160,CartPole-v1,"CP-ppo-ac-NN(6,6)-(lr=1.0e-5)-(86-params)",classic_NN_6-6,40
28.0,28,211164,CartPole-v1,"CP-ppo-ac-NN(6,6)-(lr=1.0e-5)-(86-params)",classic_NN_6-6,40
10.0,10,211188,CartPole-v1,"CP-ppo-ac-NN(6,6)-(lr=1.0e-5)-(86-params)",classic_NN_6-6,40
11.0,11,211192,CartPole-v1,"CP-ppo-ac-NN(6,6)-(lr=1.0e-5)-(86-params)",classic_NN_6-6,40
12.0,12,211236,CartPole-v1,"CP-ppo-ac-NN(6,6)-(lr=1.0e-5)-(86-params)",classic_NN_6-6,40
38.0,38,211312,CartPole-v1,"CP-ppo-ac-NN(6,6)-(lr=1.0e-5)-(86-params)",classic_NN_6-6,40
19.0,19,211312,CartPole-v1,"CP-ppo-ac-NN(6,6)-(lr=1.0e-5)-(86-params)",classic_NN_6-6,40
43.0,43,211336,CartPole-v1,"CP-ppo-ac-NN(6,6)-(lr=1.0e-5)-(86-params)",classic_NN_6-6,40
43.0,43,211364,CartPole-v1,"CP-ppo-ac-NN(6,6)-(lr=1.0e-5)-(86-params)",classic_NN_6-6,40
15.0,15,211372,CartPole-v1,"CP-ppo-ac-NN(6,6)-(lr=1.0e-5)-(86-params)",classic_NN_6-6,40
29.0,29,211428,CartPole-v1,"CP-ppo-ac-NN(6,6)-(lr=1.0e-5)-(86-params)",classic_NN_6-6,40
20.0,20,211452,CartPole-v1,"CP-ppo-ac-NN(6,6)-(lr=1.0e-5)-(86-params)",classic_NN_6-6,40
34.0,34,211500,CartPole-v1,"CP-ppo-ac-NN(6,6)-(lr=1.0e-5)-(86-params)",classic_NN_6-6,40
26.0,26,211532,CartPole-v1,"CP-ppo-ac-NN(6,6)-(lr=1.0e-5)-(86-params)",classic_NN_6-6,40
18.0,18,211572,CartPole-v1,"CP-ppo-ac-NN(6,6)-(lr=1.0e-5)-(86-params)",classic_NN_6-6,40
13.0,13,211584,CartPole-v1,"CP-ppo-ac-NN(6,6)-(lr=1.0e-5)-(86-params)",classic_NN_6-6,40
62.0,62,211584,CartPole-v1,"CP-ppo-ac-NN(6,6)-(lr=1.0e-5)-(86-params)",classic_NN_6-6,40
39.0,39,211608,CartPole-v1,"CP-ppo-ac-NN(6,6)-(lr=1.0e-5)-(86-params)",classic_NN_6-6,40
25.0,25,211684,CartPole-v1,"CP-ppo-ac-NN(6,6)-(lr=1.0e-5)-(86-params)",classic_NN_6-6,40
28.0,28,211684,CartPole-v1,"CP-ppo-ac-NN(6,6)-(lr=1.0e-5)-(86-params)",classic_NN_6-6,40
26.0,26,211688,CartPole-v1,"CP-ppo-ac-NN(6,6)-(lr=1.0e-5)-(86-params)",classic_NN_6-6,40
32.0,32,211736,CartPole-v1,"CP-ppo-ac-NN(6,6)-(lr=1.0e-5)-(86-params)",classic_NN_6-6,40
16.0,16,211748,CartPole-v1,"CP-ppo-ac-NN(6,6)-(lr=1.0e-5)-(86-params)",classic_NN_6-6,40
15.0,15,211808,CartPole-v1,"CP-ppo-ac-NN(6,6)-(lr=1.0e-5)-(86-params)",classic_NN_6-6,40
32.0,32,211812,CartPole-v1,"CP-ppo-ac-NN(6,6)-(lr=1.0e-5)-(86-params)",classic_NN_6-6,40
24.0,24,211832,CartPole-v1,"CP-ppo-ac-NN(6,6)-(lr=1.0e-5)-(86-params)",classic_NN_6-6,40
40.0,40,211848,CartPole-v1,"CP-ppo-ac-NN(6,6)-(lr=1.0e-5)-(86-params)",classic_NN_6-6,40
17.0,17,211916,CartPole-v1,"CP-ppo-ac-NN(6,6)-(lr=1.0e-5)-(86-params)",classic_NN_6-6,40
27.0,27,211920,CartPole-v1,"CP-ppo-ac-NN(6,6)-(lr=1.0e-5)-(86-params)",classic_NN_6-6,40
27.0,27,211940,CartPole-v1,"CP-ppo-ac-NN(6,6)-(lr=1.0e-5)-(86-params)",classic_NN_6-6,40
10.0,10,211960,CartPole-v1,"CP-ppo-ac-NN(6,6)-(lr=1.0e-5)-(86-params)",classic_NN_6-6,40
17.0,17,211984,CartPole-v1,"CP-ppo-ac-NN(6,6)-(lr=1.0e-5)-(86-params)",classic_NN_6-6,40
13.0,13,211992,CartPole-v1,"CP-ppo-ac-NN(6,6)-(lr=1.0e-5)-(86-params)",classic_NN_6-6,40
55.0,55,212028,CartPole-v1,"CP-ppo-ac-NN(6,6)-(lr=1.0e-5)-(86-params)",classic_NN_6-6,40
21.0,21,212068,CartPole-v1,"CP-ppo-ac-NN(6,6)-(lr=1.0e-5)-(86-params)",classic_NN_6-6,40
25.0,25,212128,CartPole-v1,"CP-ppo-ac-NN(6,6)-(lr=1.0e-5)-(86-params)",classic_NN_6-6,40
48.0,48,212152,CartPole-v1,"CP-ppo-ac-NN(6,6)-(lr=1.0e-5)-(86-params)",classic_NN_6-6,40
50.0,50,212192,CartPole-v1,"CP-ppo-ac-NN(6,6)-(lr=1.0e-5)-(86-params)",classic_NN_6-6,40
16.0,16,212192,CartPole-v1,"CP-ppo-ac-NN(6,6)-(lr=1.0e-5)-(86-params)",classic_NN_6-6,40
37.0,37,212216,CartPole-v1,"CP-ppo-ac-NN(6,6)-(lr=1.0e-5)-(86-params)",classic_NN_6-6,40
21.0,21,212276,CartPole-v1,"CP-ppo-ac-NN(6,6)-(lr=1.0e-5)-(86-params)",classic_NN_6-6,40
24.0,24,212288,CartPole-v1,"CP-ppo-ac-NN(6,6)-(lr=1.0e-5)-(86-params)",classic_NN_6-6,40
36.0,36,212296,CartPole-v1,"CP-ppo-ac-NN(6,6)-(lr=1.0e-5)-(86-params)",classic_NN_6-6,40
14.0,14,212332,CartPole-v1,"CP-ppo-ac-NN(6,6)-(lr=1.0e-5)-(86-params)",classic_NN_6-6,40
27.0,27,212396,CartPole-v1,"CP-ppo-ac-NN(6,6)-(lr=1.0e-5)-(86-params)",classic_NN_6-6,40
21.0,21,212416,CartPole-v1,"CP-ppo-ac-NN(6,6)-(lr=1.0e-5)-(86-params)",classic_NN_6-6,40
31.0,31,212420,CartPole-v1,"CP-ppo-ac-NN(6,6)-(lr=1.0e-5)-(86-params)",classic_NN_6-6,40
69.0,69,212492,CartPole-v1,"CP-ppo-ac-NN(6,6)-(lr=1.0e-5)-(86-params)",classic_NN_6-6,40
22.0,22,212508,CartPole-v1,"CP-ppo-ac-NN(6,6)-(lr=1.0e-5)-(86-params)",classic_NN_6-6,40
26.0,26,212520,CartPole-v1,"CP-ppo-ac-NN(6,6)-(lr=1.0e-5)-(86-params)",classic_NN_6-6,40
26.0,26,212624,CartPole-v1,"CP-ppo-ac-NN(6,6)-(lr=1.0e-5)-(86-params)",classic_NN_6-6,40
44.0,44,212668,CartPole-v1,"CP-ppo-ac-NN(6,6)-(lr=1.0e-5)-(86-params)",classic_NN_6-6,40
41.0,41,212672,CartPole-v1,"CP-ppo-ac-NN(6,6)-(lr=1.0e-5)-(86-params)",classic_NN_6-6,40
11.0,11,212716,CartPole-v1,"CP-ppo-ac-NN(6,6)-(lr=1.0e-5)-(86-params)",classic_NN_6-6,40
84.0,84,212732,CartPole-v1,"CP-ppo-ac-NN(6,6)-(lr=1.0e-5)-(86-params)",classic_NN_6-6,40
19.0,19,212744,CartPole-v1,"CP-ppo-ac-NN(6,6)-(lr=1.0e-5)-(86-params)",classic_NN_6-6,40
14.0,14,212788,CartPole-v1,"CP-ppo-ac-NN(6,6)-(lr=1.0e-5)-(86-params)",classic_NN_6-6,40
41.0,41,212788,CartPole-v1,"CP-ppo-ac-NN(6,6)-(lr=1.0e-5)-(86-params)",classic_NN_6-6,40
21.0,21,212828,CartPole-v1,"CP-ppo-ac-NN(6,6)-(lr=1.0e-5)-(86-params)",classic_NN_6-6,40
30.0,30,212836,CartPole-v1,"CP-ppo-ac-NN(6,6)-(lr=1.0e-5)-(86-params)",classic_NN_6-6,40
21.0,21,212872,CartPole-v1,"CP-ppo-ac-NN(6,6)-(lr=1.0e-5)-(86-params)",classic_NN_6-6,40
17.0,17,212904,CartPole-v1,"CP-ppo-ac-NN(6,6)-(lr=1.0e-5)-(86-params)",classic_NN_6-6,40
39.0,39,212944,CartPole-v1,"CP-ppo-ac-NN(6,6)-(lr=1.0e-5)-(86-params)",classic_NN_6-6,40
28.0,28,212984,CartPole-v1,"CP-ppo-ac-NN(6,6)-(lr=1.0e-5)-(86-params)",classic_NN_6-6,40
40.0,40,212988,CartPole-v1,"CP-ppo-ac-NN(6,6)-(lr=1.0e-5)-(86-params)",classic_NN_6-6,40
14.0,14,213000,CartPole-v1,"CP-ppo-ac-NN(6,6)-(lr=1.0e-5)-(86-params)",classic_NN_6-6,40
14.0,14,213044,CartPole-v1,"CP-ppo-ac-NN(6,6)-(lr=1.0e-5)-(86-params)",classic_NN_6-6,40
21.0,21,213068,CartPole-v1,"CP-ppo-ac-NN(6,6)-(lr=1.0e-5)-(86-params)",classic_NN_6-6,40
45.0,45,213084,CartPole-v1,"CP-ppo-ac-NN(6,6)-(lr=1.0e-5)-(86-params)",classic_NN_6-6,40
16.0,16,213108,CartPole-v1,"CP-ppo-ac-NN(6,6)-(lr=1.0e-5)-(86-params)",classic_NN_6-6,40
10.0,10,213124,CartPole-v1,"CP-ppo-ac-NN(6,6)-(lr=1.0e-5)-(86-params)",classic_NN_6-6,40
12.0,12,213156,CartPole-v1,"CP-ppo-ac-NN(6,6)-(lr=1.0e-5)-(86-params)",classic_NN_6-6,40
31.0,31,213192,CartPole-v1,"CP-ppo-ac-NN(6,6)-(lr=1.0e-5)-(86-params)",classic_NN_6-6,40
49.0,49,213196,CartPole-v1,"CP-ppo-ac-NN(6,6)-(lr=1.0e-5)-(86-params)",classic_NN_6-6,40
18.0,18,213196,CartPole-v1,"CP-ppo-ac-NN(6,6)-(lr=1.0e-5)-(86-params)",classic_NN_6-6,40
16.0,16,213220,CartPole-v1,"CP-ppo-ac-NN(6,6)-(lr=1.0e-5)-(86-params)",classic_NN_6-6,40
20.0,20,213300,CartPole-v1,"CP-ppo-ac-NN(6,6)-(lr=1.0e-5)-(86-params)",classic_NN_6-6,40
31.0,31,213316,CartPole-v1,"CP-ppo-ac-NN(6,6)-(lr=1.0e-5)-(86-params)",classic_NN_6-6,40
18.0,18,213388,CartPole-v1,"CP-ppo-ac-NN(6,6)-(lr=1.0e-5)-(86-params)",classic_NN_6-6,40
53.0,53,213408,CartPole-v1,"CP-ppo-ac-NN(6,6)-(lr=1.0e-5)-(86-params)",classic_NN_6-6,40
31.0,31,213424,CartPole-v1,"CP-ppo-ac-NN(6,6)-(lr=1.0e-5)-(86-params)",classic_NN_6-6,40
63.0,63,213448,CartPole-v1,"CP-ppo-ac-NN(6,6)-(lr=1.0e-5)-(86-params)",classic_NN_6-6,40
18.0,18,213480,CartPole-v1,"CP-ppo-ac-NN(6,6)-(lr=1.0e-5)-(86-params)",classic_NN_6-6,40
26.0,26,213492,CartPole-v1,"CP-ppo-ac-NN(6,6)-(lr=1.0e-5)-(86-params)",classic_NN_6-6,40
18.0,18,213520,CartPole-v1,"CP-ppo-ac-NN(6,6)-(lr=1.0e-5)-(86-params)",classic_NN_6-6,40
11.0,11,213524,CartPole-v1,"CP-ppo-ac-NN(6,6)-(lr=1.0e-5)-(86-params)",classic_NN_6-6,40
15.0,15,213552,CartPole-v1,"CP-ppo-ac-NN(6,6)-(lr=1.0e-5)-(86-params)",classic_NN_6-6,40
14.0,14,213580,CartPole-v1,"CP-ppo-ac-NN(6,6)-(lr=1.0e-5)-(86-params)",classic_NN_6-6,40
17.0,17,213588,CartPole-v1,"CP-ppo-ac-NN(6,6)-(lr=1.0e-5)-(86-params)",classic_NN_6-6,40
42.0,42,213592,CartPole-v1,"CP-ppo-ac-NN(6,6)-(lr=1.0e-5)-(86-params)",classic_NN_6-6,40
17.0,17,213620,CartPole-v1,"CP-ppo-ac-NN(6,6)-(lr=1.0e-5)-(86-params)",classic_NN_6-6,40
12.0,12,213628,CartPole-v1,"CP-ppo-ac-NN(6,6)-(lr=1.0e-5)-(86-params)",classic_NN_6-6,40
16.0,16,213656,CartPole-v1,"CP-ppo-ac-NN(6,6)-(lr=1.0e-5)-(86-params)",classic_NN_6-6,40
23.0,23,213680,CartPole-v1,"CP-ppo-ac-NN(6,6)-(lr=1.0e-5)-(86-params)",classic_NN_6-6,40
19.0,19,213704,CartPole-v1,"CP-ppo-ac-NN(6,6)-(lr=1.0e-5)-(86-params)",classic_NN_6-6,40
14.0,14,213712,CartPole-v1,"CP-ppo-ac-NN(6,6)-(lr=1.0e-5)-(86-params)",classic_NN_6-6,40
27.0,27,213728,CartPole-v1,"CP-ppo-ac-NN(6,6)-(lr=1.0e-5)-(86-params)",classic_NN_6-6,40
13.0,13,213732,CartPole-v1,"CP-ppo-ac-NN(6,6)-(lr=1.0e-5)-(86-params)",classic_NN_6-6,40
28.0,28,213816,CartPole-v1,"CP-ppo-ac-NN(6,6)-(lr=1.0e-5)-(86-params)",classic_NN_6-6,40
24.0,24,213828,CartPole-v1,"CP-ppo-ac-NN(6,6)-(lr=1.0e-5)-(86-params)",classic_NN_6-6,40
13.0,13,213868,CartPole-v1,"CP-ppo-ac-NN(6,6)-(lr=1.0e-5)-(86-params)",classic_NN_6-6,40
50.0,50,213928,CartPole-v1,"CP-ppo-ac-NN(6,6)-(lr=1.0e-5)-(86-params)",classic_NN_6-6,40
16.0,16,213932,CartPole-v1,"CP-ppo-ac-NN(6,6)-(lr=1.0e-5)-(86-params)",classic_NN_6-6,40
37.0,37,213976,CartPole-v1,"CP-ppo-ac-NN(6,6)-(lr=1.0e-5)-(86-params)",classic_NN_6-6,40
18.0,18,214000,CartPole-v1,"CP-ppo-ac-NN(6,6)-(lr=1.0e-5)-(86-params)",classic_NN_6-6,40
26.0,26,214036,CartPole-v1,"CP-ppo-ac-NN(6,6)-(lr=1.0e-5)-(86-params)",classic_NN_6-6,40
21.0,21,214120,CartPole-v1,"CP-ppo-ac-NN(6,6)-(lr=1.0e-5)-(86-params)",classic_NN_6-6,40
103.0,103,214124,CartPole-v1,"CP-ppo-ac-NN(6,6)-(lr=1.0e-5)-(86-params)",classic_NN_6-6,40
41.0,41,214140,CartPole-v1,"CP-ppo-ac-NN(6,6)-(lr=1.0e-5)-(86-params)",classic_NN_6-6,40
41.0,41,214164,CartPole-v1,"CP-ppo-ac-NN(6,6)-(lr=1.0e-5)-(86-params)",classic_NN_6-6,40
13.0,13,214176,CartPole-v1,"CP-ppo-ac-NN(6,6)-(lr=1.0e-5)-(86-params)",classic_NN_6-6,40
29.0,29,214236,CartPole-v1,"CP-ppo-ac-NN(6,6)-(lr=1.0e-5)-(86-params)",classic_NN_6-6,40
39.0,39,214296,CartPole-v1,"CP-ppo-ac-NN(6,6)-(lr=1.0e-5)-(86-params)",classic_NN_6-6,40
17.0,17,214304,CartPole-v1,"CP-ppo-ac-NN(6,6)-(lr=1.0e-5)-(86-params)",classic_NN_6-6,40
16.0,16,214368,CartPole-v1,"CP-ppo-ac-NN(6,6)-(lr=1.0e-5)-(86-params)",classic_NN_6-6,40
53.0,53,214376,CartPole-v1,"CP-ppo-ac-NN(6,6)-(lr=1.0e-5)-(86-params)",classic_NN_6-6,40
54.0,54,214392,CartPole-v1,"CP-ppo-ac-NN(6,6)-(lr=1.0e-5)-(86-params)",classic_NN_6-6,40
17.0,17,214444,CartPole-v1,"CP-ppo-ac-NN(6,6)-(lr=1.0e-5)-(86-params)",classic_NN_6-6,40
31.0,31,214492,CartPole-v1,"CP-ppo-ac-NN(6,6)-(lr=1.0e-5)-(86-params)",classic_NN_6-6,40
53.0,53,214508,CartPole-v1,"CP-ppo-ac-NN(6,6)-(lr=1.0e-5)-(86-params)",classic_NN_6-6,40
29.0,29,214508,CartPole-v1,"CP-ppo-ac-NN(6,6)-(lr=1.0e-5)-(86-params)",classic_NN_6-6,40
24.0,24,214588,CartPole-v1,"CP-ppo-ac-NN(6,6)-(lr=1.0e-5)-(86-params)",classic_NN_6-6,40
49.0,49,214640,CartPole-v1,"CP-ppo-ac-NN(6,6)-(lr=1.0e-5)-(86-params)",classic_NN_6-6,40
22.0,22,214676,CartPole-v1,"CP-ppo-ac-NN(6,6)-(lr=1.0e-5)-(86-params)",classic_NN_6-6,40
44.0,44,214684,CartPole-v1,"CP-ppo-ac-NN(6,6)-(lr=1.0e-5)-(86-params)",classic_NN_6-6,40
47.0,47,214696,CartPole-v1,"CP-ppo-ac-NN(6,6)-(lr=1.0e-5)-(86-params)",classic_NN_6-6,40
15.0,15,214756,CartPole-v1,"CP-ppo-ac-NN(6,6)-(lr=1.0e-5)-(86-params)",classic_NN_6-6,40
25.0,25,214784,CartPole-v1,"CP-ppo-ac-NN(6,6)-(lr=1.0e-5)-(86-params)",classic_NN_6-6,40
42.0,42,214808,CartPole-v1,"CP-ppo-ac-NN(6,6)-(lr=1.0e-5)-(86-params)",classic_NN_6-6,40
15.0,15,214816,CartPole-v1,"CP-ppo-ac-NN(6,6)-(lr=1.0e-5)-(86-params)",classic_NN_6-6,40
16.0,16,214848,CartPole-v1,"CP-ppo-ac-NN(6,6)-(lr=1.0e-5)-(86-params)",classic_NN_6-6,40
21.0,21,214932,CartPole-v1,"CP-ppo-ac-NN(6,6)-(lr=1.0e-5)-(86-params)",classic_NN_6-6,40
32.0,32,214936,CartPole-v1,"CP-ppo-ac-NN(6,6)-(lr=1.0e-5)-(86-params)",classic_NN_6-6,40
65.0,65,214936,CartPole-v1,"CP-ppo-ac-NN(6,6)-(lr=1.0e-5)-(86-params)",classic_NN_6-6,40
34.0,34,214952,CartPole-v1,"CP-ppo-ac-NN(6,6)-(lr=1.0e-5)-(86-params)",classic_NN_6-6,40
17.0,17,215000,CartPole-v1,"CP-ppo-ac-NN(6,6)-(lr=1.0e-5)-(86-params)",classic_NN_6-6,40
26.0,26,215040,CartPole-v1,"CP-ppo-ac-NN(6,6)-(lr=1.0e-5)-(86-params)",classic_NN_6-6,40
24.0,24,215048,CartPole-v1,"CP-ppo-ac-NN(6,6)-(lr=1.0e-5)-(86-params)",classic_NN_6-6,40
14.0,14,215104,CartPole-v1,"CP-ppo-ac-NN(6,6)-(lr=1.0e-5)-(86-params)",classic_NN_6-6,40
18.0,18,215112,CartPole-v1,"CP-ppo-ac-NN(6,6)-(lr=1.0e-5)-(86-params)",classic_NN_6-6,40
20.0,20,215184,CartPole-v1,"CP-ppo-ac-NN(6,6)-(lr=1.0e-5)-(86-params)",classic_NN_6-6,40
47.0,47,215188,CartPole-v1,"CP-ppo-ac-NN(6,6)-(lr=1.0e-5)-(86-params)",classic_NN_6-6,40
23.0,23,215204,CartPole-v1,"CP-ppo-ac-NN(6,6)-(lr=1.0e-5)-(86-params)",classic_NN_6-6,40
74.0,74,215232,CartPole-v1,"CP-ppo-ac-NN(6,6)-(lr=1.0e-5)-(86-params)",classic_NN_6-6,40
13.0,13,215236,CartPole-v1,"CP-ppo-ac-NN(6,6)-(lr=1.0e-5)-(86-params)",classic_NN_6-6,40
12.0,12,215280,CartPole-v1,"CP-ppo-ac-NN(6,6)-(lr=1.0e-5)-(86-params)",classic_NN_6-6,40
13.0,13,215288,CartPole-v1,"CP-ppo-ac-NN(6,6)-(lr=1.0e-5)-(86-params)",classic_NN_6-6,40
22.0,22,215292,CartPole-v1,"CP-ppo-ac-NN(6,6)-(lr=1.0e-5)-(86-params)",classic_NN_6-6,40
10.0,10,215332,CartPole-v1,"CP-ppo-ac-NN(6,6)-(lr=1.0e-5)-(86-params)",classic_NN_6-6,40
37.0,37,215336,CartPole-v1,"CP-ppo-ac-NN(6,6)-(lr=1.0e-5)-(86-params)",classic_NN_6-6,40
16.0,16,215352,CartPole-v1,"CP-ppo-ac-NN(6,6)-(lr=1.0e-5)-(86-params)",classic_NN_6-6,40
22.0,22,215368,CartPole-v1,"CP-ppo-ac-NN(6,6)-(lr=1.0e-5)-(86-params)",classic_NN_6-6,40
16.0,16,215396,CartPole-v1,"CP-ppo-ac-NN(6,6)-(lr=1.0e-5)-(86-params)",classic_NN_6-6,40
17.0,17,215404,CartPole-v1,"CP-ppo-ac-NN(6,6)-(lr=1.0e-5)-(86-params)",classic_NN_6-6,40
15.0,15,215412,CartPole-v1,"CP-ppo-ac-NN(6,6)-(lr=1.0e-5)-(86-params)",classic_NN_6-6,40
15.0,15,215464,CartPole-v1,"CP-ppo-ac-NN(6,6)-(lr=1.0e-5)-(86-params)",classic_NN_6-6,40
20.0,20,215492,CartPole-v1,"CP-ppo-ac-NN(6,6)-(lr=1.0e-5)-(86-params)",classic_NN_6-6,40
32.0,32,215496,CartPole-v1,"CP-ppo-ac-NN(6,6)-(lr=1.0e-5)-(86-params)",classic_NN_6-6,40
43.0,43,215568,CartPole-v1,"CP-ppo-ac-NN(6,6)-(lr=1.0e-5)-(86-params)",classic_NN_6-6,40
38.0,38,215616,CartPole-v1,"CP-ppo-ac-NN(6,6)-(lr=1.0e-5)-(86-params)",classic_NN_6-6,40
38.0,38,215648,CartPole-v1,"CP-ppo-ac-NN(6,6)-(lr=1.0e-5)-(86-params)",classic_NN_6-6,40
57.0,57,215720,CartPole-v1,"CP-ppo-ac-NN(6,6)-(lr=1.0e-5)-(86-params)",classic_NN_6-6,40
38.0,38,215720,CartPole-v1,"CP-ppo-ac-NN(6,6)-(lr=1.0e-5)-(86-params)",classic_NN_6-6,40
28.0,28,215728,CartPole-v1,"CP-ppo-ac-NN(6,6)-(lr=1.0e-5)-(86-params)",classic_NN_6-6,40
14.0,14,215776,CartPole-v1,"CP-ppo-ac-NN(6,6)-(lr=1.0e-5)-(86-params)",classic_NN_6-6,40
38.0,38,215800,CartPole-v1,"CP-ppo-ac-NN(6,6)-(lr=1.0e-5)-(86-params)",classic_NN_6-6,40
21.0,21,215804,CartPole-v1,"CP-ppo-ac-NN(6,6)-(lr=1.0e-5)-(86-params)",classic_NN_6-6,40
24.0,24,215824,CartPole-v1,"CP-ppo-ac-NN(6,6)-(lr=1.0e-5)-(86-params)",classic_NN_6-6,40
22.0,22,215864,CartPole-v1,"CP-ppo-ac-NN(6,6)-(lr=1.0e-5)-(86-params)",classic_NN_6-6,40
23.0,23,215916,CartPole-v1,"CP-ppo-ac-NN(6,6)-(lr=1.0e-5)-(86-params)",classic_NN_6-6,40
31.0,31,215928,CartPole-v1,"CP-ppo-ac-NN(6,6)-(lr=1.0e-5)-(86-params)",classic_NN_6-6,40
34.0,34,215936,CartPole-v1,"CP-ppo-ac-NN(6,6)-(lr=1.0e-5)-(86-params)",classic_NN_6-6,40
22.0,22,215952,CartPole-v1,"CP-ppo-ac-NN(6,6)-(lr=1.0e-5)-(86-params)",classic_NN_6-6,40
16.0,16,215980,CartPole-v1,"CP-ppo-ac-NN(6,6)-(lr=1.0e-5)-(86-params)",classic_NN_6-6,40
19.0,19,216004,CartPole-v1,"CP-ppo-ac-NN(6,6)-(lr=1.0e-5)-(86-params)",classic_NN_6-6,40
20.0,20,216016,CartPole-v1,"CP-ppo-ac-NN(6,6)-(lr=1.0e-5)-(86-params)",classic_NN_6-6,40
19.0,19,216056,CartPole-v1,"CP-ppo-ac-NN(6,6)-(lr=1.0e-5)-(86-params)",classic_NN_6-6,40
33.0,33,216084,CartPole-v1,"CP-ppo-ac-NN(6,6)-(lr=1.0e-5)-(86-params)",classic_NN_6-6,40
19.0,19,216132,CartPole-v1,"CP-ppo-ac-NN(6,6)-(lr=1.0e-5)-(86-params)",classic_NN_6-6,40
39.0,39,216172,CartPole-v1,"CP-ppo-ac-NN(6,6)-(lr=1.0e-5)-(86-params)",classic_NN_6-6,40
45.0,45,216184,CartPole-v1,"CP-ppo-ac-NN(6,6)-(lr=1.0e-5)-(86-params)",classic_NN_6-6,40
31.0,31,216208,CartPole-v1,"CP-ppo-ac-NN(6,6)-(lr=1.0e-5)-(86-params)",classic_NN_6-6,40
16.0,16,216236,CartPole-v1,"CP-ppo-ac-NN(6,6)-(lr=1.0e-5)-(86-params)",classic_NN_6-6,40
16.0,16,216272,CartPole-v1,"CP-ppo-ac-NN(6,6)-(lr=1.0e-5)-(86-params)",classic_NN_6-6,40
51.0,51,216336,CartPole-v1,"CP-ppo-ac-NN(6,6)-(lr=1.0e-5)-(86-params)",classic_NN_6-6,40
27.0,27,216344,CartPole-v1,"CP-ppo-ac-NN(6,6)-(lr=1.0e-5)-(86-params)",classic_NN_6-6,40
42.0,42,216352,CartPole-v1,"CP-ppo-ac-NN(6,6)-(lr=1.0e-5)-(86-params)",classic_NN_6-6,40
32.0,32,216400,CartPole-v1,"CP-ppo-ac-NN(6,6)-(lr=1.0e-5)-(86-params)",classic_NN_6-6,40
17.0,17,216412,CartPole-v1,"CP-ppo-ac-NN(6,6)-(lr=1.0e-5)-(86-params)",classic_NN_6-6,40
26.0,26,216440,CartPole-v1,"CP-ppo-ac-NN(6,6)-(lr=1.0e-5)-(86-params)",classic_NN_6-6,40
12.0,12,216488,CartPole-v1,"CP-ppo-ac-NN(6,6)-(lr=1.0e-5)-(86-params)",classic_NN_6-6,40
24.0,24,216508,CartPole-v1,"CP-ppo-ac-NN(6,6)-(lr=1.0e-5)-(86-params)",classic_NN_6-6,40
43.0,43,216572,CartPole-v1,"CP-ppo-ac-NN(6,6)-(lr=1.0e-5)-(86-params)",classic_NN_6-6,40
57.0,57,216580,CartPole-v1,"CP-ppo-ac-NN(6,6)-(lr=1.0e-5)-(86-params)",classic_NN_6-6,40
19.0,19,216584,CartPole-v1,"CP-ppo-ac-NN(6,6)-(lr=1.0e-5)-(86-params)",classic_NN_6-6,40
21.0,21,216656,CartPole-v1,"CP-ppo-ac-NN(6,6)-(lr=1.0e-5)-(86-params)",classic_NN_6-6,40
42.0,42,216656,CartPole-v1,"CP-ppo-ac-NN(6,6)-(lr=1.0e-5)-(86-params)",classic_NN_6-6,40
20.0,20,216664,CartPole-v1,"CP-ppo-ac-NN(6,6)-(lr=1.0e-5)-(86-params)",classic_NN_6-6,40
34.0,34,216716,CartPole-v1,"CP-ppo-ac-NN(6,6)-(lr=1.0e-5)-(86-params)",classic_NN_6-6,40
27.0,27,216772,CartPole-v1,"CP-ppo-ac-NN(6,6)-(lr=1.0e-5)-(86-params)",classic_NN_6-6,40
30.0,30,216776,CartPole-v1,"CP-ppo-ac-NN(6,6)-(lr=1.0e-5)-(86-params)",classic_NN_6-6,40
32.0,32,216784,CartPole-v1,"CP-ppo-ac-NN(6,6)-(lr=1.0e-5)-(86-params)",classic_NN_6-6,40
24.0,24,216812,CartPole-v1,"CP-ppo-ac-NN(6,6)-(lr=1.0e-5)-(86-params)",classic_NN_6-6,40
10.0,10,216852,CartPole-v1,"CP-ppo-ac-NN(6,6)-(lr=1.0e-5)-(86-params)",classic_NN_6-6,40
33.0,33,216908,CartPole-v1,"CP-ppo-ac-NN(6,6)-(lr=1.0e-5)-(86-params)",classic_NN_6-6,40
38.0,38,216924,CartPole-v1,"CP-ppo-ac-NN(6,6)-(lr=1.0e-5)-(86-params)",classic_NN_6-6,40
23.0,23,216944,CartPole-v1,"CP-ppo-ac-NN(6,6)-(lr=1.0e-5)-(86-params)",classic_NN_6-6,40
41.0,41,216948,CartPole-v1,"CP-ppo-ac-NN(6,6)-(lr=1.0e-5)-(86-params)",classic_NN_6-6,40
44.0,44,217100,CartPole-v1,"CP-ppo-ac-NN(6,6)-(lr=1.0e-5)-(86-params)",classic_NN_6-6,40
40.0,40,217104,CartPole-v1,"CP-ppo-ac-NN(6,6)-(lr=1.0e-5)-(86-params)",classic_NN_6-6,40
45.0,45,217128,CartPole-v1,"CP-ppo-ac-NN(6,6)-(lr=1.0e-5)-(86-params)",classic_NN_6-6,40
14.0,14,217156,CartPole-v1,"CP-ppo-ac-NN(6,6)-(lr=1.0e-5)-(86-params)",classic_NN_6-6,40
27.0,27,217212,CartPole-v1,"CP-ppo-ac-NN(6,6)-(lr=1.0e-5)-(86-params)",classic_NN_6-6,40
78.0,78,217220,CartPole-v1,"CP-ppo-ac-NN(6,6)-(lr=1.0e-5)-(86-params)",classic_NN_6-6,40
17.0,17,217224,CartPole-v1,"CP-ppo-ac-NN(6,6)-(lr=1.0e-5)-(86-params)",classic_NN_6-6,40
15.0,15,217272,CartPole-v1,"CP-ppo-ac-NN(6,6)-(lr=1.0e-5)-(86-params)",classic_NN_6-6,40
14.0,14,217280,CartPole-v1,"CP-ppo-ac-NN(6,6)-(lr=1.0e-5)-(86-params)",classic_NN_6-6,40
35.0,35,217360,CartPole-v1,"CP-ppo-ac-NN(6,6)-(lr=1.0e-5)-(86-params)",classic_NN_6-6,40
64.0,64,217384,CartPole-v1,"CP-ppo-ac-NN(6,6)-(lr=1.0e-5)-(86-params)",classic_NN_6-6,40
29.0,29,217388,CartPole-v1,"CP-ppo-ac-NN(6,6)-(lr=1.0e-5)-(86-params)",classic_NN_6-6,40
18.0,18,217432,CartPole-v1,"CP-ppo-ac-NN(6,6)-(lr=1.0e-5)-(86-params)",classic_NN_6-6,40
12.0,12,217432,CartPole-v1,"CP-ppo-ac-NN(6,6)-(lr=1.0e-5)-(86-params)",classic_NN_6-6,40
45.0,45,217460,CartPole-v1,"CP-ppo-ac-NN(6,6)-(lr=1.0e-5)-(86-params)",classic_NN_6-6,40
28.0,28,217500,CartPole-v1,"CP-ppo-ac-NN(6,6)-(lr=1.0e-5)-(86-params)",classic_NN_6-6,40
30.0,30,217552,CartPole-v1,"CP-ppo-ac-NN(6,6)-(lr=1.0e-5)-(86-params)",classic_NN_6-6,40
31.0,31,217556,CartPole-v1,"CP-ppo-ac-NN(6,6)-(lr=1.0e-5)-(86-params)",classic_NN_6-6,40
18.0,18,217572,CartPole-v1,"CP-ppo-ac-NN(6,6)-(lr=1.0e-5)-(86-params)",classic_NN_6-6,40
34.0,34,217596,CartPole-v1,"CP-ppo-ac-NN(6,6)-(lr=1.0e-5)-(86-params)",classic_NN_6-6,40
17.0,17,217620,CartPole-v1,"CP-ppo-ac-NN(6,6)-(lr=1.0e-5)-(86-params)",classic_NN_6-6,40
18.0,18,217628,CartPole-v1,"CP-ppo-ac-NN(6,6)-(lr=1.0e-5)-(86-params)",classic_NN_6-6,40
28.0,28,217684,CartPole-v1,"CP-ppo-ac-NN(6,6)-(lr=1.0e-5)-(86-params)",classic_NN_6-6,40
26.0,26,217700,CartPole-v1,"CP-ppo-ac-NN(6,6)-(lr=1.0e-5)-(86-params)",classic_NN_6-6,40
19.0,19,217704,CartPole-v1,"CP-ppo-ac-NN(6,6)-(lr=1.0e-5)-(86-params)",classic_NN_6-6,40
23.0,23,217712,CartPole-v1,"CP-ppo-ac-NN(6,6)-(lr=1.0e-5)-(86-params)",classic_NN_6-6,40
22.0,22,217792,CartPole-v1,"CP-ppo-ac-NN(6,6)-(lr=1.0e-5)-(86-params)",classic_NN_6-6,40
11.0,11,217836,CartPole-v1,"CP-ppo-ac-NN(6,6)-(lr=1.0e-5)-(86-params)",classic_NN_6-6,40
31.0,31,217836,CartPole-v1,"CP-ppo-ac-NN(6,6)-(lr=1.0e-5)-(86-params)",classic_NN_6-6,40
43.0,43,217856,CartPole-v1,"CP-ppo-ac-NN(6,6)-(lr=1.0e-5)-(86-params)",classic_NN_6-6,40
44.0,44,217876,CartPole-v1,"CP-ppo-ac-NN(6,6)-(lr=1.0e-5)-(86-params)",classic_NN_6-6,40
22.0,22,217924,CartPole-v1,"CP-ppo-ac-NN(6,6)-(lr=1.0e-5)-(86-params)",classic_NN_6-6,40
24.0,24,218020,CartPole-v1,"CP-ppo-ac-NN(6,6)-(lr=1.0e-5)-(86-params)",classic_NN_6-6,40
44.0,44,218032,CartPole-v1,"CP-ppo-ac-NN(6,6)-(lr=1.0e-5)-(86-params)",classic_NN_6-6,40
48.0,48,218068,CartPole-v1,"CP-ppo-ac-NN(6,6)-(lr=1.0e-5)-(86-params)",classic_NN_6-6,40
61.0,61,218080,CartPole-v1,"CP-ppo-ac-NN(6,6)-(lr=1.0e-5)-(86-params)",classic_NN_6-6,40
17.0,17,218088,CartPole-v1,"CP-ppo-ac-NN(6,6)-(lr=1.0e-5)-(86-params)",classic_NN_6-6,40
13.0,13,218140,CartPole-v1,"CP-ppo-ac-NN(6,6)-(lr=1.0e-5)-(86-params)",classic_NN_6-6,40
29.0,29,218148,CartPole-v1,"CP-ppo-ac-NN(6,6)-(lr=1.0e-5)-(86-params)",classic_NN_6-6,40
36.0,36,218212,CartPole-v1,"CP-ppo-ac-NN(6,6)-(lr=1.0e-5)-(86-params)",classic_NN_6-6,40
20.0,20,218228,CartPole-v1,"CP-ppo-ac-NN(6,6)-(lr=1.0e-5)-(86-params)",classic_NN_6-6,40
24.0,24,218236,CartPole-v1,"CP-ppo-ac-NN(6,6)-(lr=1.0e-5)-(86-params)",classic_NN_6-6,40
50.0,50,218280,CartPole-v1,"CP-ppo-ac-NN(6,6)-(lr=1.0e-5)-(86-params)",classic_NN_6-6,40
20.0,20,218292,CartPole-v1,"CP-ppo-ac-NN(6,6)-(lr=1.0e-5)-(86-params)",classic_NN_6-6,40
22.0,22,218316,CartPole-v1,"CP-ppo-ac-NN(6,6)-(lr=1.0e-5)-(86-params)",classic_NN_6-6,40
25.0,25,218336,CartPole-v1,"CP-ppo-ac-NN(6,6)-(lr=1.0e-5)-(86-params)",classic_NN_6-6,40
20.0,20,218360,CartPole-v1,"CP-ppo-ac-NN(6,6)-(lr=1.0e-5)-(86-params)",classic_NN_6-6,40
31.0,31,218440,CartPole-v1,"CP-ppo-ac-NN(6,6)-(lr=1.0e-5)-(86-params)",classic_NN_6-6,40
40.0,40,218452,CartPole-v1,"CP-ppo-ac-NN(6,6)-(lr=1.0e-5)-(86-params)",classic_NN_6-6,40
31.0,31,218460,CartPole-v1,"CP-ppo-ac-NN(6,6)-(lr=1.0e-5)-(86-params)",classic_NN_6-6,40
25.0,25,218460,CartPole-v1,"CP-ppo-ac-NN(6,6)-(lr=1.0e-5)-(86-params)",classic_NN_6-6,40
13.0,13,218492,CartPole-v1,"CP-ppo-ac-NN(6,6)-(lr=1.0e-5)-(86-params)",classic_NN_6-6,40
14.0,14,218508,CartPole-v1,"CP-ppo-ac-NN(6,6)-(lr=1.0e-5)-(86-params)",classic_NN_6-6,40
17.0,17,218528,CartPole-v1,"CP-ppo-ac-NN(6,6)-(lr=1.0e-5)-(86-params)",classic_NN_6-6,40
21.0,21,218544,CartPole-v1,"CP-ppo-ac-NN(6,6)-(lr=1.0e-5)-(86-params)",classic_NN_6-6,40
19.0,19,218584,CartPole-v1,"CP-ppo-ac-NN(6,6)-(lr=1.0e-5)-(86-params)",classic_NN_6-6,40
19.0,19,218604,CartPole-v1,"CP-ppo-ac-NN(6,6)-(lr=1.0e-5)-(86-params)",classic_NN_6-6,40
21.0,21,218668,CartPole-v1,"CP-ppo-ac-NN(6,6)-(lr=1.0e-5)-(86-params)",classic_NN_6-6,40
42.0,42,218712,CartPole-v1,"CP-ppo-ac-NN(6,6)-(lr=1.0e-5)-(86-params)",classic_NN_6-6,40
37.0,37,218752,CartPole-v1,"CP-ppo-ac-NN(6,6)-(lr=1.0e-5)-(86-params)",classic_NN_6-6,40
69.0,69,218768,CartPole-v1,"CP-ppo-ac-NN(6,6)-(lr=1.0e-5)-(86-params)",classic_NN_6-6,40
16.0,16,218776,CartPole-v1,"CP-ppo-ac-NN(6,6)-(lr=1.0e-5)-(86-params)",classic_NN_6-6,40
29.0,29,218784,CartPole-v1,"CP-ppo-ac-NN(6,6)-(lr=1.0e-5)-(86-params)",classic_NN_6-6,40
14.0,14,218808,CartPole-v1,"CP-ppo-ac-NN(6,6)-(lr=1.0e-5)-(86-params)",classic_NN_6-6,40
23.0,23,218860,CartPole-v1,"CP-ppo-ac-NN(6,6)-(lr=1.0e-5)-(86-params)",classic_NN_6-6,40
28.0,28,218888,CartPole-v1,"CP-ppo-ac-NN(6,6)-(lr=1.0e-5)-(86-params)",classic_NN_6-6,40
34.0,34,218920,CartPole-v1,"CP-ppo-ac-NN(6,6)-(lr=1.0e-5)-(86-params)",classic_NN_6-6,40
31.0,31,218932,CartPole-v1,"CP-ppo-ac-NN(6,6)-(lr=1.0e-5)-(86-params)",classic_NN_6-6,40
22.0,22,218948,CartPole-v1,"CP-ppo-ac-NN(6,6)-(lr=1.0e-5)-(86-params)",classic_NN_6-6,40
21.0,21,219004,CartPole-v1,"CP-ppo-ac-NN(6,6)-(lr=1.0e-5)-(86-params)",classic_NN_6-6,40
36.0,36,219032,CartPole-v1,"CP-ppo-ac-NN(6,6)-(lr=1.0e-5)-(86-params)",classic_NN_6-6,40
25.0,25,219032,CartPole-v1,"CP-ppo-ac-NN(6,6)-(lr=1.0e-5)-(86-params)",classic_NN_6-6,40
29.0,29,219064,CartPole-v1,"CP-ppo-ac-NN(6,6)-(lr=1.0e-5)-(86-params)",classic_NN_6-6,40
16.0,16,219096,CartPole-v1,"CP-ppo-ac-NN(6,6)-(lr=1.0e-5)-(86-params)",classic_NN_6-6,40
16.0,16,219128,CartPole-v1,"CP-ppo-ac-NN(6,6)-(lr=1.0e-5)-(86-params)",classic_NN_6-6,40
27.0,27,219140,CartPole-v1,"CP-ppo-ac-NN(6,6)-(lr=1.0e-5)-(86-params)",classic_NN_6-6,40
26.0,26,219200,CartPole-v1,"CP-ppo-ac-NN(6,6)-(lr=1.0e-5)-(86-params)",classic_NN_6-6,40
61.0,61,219248,CartPole-v1,"CP-ppo-ac-NN(6,6)-(lr=1.0e-5)-(86-params)",classic_NN_6-6,40
30.0,30,219260,CartPole-v1,"CP-ppo-ac-NN(6,6)-(lr=1.0e-5)-(86-params)",classic_NN_6-6,40
13.0,13,219300,CartPole-v1,"CP-ppo-ac-NN(6,6)-(lr=1.0e-5)-(86-params)",classic_NN_6-6,40
49.0,49,219324,CartPole-v1,"CP-ppo-ac-NN(6,6)-(lr=1.0e-5)-(86-params)",classic_NN_6-6,40
41.0,41,219364,CartPole-v1,"CP-ppo-ac-NN(6,6)-(lr=1.0e-5)-(86-params)",classic_NN_6-6,40
28.0,28,219372,CartPole-v1,"CP-ppo-ac-NN(6,6)-(lr=1.0e-5)-(86-params)",classic_NN_6-6,40
31.0,31,219424,CartPole-v1,"CP-ppo-ac-NN(6,6)-(lr=1.0e-5)-(86-params)",classic_NN_6-6,40
32.0,32,219452,CartPole-v1,"CP-ppo-ac-NN(6,6)-(lr=1.0e-5)-(86-params)",classic_NN_6-6,40
24.0,24,219460,CartPole-v1,"CP-ppo-ac-NN(6,6)-(lr=1.0e-5)-(86-params)",classic_NN_6-6,40
14.0,14,219480,CartPole-v1,"CP-ppo-ac-NN(6,6)-(lr=1.0e-5)-(86-params)",classic_NN_6-6,40
12.0,12,219508,CartPole-v1,"CP-ppo-ac-NN(6,6)-(lr=1.0e-5)-(86-params)",classic_NN_6-6,40
17.0,17,219520,CartPole-v1,"CP-ppo-ac-NN(6,6)-(lr=1.0e-5)-(86-params)",classic_NN_6-6,40
38.0,38,219524,CartPole-v1,"CP-ppo-ac-NN(6,6)-(lr=1.0e-5)-(86-params)",classic_NN_6-6,40
19.0,19,219584,CartPole-v1,"CP-ppo-ac-NN(6,6)-(lr=1.0e-5)-(86-params)",classic_NN_6-6,40
28.0,28,219592,CartPole-v1,"CP-ppo-ac-NN(6,6)-(lr=1.0e-5)-(86-params)",classic_NN_6-6,40
32.0,32,219652,CartPole-v1,"CP-ppo-ac-NN(6,6)-(lr=1.0e-5)-(86-params)",classic_NN_6-6,40
23.0,23,219684,CartPole-v1,"CP-ppo-ac-NN(6,6)-(lr=1.0e-5)-(86-params)",classic_NN_6-6,40
32.0,32,219780,CartPole-v1,"CP-ppo-ac-NN(6,6)-(lr=1.0e-5)-(86-params)",classic_NN_6-6,40
60.0,60,219824,CartPole-v1,"CP-ppo-ac-NN(6,6)-(lr=1.0e-5)-(86-params)",classic_NN_6-6,40
77.0,77,219828,CartPole-v1,"CP-ppo-ac-NN(6,6)-(lr=1.0e-5)-(86-params)",classic_NN_6-6,40
11.0,11,219868,CartPole-v1,"CP-ppo-ac-NN(6,6)-(lr=1.0e-5)-(86-params)",classic_NN_6-6,40
29.0,29,219896,CartPole-v1,"CP-ppo-ac-NN(6,6)-(lr=1.0e-5)-(86-params)",classic_NN_6-6,40
29.0,29,219944,CartPole-v1,"CP-ppo-ac-NN(6,6)-(lr=1.0e-5)-(86-params)",classic_NN_6-6,40
23.0,23,219960,CartPole-v1,"CP-ppo-ac-NN(6,6)-(lr=1.0e-5)-(86-params)",classic_NN_6-6,40
21.0,21,219980,CartPole-v1,"CP-ppo-ac-NN(6,6)-(lr=1.0e-5)-(86-params)",classic_NN_6-6,40
75.0,75,219984,CartPole-v1,"CP-ppo-ac-NN(6,6)-(lr=1.0e-5)-(86-params)",classic_NN_6-6,40
18.0,18,220032,CartPole-v1,"CP-ppo-ac-NN(6,6)-(lr=1.0e-5)-(86-params)",classic_NN_6-6,40
13.0,13,220032,CartPole-v1,"CP-ppo-ac-NN(6,6)-(lr=1.0e-5)-(86-params)",classic_NN_6-6,40
30.0,30,220064,CartPole-v1,"CP-ppo-ac-NN(6,6)-(lr=1.0e-5)-(86-params)",classic_NN_6-6,40
14.0,14,220088,CartPole-v1,"CP-ppo-ac-NN(6,6)-(lr=1.0e-5)-(86-params)",classic_NN_6-6,40
43.0,43,220156,CartPole-v1,"CP-ppo-ac-NN(6,6)-(lr=1.0e-5)-(86-params)",classic_NN_6-6,40
29.0,29,220204,CartPole-v1,"CP-ppo-ac-NN(6,6)-(lr=1.0e-5)-(86-params)",classic_NN_6-6,40
38.0,38,220216,CartPole-v1,"CP-ppo-ac-NN(6,6)-(lr=1.0e-5)-(86-params)",classic_NN_6-6,40
63.0,63,220284,CartPole-v1,"CP-ppo-ac-NN(6,6)-(lr=1.0e-5)-(86-params)",classic_NN_6-6,40
32.0,32,220284,CartPole-v1,"CP-ppo-ac-NN(6,6)-(lr=1.0e-5)-(86-params)",classic_NN_6-6,40
24.0,24,220312,CartPole-v1,"CP-ppo-ac-NN(6,6)-(lr=1.0e-5)-(86-params)",classic_NN_6-6,40
14.0,14,220340,CartPole-v1,"CP-ppo-ac-NN(6,6)-(lr=1.0e-5)-(86-params)",classic_NN_6-6,40
21.0,21,220396,CartPole-v1,"CP-ppo-ac-NN(6,6)-(lr=1.0e-5)-(86-params)",classic_NN_6-6,40
16.0,16,220404,CartPole-v1,"CP-ppo-ac-NN(6,6)-(lr=1.0e-5)-(86-params)",classic_NN_6-6,40
53.0,53,220416,CartPole-v1,"CP-ppo-ac-NN(6,6)-(lr=1.0e-5)-(86-params)",classic_NN_6-6,40
38.0,38,220436,CartPole-v1,"CP-ppo-ac-NN(6,6)-(lr=1.0e-5)-(86-params)",classic_NN_6-6,40
12.0,12,220484,CartPole-v1,"CP-ppo-ac-NN(6,6)-(lr=1.0e-5)-(86-params)",classic_NN_6-6,40
38.0,38,220568,CartPole-v1,"CP-ppo-ac-NN(6,6)-(lr=1.0e-5)-(86-params)",classic_NN_6-6,40
41.0,41,220568,CartPole-v1,"CP-ppo-ac-NN(6,6)-(lr=1.0e-5)-(86-params)",classic_NN_6-6,40
58.0,58,220628,CartPole-v1,"CP-ppo-ac-NN(6,6)-(lr=1.0e-5)-(86-params)",classic_NN_6-6,40
16.0,16,220632,CartPole-v1,"CP-ppo-ac-NN(6,6)-(lr=1.0e-5)-(86-params)",classic_NN_6-6,40
51.0,51,220688,CartPole-v1,"CP-ppo-ac-NN(6,6)-(lr=1.0e-5)-(86-params)",classic_NN_6-6,40
21.0,21,220712,CartPole-v1,"CP-ppo-ac-NN(6,6)-(lr=1.0e-5)-(86-params)",classic_NN_6-6,40
41.0,41,220732,CartPole-v1,"CP-ppo-ac-NN(6,6)-(lr=1.0e-5)-(86-params)",classic_NN_6-6,40
28.0,28,220744,CartPole-v1,"CP-ppo-ac-NN(6,6)-(lr=1.0e-5)-(86-params)",classic_NN_6-6,40
21.0,21,220772,CartPole-v1,"CP-ppo-ac-NN(6,6)-(lr=1.0e-5)-(86-params)",classic_NN_6-6,40
19.0,19,220788,CartPole-v1,"CP-ppo-ac-NN(6,6)-(lr=1.0e-5)-(86-params)",classic_NN_6-6,40
18.0,18,220816,CartPole-v1,"CP-ppo-ac-NN(6,6)-(lr=1.0e-5)-(86-params)",classic_NN_6-6,40
22.0,22,220820,CartPole-v1,"CP-ppo-ac-NN(6,6)-(lr=1.0e-5)-(86-params)",classic_NN_6-6,40
10.0,10,220828,CartPole-v1,"CP-ppo-ac-NN(6,6)-(lr=1.0e-5)-(86-params)",classic_NN_6-6,40
14.0,14,220884,CartPole-v1,"CP-ppo-ac-NN(6,6)-(lr=1.0e-5)-(86-params)",classic_NN_6-6,40
31.0,31,220896,CartPole-v1,"CP-ppo-ac-NN(6,6)-(lr=1.0e-5)-(86-params)",classic_NN_6-6,40
21.0,21,220904,CartPole-v1,"CP-ppo-ac-NN(6,6)-(lr=1.0e-5)-(86-params)",classic_NN_6-6,40
31.0,31,220940,CartPole-v1,"CP-ppo-ac-NN(6,6)-(lr=1.0e-5)-(86-params)",classic_NN_6-6,40
20.0,20,220976,CartPole-v1,"CP-ppo-ac-NN(6,6)-(lr=1.0e-5)-(86-params)",classic_NN_6-6,40
20.0,20,220984,CartPole-v1,"CP-ppo-ac-NN(6,6)-(lr=1.0e-5)-(86-params)",classic_NN_6-6,40
32.0,32,221012,CartPole-v1,"CP-ppo-ac-NN(6,6)-(lr=1.0e-5)-(86-params)",classic_NN_6-6,40
24.0,24,221036,CartPole-v1,"CP-ppo-ac-NN(6,6)-(lr=1.0e-5)-(86-params)",classic_NN_6-6,40
14.0,14,221040,CartPole-v1,"CP-ppo-ac-NN(6,6)-(lr=1.0e-5)-(86-params)",classic_NN_6-6,40
23.0,23,221068,CartPole-v1,"CP-ppo-ac-NN(6,6)-(lr=1.0e-5)-(86-params)",classic_NN_6-6,40
25.0,25,221136,CartPole-v1,"CP-ppo-ac-NN(6,6)-(lr=1.0e-5)-(86-params)",classic_NN_6-6,40
20.0,20,221148,CartPole-v1,"CP-ppo-ac-NN(6,6)-(lr=1.0e-5)-(86-params)",classic_NN_6-6,40
35.0,35,221152,CartPole-v1,"CP-ppo-ac-NN(6,6)-(lr=1.0e-5)-(86-params)",classic_NN_6-6,40
10.0,10,221192,CartPole-v1,"CP-ppo-ac-NN(6,6)-(lr=1.0e-5)-(86-params)",classic_NN_6-6,40
47.0,47,221228,CartPole-v1,"CP-ppo-ac-NN(6,6)-(lr=1.0e-5)-(86-params)",classic_NN_6-6,40
12.0,12,221240,CartPole-v1,"CP-ppo-ac-NN(6,6)-(lr=1.0e-5)-(86-params)",classic_NN_6-6,40
31.0,31,221272,CartPole-v1,"CP-ppo-ac-NN(6,6)-(lr=1.0e-5)-(86-params)",classic_NN_6-6,40
38.0,38,221288,CartPole-v1,"CP-ppo-ac-NN(6,6)-(lr=1.0e-5)-(86-params)",classic_NN_6-6,40
25.0,25,221340,CartPole-v1,"CP-ppo-ac-NN(6,6)-(lr=1.0e-5)-(86-params)",classic_NN_6-6,40
26.0,26,221392,CartPole-v1,"CP-ppo-ac-NN(6,6)-(lr=1.0e-5)-(86-params)",classic_NN_6-6,40
32.0,32,221400,CartPole-v1,"CP-ppo-ac-NN(6,6)-(lr=1.0e-5)-(86-params)",classic_NN_6-6,40
57.0,57,221456,CartPole-v1,"CP-ppo-ac-NN(6,6)-(lr=1.0e-5)-(86-params)",classic_NN_6-6,40
21.0,21,221476,CartPole-v1,"CP-ppo-ac-NN(6,6)-(lr=1.0e-5)-(86-params)",classic_NN_6-6,40
44.0,44,221516,CartPole-v1,"CP-ppo-ac-NN(6,6)-(lr=1.0e-5)-(86-params)",classic_NN_6-6,40
41.0,41,221564,CartPole-v1,"CP-ppo-ac-NN(6,6)-(lr=1.0e-5)-(86-params)",classic_NN_6-6,40
38.0,38,221608,CartPole-v1,"CP-ppo-ac-NN(6,6)-(lr=1.0e-5)-(86-params)",classic_NN_6-6,40
37.0,37,221624,CartPole-v1,"CP-ppo-ac-NN(6,6)-(lr=1.0e-5)-(86-params)",classic_NN_6-6,40
28.0,28,221676,CartPole-v1,"CP-ppo-ac-NN(6,6)-(lr=1.0e-5)-(86-params)",classic_NN_6-6,40
45.0,45,221696,CartPole-v1,"CP-ppo-ac-NN(6,6)-(lr=1.0e-5)-(86-params)",classic_NN_6-6,40
23.0,23,221700,CartPole-v1,"CP-ppo-ac-NN(6,6)-(lr=1.0e-5)-(86-params)",classic_NN_6-6,40
10.0,10,221740,CartPole-v1,"CP-ppo-ac-NN(6,6)-(lr=1.0e-5)-(86-params)",classic_NN_6-6,40
34.0,34,221760,CartPole-v1,"CP-ppo-ac-NN(6,6)-(lr=1.0e-5)-(86-params)",classic_NN_6-6,40
25.0,25,221796,CartPole-v1,"CP-ppo-ac-NN(6,6)-(lr=1.0e-5)-(86-params)",classic_NN_6-6,40
19.0,19,221816,CartPole-v1,"CP-ppo-ac-NN(6,6)-(lr=1.0e-5)-(86-params)",classic_NN_6-6,40
41.0,41,221840,CartPole-v1,"CP-ppo-ac-NN(6,6)-(lr=1.0e-5)-(86-params)",classic_NN_6-6,40
20.0,20,221876,CartPole-v1,"CP-ppo-ac-NN(6,6)-(lr=1.0e-5)-(86-params)",classic_NN_6-6,40
19.0,19,221892,CartPole-v1,"CP-ppo-ac-NN(6,6)-(lr=1.0e-5)-(86-params)",classic_NN_6-6,40
41.0,41,221924,CartPole-v1,"CP-ppo-ac-NN(6,6)-(lr=1.0e-5)-(86-params)",classic_NN_6-6,40
36.0,36,221984,CartPole-v1,"CP-ppo-ac-NN(6,6)-(lr=1.0e-5)-(86-params)",classic_NN_6-6,40
23.0,23,222016,CartPole-v1,"CP-ppo-ac-NN(6,6)-(lr=1.0e-5)-(86-params)",classic_NN_6-6,40
38.0,38,222028,CartPole-v1,"CP-ppo-ac-NN(6,6)-(lr=1.0e-5)-(86-params)",classic_NN_6-6,40
19.0,19,222104,CartPole-v1,"CP-ppo-ac-NN(6,6)-(lr=1.0e-5)-(86-params)",classic_NN_6-6,40
34.0,34,222152,CartPole-v1,"CP-ppo-ac-NN(6,6)-(lr=1.0e-5)-(86-params)",classic_NN_6-6,40
27.0,27,222212,CartPole-v1,"CP-ppo-ac-NN(6,6)-(lr=1.0e-5)-(86-params)",classic_NN_6-6,40
21.0,21,222236,CartPole-v1,"CP-ppo-ac-NN(6,6)-(lr=1.0e-5)-(86-params)",classic_NN_6-6,40
68.0,68,222256,CartPole-v1,"CP-ppo-ac-NN(6,6)-(lr=1.0e-5)-(86-params)",classic_NN_6-6,40
24.0,24,222308,CartPole-v1,"CP-ppo-ac-NN(6,6)-(lr=1.0e-5)-(86-params)",classic_NN_6-6,40
19.0,19,222332,CartPole-v1,"CP-ppo-ac-NN(6,6)-(lr=1.0e-5)-(86-params)",classic_NN_6-6,40
111.0,111,222336,CartPole-v1,"CP-ppo-ac-NN(6,6)-(lr=1.0e-5)-(86-params)",classic_NN_6-6,40
13.0,13,222388,CartPole-v1,"CP-ppo-ac-NN(6,6)-(lr=1.0e-5)-(86-params)",classic_NN_6-6,40
21.0,21,222392,CartPole-v1,"CP-ppo-ac-NN(6,6)-(lr=1.0e-5)-(86-params)",classic_NN_6-6,40
16.0,16,222396,CartPole-v1,"CP-ppo-ac-NN(6,6)-(lr=1.0e-5)-(86-params)",classic_NN_6-6,40
44.0,44,222412,CartPole-v1,"CP-ppo-ac-NN(6,6)-(lr=1.0e-5)-(86-params)",classic_NN_6-6,40
18.0,18,222460,CartPole-v1,"CP-ppo-ac-NN(6,6)-(lr=1.0e-5)-(86-params)",classic_NN_6-6,40
17.0,17,222480,CartPole-v1,"CP-ppo-ac-NN(6,6)-(lr=1.0e-5)-(86-params)",classic_NN_6-6,40
24.0,24,222488,CartPole-v1,"CP-ppo-ac-NN(6,6)-(lr=1.0e-5)-(86-params)",classic_NN_6-6,40
19.0,19,222536,CartPole-v1,"CP-ppo-ac-NN(6,6)-(lr=1.0e-5)-(86-params)",classic_NN_6-6,40
20.0,20,222568,CartPole-v1,"CP-ppo-ac-NN(6,6)-(lr=1.0e-5)-(86-params)",classic_NN_6-6,40
28.0,28,222592,CartPole-v1,"CP-ppo-ac-NN(6,6)-(lr=1.0e-5)-(86-params)",classic_NN_6-6,40
49.0,49,222592,CartPole-v1,"CP-ppo-ac-NN(6,6)-(lr=1.0e-5)-(86-params)",classic_NN_6-6,40
9.0,9,222628,CartPole-v1,"CP-ppo-ac-NN(6,6)-(lr=1.0e-5)-(86-params)",classic_NN_6-6,40
21.0,21,222676,CartPole-v1,"CP-ppo-ac-NN(6,6)-(lr=1.0e-5)-(86-params)",classic_NN_6-6,40
14.0,14,222732,CartPole-v1,"CP-ppo-ac-NN(6,6)-(lr=1.0e-5)-(86-params)",classic_NN_6-6,40
56.0,56,222792,CartPole-v1,"CP-ppo-ac-NN(6,6)-(lr=1.0e-5)-(86-params)",classic_NN_6-6,40
41.0,41,222792,CartPole-v1,"CP-ppo-ac-NN(6,6)-(lr=1.0e-5)-(86-params)",classic_NN_6-6,40
65.0,65,222796,CartPole-v1,"CP-ppo-ac-NN(6,6)-(lr=1.0e-5)-(86-params)",classic_NN_6-6,40
29.0,29,222848,CartPole-v1,"CP-ppo-ac-NN(6,6)-(lr=1.0e-5)-(86-params)",classic_NN_6-6,40
18.0,18,222864,CartPole-v1,"CP-ppo-ac-NN(6,6)-(lr=1.0e-5)-(86-params)",classic_NN_6-6,40
23.0,23,222888,CartPole-v1,"CP-ppo-ac-NN(6,6)-(lr=1.0e-5)-(86-params)",classic_NN_6-6,40
14.0,14,222904,CartPole-v1,"CP-ppo-ac-NN(6,6)-(lr=1.0e-5)-(86-params)",classic_NN_6-6,40
32.0,32,222920,CartPole-v1,"CP-ppo-ac-NN(6,6)-(lr=1.0e-5)-(86-params)",classic_NN_6-6,40
16.0,16,222928,CartPole-v1,"CP-ppo-ac-NN(6,6)-(lr=1.0e-5)-(86-params)",classic_NN_6-6,40
25.0,25,223028,CartPole-v1,"CP-ppo-ac-NN(6,6)-(lr=1.0e-5)-(86-params)",classic_NN_6-6,40
36.0,36,223032,CartPole-v1,"CP-ppo-ac-NN(6,6)-(lr=1.0e-5)-(86-params)",classic_NN_6-6,40
34.0,34,223056,CartPole-v1,"CP-ppo-ac-NN(6,6)-(lr=1.0e-5)-(86-params)",classic_NN_6-6,40
10.0,10,223072,CartPole-v1,"CP-ppo-ac-NN(6,6)-(lr=1.0e-5)-(86-params)",classic_NN_6-6,40
46.0,46,223088,CartPole-v1,"CP-ppo-ac-NN(6,6)-(lr=1.0e-5)-(86-params)",classic_NN_6-6,40
17.0,17,223096,CartPole-v1,"CP-ppo-ac-NN(6,6)-(lr=1.0e-5)-(86-params)",classic_NN_6-6,40
17.0,17,223156,CartPole-v1,"CP-ppo-ac-NN(6,6)-(lr=1.0e-5)-(86-params)",classic_NN_6-6,40
29.0,29,223172,CartPole-v1,"CP-ppo-ac-NN(6,6)-(lr=1.0e-5)-(86-params)",classic_NN_6-6,40
21.0,21,223256,CartPole-v1,"CP-ppo-ac-NN(6,6)-(lr=1.0e-5)-(86-params)",classic_NN_6-6,40
29.0,29,223272,CartPole-v1,"CP-ppo-ac-NN(6,6)-(lr=1.0e-5)-(86-params)",classic_NN_6-6,40
50.0,50,223272,CartPole-v1,"CP-ppo-ac-NN(6,6)-(lr=1.0e-5)-(86-params)",classic_NN_6-6,40
13.0,13,223308,CartPole-v1,"CP-ppo-ac-NN(6,6)-(lr=1.0e-5)-(86-params)",classic_NN_6-6,40
54.0,54,223312,CartPole-v1,"CP-ppo-ac-NN(6,6)-(lr=1.0e-5)-(86-params)",classic_NN_6-6,40
24.0,24,223368,CartPole-v1,"CP-ppo-ac-NN(6,6)-(lr=1.0e-5)-(86-params)",classic_NN_6-6,40
21.0,21,223392,CartPole-v1,"CP-ppo-ac-NN(6,6)-(lr=1.0e-5)-(86-params)",classic_NN_6-6,40
38.0,38,223424,CartPole-v1,"CP-ppo-ac-NN(6,6)-(lr=1.0e-5)-(86-params)",classic_NN_6-6,40
16.0,16,223432,CartPole-v1,"CP-ppo-ac-NN(6,6)-(lr=1.0e-5)-(86-params)",classic_NN_6-6,40
17.0,17,223460,CartPole-v1,"CP-ppo-ac-NN(6,6)-(lr=1.0e-5)-(86-params)",classic_NN_6-6,40
38.0,38,223464,CartPole-v1,"CP-ppo-ac-NN(6,6)-(lr=1.0e-5)-(86-params)",classic_NN_6-6,40
28.0,28,223536,CartPole-v1,"CP-ppo-ac-NN(6,6)-(lr=1.0e-5)-(86-params)",classic_NN_6-6,40
25.0,25,223560,CartPole-v1,"CP-ppo-ac-NN(6,6)-(lr=1.0e-5)-(86-params)",classic_NN_6-6,40
33.0,33,223564,CartPole-v1,"CP-ppo-ac-NN(6,6)-(lr=1.0e-5)-(86-params)",classic_NN_6-6,40
17.0,17,223604,CartPole-v1,"CP-ppo-ac-NN(6,6)-(lr=1.0e-5)-(86-params)",classic_NN_6-6,40
14.0,14,223616,CartPole-v1,"CP-ppo-ac-NN(6,6)-(lr=1.0e-5)-(86-params)",classic_NN_6-6,40
45.0,45,223644,CartPole-v1,"CP-ppo-ac-NN(6,6)-(lr=1.0e-5)-(86-params)",classic_NN_6-6,40
11.0,11,223660,CartPole-v1,"CP-ppo-ac-NN(6,6)-(lr=1.0e-5)-(86-params)",classic_NN_6-6,40
14.0,14,223700,CartPole-v1,"CP-ppo-ac-NN(6,6)-(lr=1.0e-5)-(86-params)",classic_NN_6-6,40
28.0,28,223716,CartPole-v1,"CP-ppo-ac-NN(6,6)-(lr=1.0e-5)-(86-params)",classic_NN_6-6,40
39.0,39,223720,CartPole-v1,"CP-ppo-ac-NN(6,6)-(lr=1.0e-5)-(86-params)",classic_NN_6-6,40
18.0,18,223792,CartPole-v1,"CP-ppo-ac-NN(6,6)-(lr=1.0e-5)-(86-params)",classic_NN_6-6,40
27.0,27,223808,CartPole-v1,"CP-ppo-ac-NN(6,6)-(lr=1.0e-5)-(86-params)",classic_NN_6-6,40
24.0,24,223812,CartPole-v1,"CP-ppo-ac-NN(6,6)-(lr=1.0e-5)-(86-params)",classic_NN_6-6,40
54.0,54,223876,CartPole-v1,"CP-ppo-ac-NN(6,6)-(lr=1.0e-5)-(86-params)",classic_NN_6-6,40
38.0,38,223964,CartPole-v1,"CP-ppo-ac-NN(6,6)-(lr=1.0e-5)-(86-params)",classic_NN_6-6,40
54.0,54,224024,CartPole-v1,"CP-ppo-ac-NN(6,6)-(lr=1.0e-5)-(86-params)",classic_NN_6-6,40
30.0,30,224084,CartPole-v1,"CP-ppo-ac-NN(6,6)-(lr=1.0e-5)-(86-params)",classic_NN_6-6,40
85.0,85,224132,CartPole-v1,"CP-ppo-ac-NN(6,6)-(lr=1.0e-5)-(86-params)",classic_NN_6-6,40
65.0,65,224136,CartPole-v1,"CP-ppo-ac-NN(6,6)-(lr=1.0e-5)-(86-params)",classic_NN_6-6,40
21.0,21,224216,CartPole-v1,"CP-ppo-ac-NN(6,6)-(lr=1.0e-5)-(86-params)",classic_NN_6-6,40
52.0,52,224232,CartPole-v1,"CP-ppo-ac-NN(6,6)-(lr=1.0e-5)-(86-params)",classic_NN_6-6,40
46.0,46,224268,CartPole-v1,"CP-ppo-ac-NN(6,6)-(lr=1.0e-5)-(86-params)",classic_NN_6-6,40
25.0,25,224332,CartPole-v1,"CP-ppo-ac-NN(6,6)-(lr=1.0e-5)-(86-params)",classic_NN_6-6,40
31.0,31,224340,CartPole-v1,"CP-ppo-ac-NN(6,6)-(lr=1.0e-5)-(86-params)",classic_NN_6-6,40
23.0,23,224360,CartPole-v1,"CP-ppo-ac-NN(6,6)-(lr=1.0e-5)-(86-params)",classic_NN_6-6,40
60.0,60,224376,CartPole-v1,"CP-ppo-ac-NN(6,6)-(lr=1.0e-5)-(86-params)",classic_NN_6-6,40
11.0,11,224384,CartPole-v1,"CP-ppo-ac-NN(6,6)-(lr=1.0e-5)-(86-params)",classic_NN_6-6,40
13.0,13,224384,CartPole-v1,"CP-ppo-ac-NN(6,6)-(lr=1.0e-5)-(86-params)",classic_NN_6-6,40
13.0,13,224412,CartPole-v1,"CP-ppo-ac-NN(6,6)-(lr=1.0e-5)-(86-params)",classic_NN_6-6,40
10.0,10,224424,CartPole-v1,"CP-ppo-ac-NN(6,6)-(lr=1.0e-5)-(86-params)",classic_NN_6-6,40
26.0,26,224488,CartPole-v1,"CP-ppo-ac-NN(6,6)-(lr=1.0e-5)-(86-params)",classic_NN_6-6,40
32.0,32,224504,CartPole-v1,"CP-ppo-ac-NN(6,6)-(lr=1.0e-5)-(86-params)",classic_NN_6-6,40
25.0,25,224524,CartPole-v1,"CP-ppo-ac-NN(6,6)-(lr=1.0e-5)-(86-params)",classic_NN_6-6,40
12.0,12,224572,CartPole-v1,"CP-ppo-ac-NN(6,6)-(lr=1.0e-5)-(86-params)",classic_NN_6-6,40
22.0,22,224576,CartPole-v1,"CP-ppo-ac-NN(6,6)-(lr=1.0e-5)-(86-params)",classic_NN_6-6,40
42.0,42,224580,CartPole-v1,"CP-ppo-ac-NN(6,6)-(lr=1.0e-5)-(86-params)",classic_NN_6-6,40
20.0,20,224584,CartPole-v1,"CP-ppo-ac-NN(6,6)-(lr=1.0e-5)-(86-params)",classic_NN_6-6,40
17.0,17,224648,CartPole-v1,"CP-ppo-ac-NN(6,6)-(lr=1.0e-5)-(86-params)",classic_NN_6-6,40
22.0,22,224660,CartPole-v1,"CP-ppo-ac-NN(6,6)-(lr=1.0e-5)-(86-params)",classic_NN_6-6,40
22.0,22,224672,CartPole-v1,"CP-ppo-ac-NN(6,6)-(lr=1.0e-5)-(86-params)",classic_NN_6-6,40
10.0,10,224688,CartPole-v1,"CP-ppo-ac-NN(6,6)-(lr=1.0e-5)-(86-params)",classic_NN_6-6,40
12.0,12,224708,CartPole-v1,"CP-ppo-ac-NN(6,6)-(lr=1.0e-5)-(86-params)",classic_NN_6-6,40
60.0,60,224816,CartPole-v1,"CP-ppo-ac-NN(6,6)-(lr=1.0e-5)-(86-params)",classic_NN_6-6,40
46.0,46,224856,CartPole-v1,"CP-ppo-ac-NN(6,6)-(lr=1.0e-5)-(86-params)",classic_NN_6-6,40
38.0,38,224860,CartPole-v1,"CP-ppo-ac-NN(6,6)-(lr=1.0e-5)-(86-params)",classic_NN_6-6,40
57.0,57,224916,CartPole-v1,"CP-ppo-ac-NN(6,6)-(lr=1.0e-5)-(86-params)",classic_NN_6-6,40
20.0,20,224996,CartPole-v1,"CP-ppo-ac-NN(6,6)-(lr=1.0e-5)-(86-params)",classic_NN_6-6,40
12.0,12,225044,CartPole-v1,"CP-ppo-ac-NN(6,6)-(lr=1.0e-5)-(86-params)",classic_NN_6-6,40
63.0,63,225108,CartPole-v1,"CP-ppo-ac-NN(6,6)-(lr=1.0e-5)-(86-params)",classic_NN_6-6,40
64.0,64,225116,CartPole-v1,"CP-ppo-ac-NN(6,6)-(lr=1.0e-5)-(86-params)",classic_NN_6-6,40
28.0,28,225156,CartPole-v1,"CP-ppo-ac-NN(6,6)-(lr=1.0e-5)-(86-params)",classic_NN_6-6,40
15.0,15,225168,CartPole-v1,"CP-ppo-ac-NN(6,6)-(lr=1.0e-5)-(86-params)",classic_NN_6-6,40
13.0,13,225168,CartPole-v1,"CP-ppo-ac-NN(6,6)-(lr=1.0e-5)-(86-params)",classic_NN_6-6,40
92.0,92,225184,CartPole-v1,"CP-ppo-ac-NN(6,6)-(lr=1.0e-5)-(86-params)",classic_NN_6-6,40
13.0,13,225208,CartPole-v1,"CP-ppo-ac-NN(6,6)-(lr=1.0e-5)-(86-params)",classic_NN_6-6,40
13.0,13,225220,CartPole-v1,"CP-ppo-ac-NN(6,6)-(lr=1.0e-5)-(86-params)",classic_NN_6-6,40
16.0,16,225248,CartPole-v1,"CP-ppo-ac-NN(6,6)-(lr=1.0e-5)-(86-params)",classic_NN_6-6,40
22.0,22,225256,CartPole-v1,"CP-ppo-ac-NN(6,6)-(lr=1.0e-5)-(86-params)",classic_NN_6-6,40
32.0,32,225336,CartPole-v1,"CP-ppo-ac-NN(6,6)-(lr=1.0e-5)-(86-params)",classic_NN_6-6,40
34.0,34,225384,CartPole-v1,"CP-ppo-ac-NN(6,6)-(lr=1.0e-5)-(86-params)",classic_NN_6-6,40
21.0,21,225420,CartPole-v1,"CP-ppo-ac-NN(6,6)-(lr=1.0e-5)-(86-params)",classic_NN_6-6,40
15.0,15,225444,CartPole-v1,"CP-ppo-ac-NN(6,6)-(lr=1.0e-5)-(86-params)",classic_NN_6-6,40
14.0,14,225500,CartPole-v1,"CP-ppo-ac-NN(6,6)-(lr=1.0e-5)-(86-params)",classic_NN_6-6,40
21.0,21,225504,CartPole-v1,"CP-ppo-ac-NN(6,6)-(lr=1.0e-5)-(86-params)",classic_NN_6-6,40
12.0,12,225552,CartPole-v1,"CP-ppo-ac-NN(6,6)-(lr=1.0e-5)-(86-params)",classic_NN_6-6,40
22.0,22,225588,CartPole-v1,"CP-ppo-ac-NN(6,6)-(lr=1.0e-5)-(86-params)",classic_NN_6-6,40
16.0,16,225616,CartPole-v1,"CP-ppo-ac-NN(6,6)-(lr=1.0e-5)-(86-params)",classic_NN_6-6,40
112.0,112,225668,CartPole-v1,"CP-ppo-ac-NN(6,6)-(lr=1.0e-5)-(86-params)",classic_NN_6-6,40
25.0,25,225688,CartPole-v1,"CP-ppo-ac-NN(6,6)-(lr=1.0e-5)-(86-params)",classic_NN_6-6,40
22.0,22,225704,CartPole-v1,"CP-ppo-ac-NN(6,6)-(lr=1.0e-5)-(86-params)",classic_NN_6-6,40
113.0,113,225708,CartPole-v1,"CP-ppo-ac-NN(6,6)-(lr=1.0e-5)-(86-params)",classic_NN_6-6,40
15.0,15,225748,CartPole-v1,"CP-ppo-ac-NN(6,6)-(lr=1.0e-5)-(86-params)",classic_NN_6-6,40
23.0,23,225800,CartPole-v1,"CP-ppo-ac-NN(6,6)-(lr=1.0e-5)-(86-params)",classic_NN_6-6,40
37.0,37,225816,CartPole-v1,"CP-ppo-ac-NN(6,6)-(lr=1.0e-5)-(86-params)",classic_NN_6-6,40
15.0,15,225876,CartPole-v1,"CP-ppo-ac-NN(6,6)-(lr=1.0e-5)-(86-params)",classic_NN_6-6,40
20.0,20,225880,CartPole-v1,"CP-ppo-ac-NN(6,6)-(lr=1.0e-5)-(86-params)",classic_NN_6-6,40
41.0,41,225912,CartPole-v1,"CP-ppo-ac-NN(6,6)-(lr=1.0e-5)-(86-params)",classic_NN_6-6,40
57.0,57,225932,CartPole-v1,"CP-ppo-ac-NN(6,6)-(lr=1.0e-5)-(86-params)",classic_NN_6-6,40
22.0,22,226000,CartPole-v1,"CP-ppo-ac-NN(6,6)-(lr=1.0e-5)-(86-params)",classic_NN_6-6,40
33.0,33,226008,CartPole-v1,"CP-ppo-ac-NN(6,6)-(lr=1.0e-5)-(86-params)",classic_NN_6-6,40
20.0,20,226012,CartPole-v1,"CP-ppo-ac-NN(6,6)-(lr=1.0e-5)-(86-params)",classic_NN_6-6,40
42.0,42,226048,CartPole-v1,"CP-ppo-ac-NN(6,6)-(lr=1.0e-5)-(86-params)",classic_NN_6-6,40
17.0,17,226076,CartPole-v1,"CP-ppo-ac-NN(6,6)-(lr=1.0e-5)-(86-params)",classic_NN_6-6,40
17.0,17,226080,CartPole-v1,"CP-ppo-ac-NN(6,6)-(lr=1.0e-5)-(86-params)",classic_NN_6-6,40
34.0,34,226136,CartPole-v1,"CP-ppo-ac-NN(6,6)-(lr=1.0e-5)-(86-params)",classic_NN_6-6,40
25.0,25,226176,CartPole-v1,"CP-ppo-ac-NN(6,6)-(lr=1.0e-5)-(86-params)",classic_NN_6-6,40
11.0,11,226220,CartPole-v1,"CP-ppo-ac-NN(6,6)-(lr=1.0e-5)-(86-params)",classic_NN_6-6,40
50.0,50,226248,CartPole-v1,"CP-ppo-ac-NN(6,6)-(lr=1.0e-5)-(86-params)",classic_NN_6-6,40
30.0,30,226256,CartPole-v1,"CP-ppo-ac-NN(6,6)-(lr=1.0e-5)-(86-params)",classic_NN_6-6,40
19.0,19,226296,CartPole-v1,"CP-ppo-ac-NN(6,6)-(lr=1.0e-5)-(86-params)",classic_NN_6-6,40
12.0,12,226344,CartPole-v1,"CP-ppo-ac-NN(6,6)-(lr=1.0e-5)-(86-params)",classic_NN_6-6,40
26.0,26,226360,CartPole-v1,"CP-ppo-ac-NN(6,6)-(lr=1.0e-5)-(86-params)",classic_NN_6-6,40
72.0,72,226368,CartPole-v1,"CP-ppo-ac-NN(6,6)-(lr=1.0e-5)-(86-params)",classic_NN_6-6,40
33.0,33,226380,CartPole-v1,"CP-ppo-ac-NN(6,6)-(lr=1.0e-5)-(86-params)",classic_NN_6-6,40
13.0,13,226420,CartPole-v1,"CP-ppo-ac-NN(6,6)-(lr=1.0e-5)-(86-params)",classic_NN_6-6,40
13.0,13,226432,CartPole-v1,"CP-ppo-ac-NN(6,6)-(lr=1.0e-5)-(86-params)",classic_NN_6-6,40
24.0,24,226456,CartPole-v1,"CP-ppo-ac-NN(6,6)-(lr=1.0e-5)-(86-params)",classic_NN_6-6,40
16.0,16,226520,CartPole-v1,"CP-ppo-ac-NN(6,6)-(lr=1.0e-5)-(86-params)",classic_NN_6-6,40
44.0,44,226520,CartPole-v1,"CP-ppo-ac-NN(6,6)-(lr=1.0e-5)-(86-params)",classic_NN_6-6,40
31.0,31,226544,CartPole-v1,"CP-ppo-ac-NN(6,6)-(lr=1.0e-5)-(86-params)",classic_NN_6-6,40
30.0,30,226552,CartPole-v1,"CP-ppo-ac-NN(6,6)-(lr=1.0e-5)-(86-params)",classic_NN_6-6,40
18.0,18,226592,CartPole-v1,"CP-ppo-ac-NN(6,6)-(lr=1.0e-5)-(86-params)",classic_NN_6-6,40
14.0,14,226600,CartPole-v1,"CP-ppo-ac-NN(6,6)-(lr=1.0e-5)-(86-params)",classic_NN_6-6,40
31.0,31,226644,CartPole-v1,"CP-ppo-ac-NN(6,6)-(lr=1.0e-5)-(86-params)",classic_NN_6-6,40
21.0,21,226684,CartPole-v1,"CP-ppo-ac-NN(6,6)-(lr=1.0e-5)-(86-params)",classic_NN_6-6,40
55.0,55,226772,CartPole-v1,"CP-ppo-ac-NN(6,6)-(lr=1.0e-5)-(86-params)",classic_NN_6-6,40
24.0,24,226780,CartPole-v1,"CP-ppo-ac-NN(6,6)-(lr=1.0e-5)-(86-params)",classic_NN_6-6,40
38.0,38,226796,CartPole-v1,"CP-ppo-ac-NN(6,6)-(lr=1.0e-5)-(86-params)",classic_NN_6-6,40
54.0,54,226808,CartPole-v1,"CP-ppo-ac-NN(6,6)-(lr=1.0e-5)-(86-params)",classic_NN_6-6,40
10.0,10,226836,CartPole-v1,"CP-ppo-ac-NN(6,6)-(lr=1.0e-5)-(86-params)",classic_NN_6-6,40
37.0,37,226920,CartPole-v1,"CP-ppo-ac-NN(6,6)-(lr=1.0e-5)-(86-params)",classic_NN_6-6,40
38.0,38,226932,CartPole-v1,"CP-ppo-ac-NN(6,6)-(lr=1.0e-5)-(86-params)",classic_NN_6-6,40
30.0,30,226956,CartPole-v1,"CP-ppo-ac-NN(6,6)-(lr=1.0e-5)-(86-params)",classic_NN_6-6,40
46.0,46,226992,CartPole-v1,"CP-ppo-ac-NN(6,6)-(lr=1.0e-5)-(86-params)",classic_NN_6-6,40
16.0,16,227020,CartPole-v1,"CP-ppo-ac-NN(6,6)-(lr=1.0e-5)-(86-params)",classic_NN_6-6,40
34.0,34,227056,CartPole-v1,"CP-ppo-ac-NN(6,6)-(lr=1.0e-5)-(86-params)",classic_NN_6-6,40
27.0,27,227100,CartPole-v1,"CP-ppo-ac-NN(6,6)-(lr=1.0e-5)-(86-params)",classic_NN_6-6,40
23.0,23,227112,CartPole-v1,"CP-ppo-ac-NN(6,6)-(lr=1.0e-5)-(86-params)",classic_NN_6-6,40
49.0,49,227128,CartPole-v1,"CP-ppo-ac-NN(6,6)-(lr=1.0e-5)-(86-params)",classic_NN_6-6,40
22.0,22,227144,CartPole-v1,"CP-ppo-ac-NN(6,6)-(lr=1.0e-5)-(86-params)",classic_NN_6-6,40
22.0,22,227200,CartPole-v1,"CP-ppo-ac-NN(6,6)-(lr=1.0e-5)-(86-params)",classic_NN_6-6,40
19.0,19,227220,CartPole-v1,"CP-ppo-ac-NN(6,6)-(lr=1.0e-5)-(86-params)",classic_NN_6-6,40
32.0,32,227228,CartPole-v1,"CP-ppo-ac-NN(6,6)-(lr=1.0e-5)-(86-params)",classic_NN_6-6,40
30.0,30,227248,CartPole-v1,"CP-ppo-ac-NN(6,6)-(lr=1.0e-5)-(86-params)",classic_NN_6-6,40
23.0,23,227292,CartPole-v1,"CP-ppo-ac-NN(6,6)-(lr=1.0e-5)-(86-params)",classic_NN_6-6,40
23.0,23,227312,CartPole-v1,"CP-ppo-ac-NN(6,6)-(lr=1.0e-5)-(86-params)",classic_NN_6-6,40
30.0,30,227348,CartPole-v1,"CP-ppo-ac-NN(6,6)-(lr=1.0e-5)-(86-params)",classic_NN_6-6,40
20.0,20,227392,CartPole-v1,"CP-ppo-ac-NN(6,6)-(lr=1.0e-5)-(86-params)",classic_NN_6-6,40
45.0,45,227428,CartPole-v1,"CP-ppo-ac-NN(6,6)-(lr=1.0e-5)-(86-params)",classic_NN_6-6,40
15.0,15,227452,CartPole-v1,"CP-ppo-ac-NN(6,6)-(lr=1.0e-5)-(86-params)",classic_NN_6-6,40
31.0,31,227472,CartPole-v1,"CP-ppo-ac-NN(6,6)-(lr=1.0e-5)-(86-params)",classic_NN_6-6,40
16.0,16,227516,CartPole-v1,"CP-ppo-ac-NN(6,6)-(lr=1.0e-5)-(86-params)",classic_NN_6-6,40
58.0,58,227524,CartPole-v1,"CP-ppo-ac-NN(6,6)-(lr=1.0e-5)-(86-params)",classic_NN_6-6,40
60.0,60,227668,CartPole-v1,"CP-ppo-ac-NN(6,6)-(lr=1.0e-5)-(86-params)",classic_NN_6-6,40
52.0,52,227680,CartPole-v1,"CP-ppo-ac-NN(6,6)-(lr=1.0e-5)-(86-params)",classic_NN_6-6,40
46.0,46,227700,CartPole-v1,"CP-ppo-ac-NN(6,6)-(lr=1.0e-5)-(86-params)",classic_NN_6-6,40
9.0,9,227716,CartPole-v1,"CP-ppo-ac-NN(6,6)-(lr=1.0e-5)-(86-params)",classic_NN_6-6,40
16.0,16,227764,CartPole-v1,"CP-ppo-ac-NN(6,6)-(lr=1.0e-5)-(86-params)",classic_NN_6-6,40
19.0,19,227792,CartPole-v1,"CP-ppo-ac-NN(6,6)-(lr=1.0e-5)-(86-params)",classic_NN_6-6,40
37.0,37,227816,CartPole-v1,"CP-ppo-ac-NN(6,6)-(lr=1.0e-5)-(86-params)",classic_NN_6-6,40
76.0,76,227828,CartPole-v1,"CP-ppo-ac-NN(6,6)-(lr=1.0e-5)-(86-params)",classic_NN_6-6,40
25.0,25,227892,CartPole-v1,"CP-ppo-ac-NN(6,6)-(lr=1.0e-5)-(86-params)",classic_NN_6-6,40
16.0,16,227892,CartPole-v1,"CP-ppo-ac-NN(6,6)-(lr=1.0e-5)-(86-params)",classic_NN_6-6,40
13.0,13,227944,CartPole-v1,"CP-ppo-ac-NN(6,6)-(lr=1.0e-5)-(86-params)",classic_NN_6-6,40
47.0,47,227952,CartPole-v1,"CP-ppo-ac-NN(6,6)-(lr=1.0e-5)-(86-params)",classic_NN_6-6,40
23.0,23,228036,CartPole-v1,"CP-ppo-ac-NN(6,6)-(lr=1.0e-5)-(86-params)",classic_NN_6-6,40
56.0,56,228040,CartPole-v1,"CP-ppo-ac-NN(6,6)-(lr=1.0e-5)-(86-params)",classic_NN_6-6,40
25.0,25,228052,CartPole-v1,"CP-ppo-ac-NN(6,6)-(lr=1.0e-5)-(86-params)",classic_NN_6-6,40
20.0,20,228116,CartPole-v1,"CP-ppo-ac-NN(6,6)-(lr=1.0e-5)-(86-params)",classic_NN_6-6,40
22.0,22,228128,CartPole-v1,"CP-ppo-ac-NN(6,6)-(lr=1.0e-5)-(86-params)",classic_NN_6-6,40
60.0,60,228132,CartPole-v1,"CP-ppo-ac-NN(6,6)-(lr=1.0e-5)-(86-params)",classic_NN_6-6,40
19.0,19,228204,CartPole-v1,"CP-ppo-ac-NN(6,6)-(lr=1.0e-5)-(86-params)",classic_NN_6-6,40
25.0,25,228216,CartPole-v1,"CP-ppo-ac-NN(6,6)-(lr=1.0e-5)-(86-params)",classic_NN_6-6,40
29.0,29,228248,CartPole-v1,"CP-ppo-ac-NN(6,6)-(lr=1.0e-5)-(86-params)",classic_NN_6-6,40
52.0,52,228260,CartPole-v1,"CP-ppo-ac-NN(6,6)-(lr=1.0e-5)-(86-params)",classic_NN_6-6,40
20.0,20,228284,CartPole-v1,"CP-ppo-ac-NN(6,6)-(lr=1.0e-5)-(86-params)",classic_NN_6-6,40
16.0,16,228312,CartPole-v1,"CP-ppo-ac-NN(6,6)-(lr=1.0e-5)-(86-params)",classic_NN_6-6,40
26.0,26,228320,CartPole-v1,"CP-ppo-ac-NN(6,6)-(lr=1.0e-5)-(86-params)",classic_NN_6-6,40
16.0,16,228324,CartPole-v1,"CP-ppo-ac-NN(6,6)-(lr=1.0e-5)-(86-params)",classic_NN_6-6,40
23.0,23,228376,CartPole-v1,"CP-ppo-ac-NN(6,6)-(lr=1.0e-5)-(86-params)",classic_NN_6-6,40
16.0,16,228388,CartPole-v1,"CP-ppo-ac-NN(6,6)-(lr=1.0e-5)-(86-params)",classic_NN_6-6,40
19.0,19,228396,CartPole-v1,"CP-ppo-ac-NN(6,6)-(lr=1.0e-5)-(86-params)",classic_NN_6-6,40
29.0,29,228428,CartPole-v1,"CP-ppo-ac-NN(6,6)-(lr=1.0e-5)-(86-params)",classic_NN_6-6,40
16.0,16,228460,CartPole-v1,"CP-ppo-ac-NN(6,6)-(lr=1.0e-5)-(86-params)",classic_NN_6-6,40
19.0,19,228464,CartPole-v1,"CP-ppo-ac-NN(6,6)-(lr=1.0e-5)-(86-params)",classic_NN_6-6,40
12.0,12,228508,CartPole-v1,"CP-ppo-ac-NN(6,6)-(lr=1.0e-5)-(86-params)",classic_NN_6-6,40
10.0,10,228548,CartPole-v1,"CP-ppo-ac-NN(6,6)-(lr=1.0e-5)-(86-params)",classic_NN_6-6,40
23.0,23,228556,CartPole-v1,"CP-ppo-ac-NN(6,6)-(lr=1.0e-5)-(86-params)",classic_NN_6-6,40
46.0,46,228560,CartPole-v1,"CP-ppo-ac-NN(6,6)-(lr=1.0e-5)-(86-params)",classic_NN_6-6,40
22.0,22,228636,CartPole-v1,"CP-ppo-ac-NN(6,6)-(lr=1.0e-5)-(86-params)",classic_NN_6-6,40
59.0,59,228664,CartPole-v1,"CP-ppo-ac-NN(6,6)-(lr=1.0e-5)-(86-params)",classic_NN_6-6,40
45.0,45,228736,CartPole-v1,"CP-ppo-ac-NN(6,6)-(lr=1.0e-5)-(86-params)",classic_NN_6-6,40
48.0,48,228752,CartPole-v1,"CP-ppo-ac-NN(6,6)-(lr=1.0e-5)-(86-params)",classic_NN_6-6,40
30.0,30,228756,CartPole-v1,"CP-ppo-ac-NN(6,6)-(lr=1.0e-5)-(86-params)",classic_NN_6-6,40
24.0,24,228760,CartPole-v1,"CP-ppo-ac-NN(6,6)-(lr=1.0e-5)-(86-params)",classic_NN_6-6,40
10.0,10,228800,CartPole-v1,"CP-ppo-ac-NN(6,6)-(lr=1.0e-5)-(86-params)",classic_NN_6-6,40
14.0,14,228808,CartPole-v1,"CP-ppo-ac-NN(6,6)-(lr=1.0e-5)-(86-params)",classic_NN_6-6,40
32.0,32,228864,CartPole-v1,"CP-ppo-ac-NN(6,6)-(lr=1.0e-5)-(86-params)",classic_NN_6-6,40
28.0,28,228868,CartPole-v1,"CP-ppo-ac-NN(6,6)-(lr=1.0e-5)-(86-params)",classic_NN_6-6,40
26.0,26,228904,CartPole-v1,"CP-ppo-ac-NN(6,6)-(lr=1.0e-5)-(86-params)",classic_NN_6-6,40
26.0,26,228912,CartPole-v1,"CP-ppo-ac-NN(6,6)-(lr=1.0e-5)-(86-params)",classic_NN_6-6,40
12.0,12,228912,CartPole-v1,"CP-ppo-ac-NN(6,6)-(lr=1.0e-5)-(86-params)",classic_NN_6-6,40
15.0,15,228928,CartPole-v1,"CP-ppo-ac-NN(6,6)-(lr=1.0e-5)-(86-params)",classic_NN_6-6,40
18.0,18,228976,CartPole-v1,"CP-ppo-ac-NN(6,6)-(lr=1.0e-5)-(86-params)",classic_NN_6-6,40
17.0,17,228980,CartPole-v1,"CP-ppo-ac-NN(6,6)-(lr=1.0e-5)-(86-params)",classic_NN_6-6,40
24.0,24,229008,CartPole-v1,"CP-ppo-ac-NN(6,6)-(lr=1.0e-5)-(86-params)",classic_NN_6-6,40
20.0,20,229088,CartPole-v1,"CP-ppo-ac-NN(6,6)-(lr=1.0e-5)-(86-params)",classic_NN_6-6,40
33.0,33,229112,CartPole-v1,"CP-ppo-ac-NN(6,6)-(lr=1.0e-5)-(86-params)",classic_NN_6-6,40
37.0,37,229124,CartPole-v1,"CP-ppo-ac-NN(6,6)-(lr=1.0e-5)-(86-params)",classic_NN_6-6,40
52.0,52,229136,CartPole-v1,"CP-ppo-ac-NN(6,6)-(lr=1.0e-5)-(86-params)",classic_NN_6-6,40
23.0,23,229180,CartPole-v1,"CP-ppo-ac-NN(6,6)-(lr=1.0e-5)-(86-params)",classic_NN_6-6,40
15.0,15,229184,CartPole-v1,"CP-ppo-ac-NN(6,6)-(lr=1.0e-5)-(86-params)",classic_NN_6-6,40
24.0,24,229208,CartPole-v1,"CP-ppo-ac-NN(6,6)-(lr=1.0e-5)-(86-params)",classic_NN_6-6,40
14.0,14,229236,CartPole-v1,"CP-ppo-ac-NN(6,6)-(lr=1.0e-5)-(86-params)",classic_NN_6-6,40
17.0,17,229252,CartPole-v1,"CP-ppo-ac-NN(6,6)-(lr=1.0e-5)-(86-params)",classic_NN_6-6,40
43.0,43,229308,CartPole-v1,"CP-ppo-ac-NN(6,6)-(lr=1.0e-5)-(86-params)",classic_NN_6-6,40
30.0,30,229328,CartPole-v1,"CP-ppo-ac-NN(6,6)-(lr=1.0e-5)-(86-params)",classic_NN_6-6,40
29.0,29,229352,CartPole-v1,"CP-ppo-ac-NN(6,6)-(lr=1.0e-5)-(86-params)",classic_NN_6-6,40
25.0,25,229352,CartPole-v1,"CP-ppo-ac-NN(6,6)-(lr=1.0e-5)-(86-params)",classic_NN_6-6,40
32.0,32,229436,CartPole-v1,"CP-ppo-ac-NN(6,6)-(lr=1.0e-5)-(86-params)",classic_NN_6-6,40
25.0,25,229452,CartPole-v1,"CP-ppo-ac-NN(6,6)-(lr=1.0e-5)-(86-params)",classic_NN_6-6,40
38.0,38,229480,CartPole-v1,"CP-ppo-ac-NN(6,6)-(lr=1.0e-5)-(86-params)",classic_NN_6-6,40
47.0,47,229540,CartPole-v1,"CP-ppo-ac-NN(6,6)-(lr=1.0e-5)-(86-params)",classic_NN_6-6,40
20.0,20,229560,CartPole-v1,"CP-ppo-ac-NN(6,6)-(lr=1.0e-5)-(86-params)",classic_NN_6-6,40
34.0,34,229588,CartPole-v1,"CP-ppo-ac-NN(6,6)-(lr=1.0e-5)-(86-params)",classic_NN_6-6,40
35.0,35,229680,CartPole-v1,"CP-ppo-ac-NN(6,6)-(lr=1.0e-5)-(86-params)",classic_NN_6-6,40
30.0,30,229680,CartPole-v1,"CP-ppo-ac-NN(6,6)-(lr=1.0e-5)-(86-params)",classic_NN_6-6,40
65.0,65,229696,CartPole-v1,"CP-ppo-ac-NN(6,6)-(lr=1.0e-5)-(86-params)",classic_NN_6-6,40
35.0,35,229728,CartPole-v1,"CP-ppo-ac-NN(6,6)-(lr=1.0e-5)-(86-params)",classic_NN_6-6,40
20.0,20,229760,CartPole-v1,"CP-ppo-ac-NN(6,6)-(lr=1.0e-5)-(86-params)",classic_NN_6-6,40
14.0,14,229784,CartPole-v1,"CP-ppo-ac-NN(6,6)-(lr=1.0e-5)-(86-params)",classic_NN_6-6,40
31.0,31,229804,CartPole-v1,"CP-ppo-ac-NN(6,6)-(lr=1.0e-5)-(86-params)",classic_NN_6-6,40
44.0,44,229872,CartPole-v1,"CP-ppo-ac-NN(6,6)-(lr=1.0e-5)-(86-params)",classic_NN_6-6,40
22.0,22,229872,CartPole-v1,"CP-ppo-ac-NN(6,6)-(lr=1.0e-5)-(86-params)",classic_NN_6-6,40
28.0,28,229872,CartPole-v1,"CP-ppo-ac-NN(6,6)-(lr=1.0e-5)-(86-params)",classic_NN_6-6,40
27.0,27,229912,CartPole-v1,"CP-ppo-ac-NN(6,6)-(lr=1.0e-5)-(86-params)",classic_NN_6-6,40
22.0,22,229960,CartPole-v1,"CP-ppo-ac-NN(6,6)-(lr=1.0e-5)-(86-params)",classic_NN_6-6,40
19.0,19,229988,CartPole-v1,"CP-ppo-ac-NN(6,6)-(lr=1.0e-5)-(86-params)",classic_NN_6-6,40
34.0,34,230008,CartPole-v1,"CP-ppo-ac-NN(6,6)-(lr=1.0e-5)-(86-params)",classic_NN_6-6,40
18.0,18,230032,CartPole-v1,"CP-ppo-ac-NN(6,6)-(lr=1.0e-5)-(86-params)",classic_NN_6-6,40
48.0,48,230064,CartPole-v1,"CP-ppo-ac-NN(6,6)-(lr=1.0e-5)-(86-params)",classic_NN_6-6,40
17.0,17,230076,CartPole-v1,"CP-ppo-ac-NN(6,6)-(lr=1.0e-5)-(86-params)",classic_NN_6-6,40
24.0,24,230084,CartPole-v1,"CP-ppo-ac-NN(6,6)-(lr=1.0e-5)-(86-params)",classic_NN_6-6,40
28.0,28,230144,CartPole-v1,"CP-ppo-ac-NN(6,6)-(lr=1.0e-5)-(86-params)",classic_NN_6-6,40
29.0,29,230192,CartPole-v1,"CP-ppo-ac-NN(6,6)-(lr=1.0e-5)-(86-params)",classic_NN_6-6,40
32.0,32,230272,CartPole-v1,"CP-ppo-ac-NN(6,6)-(lr=1.0e-5)-(86-params)",classic_NN_6-6,40
28.0,28,230304,CartPole-v1,"CP-ppo-ac-NN(6,6)-(lr=1.0e-5)-(86-params)",classic_NN_6-6,40
63.0,63,230316,CartPole-v1,"CP-ppo-ac-NN(6,6)-(lr=1.0e-5)-(86-params)",classic_NN_6-6,40
17.0,17,230340,CartPole-v1,"CP-ppo-ac-NN(6,6)-(lr=1.0e-5)-(86-params)",classic_NN_6-6,40
11.0,11,230360,CartPole-v1,"CP-ppo-ac-NN(6,6)-(lr=1.0e-5)-(86-params)",classic_NN_6-6,40
18.0,18,230376,CartPole-v1,"CP-ppo-ac-NN(6,6)-(lr=1.0e-5)-(86-params)",classic_NN_6-6,40
13.0,13,230412,CartPole-v1,"CP-ppo-ac-NN(6,6)-(lr=1.0e-5)-(86-params)",classic_NN_6-6,40
22.0,22,230428,CartPole-v1,"CP-ppo-ac-NN(6,6)-(lr=1.0e-5)-(86-params)",classic_NN_6-6,40
14.0,14,230432,CartPole-v1,"CP-ppo-ac-NN(6,6)-(lr=1.0e-5)-(86-params)",classic_NN_6-6,40
11.0,11,230456,CartPole-v1,"CP-ppo-ac-NN(6,6)-(lr=1.0e-5)-(86-params)",classic_NN_6-6,40
11.0,11,230476,CartPole-v1,"CP-ppo-ac-NN(6,6)-(lr=1.0e-5)-(86-params)",classic_NN_6-6,40
108.0,108,230516,CartPole-v1,"CP-ppo-ac-NN(6,6)-(lr=1.0e-5)-(86-params)",classic_NN_6-6,40
12.0,12,230524,CartPole-v1,"CP-ppo-ac-NN(6,6)-(lr=1.0e-5)-(86-params)",classic_NN_6-6,40
24.0,24,230552,CartPole-v1,"CP-ppo-ac-NN(6,6)-(lr=1.0e-5)-(86-params)",classic_NN_6-6,40
15.0,15,230584,CartPole-v1,"CP-ppo-ac-NN(6,6)-(lr=1.0e-5)-(86-params)",classic_NN_6-6,40
22.0,22,230604,CartPole-v1,"CP-ppo-ac-NN(6,6)-(lr=1.0e-5)-(86-params)",classic_NN_6-6,40
32.0,32,230680,CartPole-v1,"CP-ppo-ac-NN(6,6)-(lr=1.0e-5)-(86-params)",classic_NN_6-6,40
28.0,28,230696,CartPole-v1,"CP-ppo-ac-NN(6,6)-(lr=1.0e-5)-(86-params)",classic_NN_6-6,40
14.0,14,230752,CartPole-v1,"CP-ppo-ac-NN(6,6)-(lr=1.0e-5)-(86-params)",classic_NN_6-6,40
55.0,55,230824,CartPole-v1,"CP-ppo-ac-NN(6,6)-(lr=1.0e-5)-(86-params)",classic_NN_6-6,40
99.0,99,230824,CartPole-v1,"CP-ppo-ac-NN(6,6)-(lr=1.0e-5)-(86-params)",classic_NN_6-6,40
20.0,20,230904,CartPole-v1,"CP-ppo-ac-NN(6,6)-(lr=1.0e-5)-(86-params)",classic_NN_6-6,40
62.0,62,230928,CartPole-v1,"CP-ppo-ac-NN(6,6)-(lr=1.0e-5)-(86-params)",classic_NN_6-6,40
13.0,13,230956,CartPole-v1,"CP-ppo-ac-NN(6,6)-(lr=1.0e-5)-(86-params)",classic_NN_6-6,40
14.0,14,230984,CartPole-v1,"CP-ppo-ac-NN(6,6)-(lr=1.0e-5)-(86-params)",classic_NN_6-6,40
59.0,59,230988,CartPole-v1,"CP-ppo-ac-NN(6,6)-(lr=1.0e-5)-(86-params)",classic_NN_6-6,40
52.0,52,231032,CartPole-v1,"CP-ppo-ac-NN(6,6)-(lr=1.0e-5)-(86-params)",classic_NN_6-6,40
20.0,20,231036,CartPole-v1,"CP-ppo-ac-NN(6,6)-(lr=1.0e-5)-(86-params)",classic_NN_6-6,40
20.0,20,231068,CartPole-v1,"CP-ppo-ac-NN(6,6)-(lr=1.0e-5)-(86-params)",classic_NN_6-6,40
32.0,32,231112,CartPole-v1,"CP-ppo-ac-NN(6,6)-(lr=1.0e-5)-(86-params)",classic_NN_6-6,40
16.0,16,231132,CartPole-v1,"CP-ppo-ac-NN(6,6)-(lr=1.0e-5)-(86-params)",classic_NN_6-6,40
11.0,11,231156,CartPole-v1,"CP-ppo-ac-NN(6,6)-(lr=1.0e-5)-(86-params)",classic_NN_6-6,40
18.0,18,231228,CartPole-v1,"CP-ppo-ac-NN(6,6)-(lr=1.0e-5)-(86-params)",classic_NN_6-6,40
55.0,55,231252,CartPole-v1,"CP-ppo-ac-NN(6,6)-(lr=1.0e-5)-(86-params)",classic_NN_6-6,40
14.0,14,231308,CartPole-v1,"CP-ppo-ac-NN(6,6)-(lr=1.0e-5)-(86-params)",classic_NN_6-6,40
53.0,53,231344,CartPole-v1,"CP-ppo-ac-NN(6,6)-(lr=1.0e-5)-(86-params)",classic_NN_6-6,40
81.0,81,231360,CartPole-v1,"CP-ppo-ac-NN(6,6)-(lr=1.0e-5)-(86-params)",classic_NN_6-6,40
42.0,42,231396,CartPole-v1,"CP-ppo-ac-NN(6,6)-(lr=1.0e-5)-(86-params)",classic_NN_6-6,40
12.0,12,231444,CartPole-v1,"CP-ppo-ac-NN(6,6)-(lr=1.0e-5)-(86-params)",classic_NN_6-6,40
31.0,31,231468,CartPole-v1,"CP-ppo-ac-NN(6,6)-(lr=1.0e-5)-(86-params)",classic_NN_6-6,40
27.0,27,231552,CartPole-v1,"CP-ppo-ac-NN(6,6)-(lr=1.0e-5)-(86-params)",classic_NN_6-6,40
48.0,48,231552,CartPole-v1,"CP-ppo-ac-NN(6,6)-(lr=1.0e-5)-(86-params)",classic_NN_6-6,40
10.0,10,231592,CartPole-v1,"CP-ppo-ac-NN(6,6)-(lr=1.0e-5)-(86-params)",classic_NN_6-6,40
77.0,77,231616,CartPole-v1,"CP-ppo-ac-NN(6,6)-(lr=1.0e-5)-(86-params)",classic_NN_6-6,40
17.0,17,231620,CartPole-v1,"CP-ppo-ac-NN(6,6)-(lr=1.0e-5)-(86-params)",classic_NN_6-6,40
13.0,13,231668,CartPole-v1,"CP-ppo-ac-NN(6,6)-(lr=1.0e-5)-(86-params)",classic_NN_6-6,40
54.0,54,231684,CartPole-v1,"CP-ppo-ac-NN(6,6)-(lr=1.0e-5)-(86-params)",classic_NN_6-6,40
30.0,30,231712,CartPole-v1,"CP-ppo-ac-NN(6,6)-(lr=1.0e-5)-(86-params)",classic_NN_6-6,40
12.0,12,231732,CartPole-v1,"CP-ppo-ac-NN(6,6)-(lr=1.0e-5)-(86-params)",classic_NN_6-6,40
25.0,25,231768,CartPole-v1,"CP-ppo-ac-NN(6,6)-(lr=1.0e-5)-(86-params)",classic_NN_6-6,40
17.0,17,231800,CartPole-v1,"CP-ppo-ac-NN(6,6)-(lr=1.0e-5)-(86-params)",classic_NN_6-6,40
31.0,31,231836,CartPole-v1,"CP-ppo-ac-NN(6,6)-(lr=1.0e-5)-(86-params)",classic_NN_6-6,40
56.0,56,231844,CartPole-v1,"CP-ppo-ac-NN(6,6)-(lr=1.0e-5)-(86-params)",classic_NN_6-6,40
15.0,15,231860,CartPole-v1,"CP-ppo-ac-NN(6,6)-(lr=1.0e-5)-(86-params)",classic_NN_6-6,40
25.0,25,231936,CartPole-v1,"CP-ppo-ac-NN(6,6)-(lr=1.0e-5)-(86-params)",classic_NN_6-6,40
21.0,21,231944,CartPole-v1,"CP-ppo-ac-NN(6,6)-(lr=1.0e-5)-(86-params)",classic_NN_6-6,40
38.0,38,231996,CartPole-v1,"CP-ppo-ac-NN(6,6)-(lr=1.0e-5)-(86-params)",classic_NN_6-6,40
13.0,13,231996,CartPole-v1,"CP-ppo-ac-NN(6,6)-(lr=1.0e-5)-(86-params)",classic_NN_6-6,40
62.0,62,232016,CartPole-v1,"CP-ppo-ac-NN(6,6)-(lr=1.0e-5)-(86-params)",classic_NN_6-6,40
18.0,18,232068,CartPole-v1,"CP-ppo-ac-NN(6,6)-(lr=1.0e-5)-(86-params)",classic_NN_6-6,40
34.0,34,232072,CartPole-v1,"CP-ppo-ac-NN(6,6)-(lr=1.0e-5)-(86-params)",classic_NN_6-6,40
28.0,28,232180,CartPole-v1,"CP-ppo-ac-NN(6,6)-(lr=1.0e-5)-(86-params)",classic_NN_6-6,40
48.0,48,232188,CartPole-v1,"CP-ppo-ac-NN(6,6)-(lr=1.0e-5)-(86-params)",classic_NN_6-6,40
62.0,62,232320,CartPole-v1,"CP-ppo-ac-NN(6,6)-(lr=1.0e-5)-(86-params)",classic_NN_6-6,40
48.0,48,232372,CartPole-v1,"CP-ppo-ac-NN(6,6)-(lr=1.0e-5)-(86-params)",classic_NN_6-6,40
47.0,47,232376,CartPole-v1,"CP-ppo-ac-NN(6,6)-(lr=1.0e-5)-(86-params)",classic_NN_6-6,40
19.0,19,232396,CartPole-v1,"CP-ppo-ac-NN(6,6)-(lr=1.0e-5)-(86-params)",classic_NN_6-6,40
13.0,13,232424,CartPole-v1,"CP-ppo-ac-NN(6,6)-(lr=1.0e-5)-(86-params)",classic_NN_6-6,40
109.0,109,232452,CartPole-v1,"CP-ppo-ac-NN(6,6)-(lr=1.0e-5)-(86-params)",classic_NN_6-6,40
23.0,23,232468,CartPole-v1,"CP-ppo-ac-NN(6,6)-(lr=1.0e-5)-(86-params)",classic_NN_6-6,40
25.0,25,232524,CartPole-v1,"CP-ppo-ac-NN(6,6)-(lr=1.0e-5)-(86-params)",classic_NN_6-6,40
33.0,33,232528,CartPole-v1,"CP-ppo-ac-NN(6,6)-(lr=1.0e-5)-(86-params)",classic_NN_6-6,40
23.0,23,232560,CartPole-v1,"CP-ppo-ac-NN(6,6)-(lr=1.0e-5)-(86-params)",classic_NN_6-6,40
38.0,38,232604,CartPole-v1,"CP-ppo-ac-NN(6,6)-(lr=1.0e-5)-(86-params)",classic_NN_6-6,40
14.0,14,232616,CartPole-v1,"CP-ppo-ac-NN(6,6)-(lr=1.0e-5)-(86-params)",classic_NN_6-6,40
30.0,30,232648,CartPole-v1,"CP-ppo-ac-NN(6,6)-(lr=1.0e-5)-(86-params)",classic_NN_6-6,40
22.0,22,232692,CartPole-v1,"CP-ppo-ac-NN(6,6)-(lr=1.0e-5)-(86-params)",classic_NN_6-6,40
46.0,46,232708,CartPole-v1,"CP-ppo-ac-NN(6,6)-(lr=1.0e-5)-(86-params)",classic_NN_6-6,40
30.0,30,232736,CartPole-v1,"CP-ppo-ac-NN(6,6)-(lr=1.0e-5)-(86-params)",classic_NN_6-6,40
20.0,20,232816,CartPole-v1,"CP-ppo-ac-NN(6,6)-(lr=1.0e-5)-(86-params)",classic_NN_6-6,40
46.0,46,232876,CartPole-v1,"CP-ppo-ac-NN(6,6)-(lr=1.0e-5)-(86-params)",classic_NN_6-6,40
66.0,66,232912,CartPole-v1,"CP-ppo-ac-NN(6,6)-(lr=1.0e-5)-(86-params)",classic_NN_6-6,40
54.0,54,232924,CartPole-v1,"CP-ppo-ac-NN(6,6)-(lr=1.0e-5)-(86-params)",classic_NN_6-6,40
14.0,14,232932,CartPole-v1,"CP-ppo-ac-NN(6,6)-(lr=1.0e-5)-(86-params)",classic_NN_6-6,40
35.0,35,232956,CartPole-v1,"CP-ppo-ac-NN(6,6)-(lr=1.0e-5)-(86-params)",classic_NN_6-6,40
13.0,13,233008,CartPole-v1,"CP-ppo-ac-NN(6,6)-(lr=1.0e-5)-(86-params)",classic_NN_6-6,40
29.0,29,233040,CartPole-v1,"CP-ppo-ac-NN(6,6)-(lr=1.0e-5)-(86-params)",classic_NN_6-6,40
28.0,28,233044,CartPole-v1,"CP-ppo-ac-NN(6,6)-(lr=1.0e-5)-(86-params)",classic_NN_6-6,40
15.0,15,233068,CartPole-v1,"CP-ppo-ac-NN(6,6)-(lr=1.0e-5)-(86-params)",classic_NN_6-6,40
44.0,44,233088,CartPole-v1,"CP-ppo-ac-NN(6,6)-(lr=1.0e-5)-(86-params)",classic_NN_6-6,40
12.0,12,233088,CartPole-v1,"CP-ppo-ac-NN(6,6)-(lr=1.0e-5)-(86-params)",classic_NN_6-6,40
15.0,15,233128,CartPole-v1,"CP-ppo-ac-NN(6,6)-(lr=1.0e-5)-(86-params)",classic_NN_6-6,40
27.0,27,233196,CartPole-v1,"CP-ppo-ac-NN(6,6)-(lr=1.0e-5)-(86-params)",classic_NN_6-6,40
40.0,40,233204,CartPole-v1,"CP-ppo-ac-NN(6,6)-(lr=1.0e-5)-(86-params)",classic_NN_6-6,40
23.0,23,233220,CartPole-v1,"CP-ppo-ac-NN(6,6)-(lr=1.0e-5)-(86-params)",classic_NN_6-6,40
34.0,34,233224,CartPole-v1,"CP-ppo-ac-NN(6,6)-(lr=1.0e-5)-(86-params)",classic_NN_6-6,40
22.0,22,233312,CartPole-v1,"CP-ppo-ac-NN(6,6)-(lr=1.0e-5)-(86-params)",classic_NN_6-6,40
26.0,26,233324,CartPole-v1,"CP-ppo-ac-NN(6,6)-(lr=1.0e-5)-(86-params)",classic_NN_6-6,40
43.0,43,233376,CartPole-v1,"CP-ppo-ac-NN(6,6)-(lr=1.0e-5)-(86-params)",classic_NN_6-6,40
20.0,20,233392,CartPole-v1,"CP-ppo-ac-NN(6,6)-(lr=1.0e-5)-(86-params)",classic_NN_6-6,40
52.0,52,233404,CartPole-v1,"CP-ppo-ac-NN(6,6)-(lr=1.0e-5)-(86-params)",classic_NN_6-6,40
25.0,25,233424,CartPole-v1,"CP-ppo-ac-NN(6,6)-(lr=1.0e-5)-(86-params)",classic_NN_6-6,40
14.0,14,233432,CartPole-v1,"CP-ppo-ac-NN(6,6)-(lr=1.0e-5)-(86-params)",classic_NN_6-6,40
11.0,11,233476,CartPole-v1,"CP-ppo-ac-NN(6,6)-(lr=1.0e-5)-(86-params)",classic_NN_6-6,40
23.0,23,233484,CartPole-v1,"CP-ppo-ac-NN(6,6)-(lr=1.0e-5)-(86-params)",classic_NN_6-6,40
19.0,19,233500,CartPole-v1,"CP-ppo-ac-NN(6,6)-(lr=1.0e-5)-(86-params)",classic_NN_6-6,40
33.0,33,233536,CartPole-v1,"CP-ppo-ac-NN(6,6)-(lr=1.0e-5)-(86-params)",classic_NN_6-6,40
19.0,19,233560,CartPole-v1,"CP-ppo-ac-NN(6,6)-(lr=1.0e-5)-(86-params)",classic_NN_6-6,40
18.0,18,233572,CartPole-v1,"CP-ppo-ac-NN(6,6)-(lr=1.0e-5)-(86-params)",classic_NN_6-6,40
21.0,21,233644,CartPole-v1,"CP-ppo-ac-NN(6,6)-(lr=1.0e-5)-(86-params)",classic_NN_6-6,40
35.0,35,233676,CartPole-v1,"CP-ppo-ac-NN(6,6)-(lr=1.0e-5)-(86-params)",classic_NN_6-6,40
63.0,63,233728,CartPole-v1,"CP-ppo-ac-NN(6,6)-(lr=1.0e-5)-(86-params)",classic_NN_6-6,40
31.0,31,233768,CartPole-v1,"CP-ppo-ac-NN(6,6)-(lr=1.0e-5)-(86-params)",classic_NN_6-6,40
50.0,50,233772,CartPole-v1,"CP-ppo-ac-NN(6,6)-(lr=1.0e-5)-(86-params)",classic_NN_6-6,40
21.0,21,233812,CartPole-v1,"CP-ppo-ac-NN(6,6)-(lr=1.0e-5)-(86-params)",classic_NN_6-6,40
34.0,34,233812,CartPole-v1,"CP-ppo-ac-NN(6,6)-(lr=1.0e-5)-(86-params)",classic_NN_6-6,40
16.0,16,233876,CartPole-v1,"CP-ppo-ac-NN(6,6)-(lr=1.0e-5)-(86-params)",classic_NN_6-6,40
37.0,37,233920,CartPole-v1,"CP-ppo-ac-NN(6,6)-(lr=1.0e-5)-(86-params)",classic_NN_6-6,40
17.0,17,233944,CartPole-v1,"CP-ppo-ac-NN(6,6)-(lr=1.0e-5)-(86-params)",classic_NN_6-6,40
37.0,37,233960,CartPole-v1,"CP-ppo-ac-NN(6,6)-(lr=1.0e-5)-(86-params)",classic_NN_6-6,40
13.0,13,234012,CartPole-v1,"CP-ppo-ac-NN(6,6)-(lr=1.0e-5)-(86-params)",classic_NN_6-6,40
65.0,65,234028,CartPole-v1,"CP-ppo-ac-NN(6,6)-(lr=1.0e-5)-(86-params)",classic_NN_6-6,40
28.0,28,234056,CartPole-v1,"CP-ppo-ac-NN(6,6)-(lr=1.0e-5)-(86-params)",classic_NN_6-6,40
13.0,13,234064,CartPole-v1,"CP-ppo-ac-NN(6,6)-(lr=1.0e-5)-(86-params)",classic_NN_6-6,40
38.0,38,234072,CartPole-v1,"CP-ppo-ac-NN(6,6)-(lr=1.0e-5)-(86-params)",classic_NN_6-6,40
26.0,26,234176,CartPole-v1,"CP-ppo-ac-NN(6,6)-(lr=1.0e-5)-(86-params)",classic_NN_6-6,40
34.0,34,234200,CartPole-v1,"CP-ppo-ac-NN(6,6)-(lr=1.0e-5)-(86-params)",classic_NN_6-6,40
42.0,42,234224,CartPole-v1,"CP-ppo-ac-NN(6,6)-(lr=1.0e-5)-(86-params)",classic_NN_6-6,40
16.0,16,234288,CartPole-v1,"CP-ppo-ac-NN(6,6)-(lr=1.0e-5)-(86-params)",classic_NN_6-6,40
39.0,39,234356,CartPole-v1,"CP-ppo-ac-NN(6,6)-(lr=1.0e-5)-(86-params)",classic_NN_6-6,40
19.0,19,234364,CartPole-v1,"CP-ppo-ac-NN(6,6)-(lr=1.0e-5)-(86-params)",classic_NN_6-6,40
93.0,93,234400,CartPole-v1,"CP-ppo-ac-NN(6,6)-(lr=1.0e-5)-(86-params)",classic_NN_6-6,40
14.0,14,234412,CartPole-v1,"CP-ppo-ac-NN(6,6)-(lr=1.0e-5)-(86-params)",classic_NN_6-6,40
63.0,63,234428,CartPole-v1,"CP-ppo-ac-NN(6,6)-(lr=1.0e-5)-(86-params)",classic_NN_6-6,40
19.0,19,234440,CartPole-v1,"CP-ppo-ac-NN(6,6)-(lr=1.0e-5)-(86-params)",classic_NN_6-6,40
11.0,11,234456,CartPole-v1,"CP-ppo-ac-NN(6,6)-(lr=1.0e-5)-(86-params)",classic_NN_6-6,40
21.0,21,234484,CartPole-v1,"CP-ppo-ac-NN(6,6)-(lr=1.0e-5)-(86-params)",classic_NN_6-6,40
20.0,20,234520,CartPole-v1,"CP-ppo-ac-NN(6,6)-(lr=1.0e-5)-(86-params)",classic_NN_6-6,40
19.0,19,234532,CartPole-v1,"CP-ppo-ac-NN(6,6)-(lr=1.0e-5)-(86-params)",classic_NN_6-6,40
21.0,21,234568,CartPole-v1,"CP-ppo-ac-NN(6,6)-(lr=1.0e-5)-(86-params)",classic_NN_6-6,40
14.0,14,234588,CartPole-v1,"CP-ppo-ac-NN(6,6)-(lr=1.0e-5)-(86-params)",classic_NN_6-6,40
23.0,23,234612,CartPole-v1,"CP-ppo-ac-NN(6,6)-(lr=1.0e-5)-(86-params)",classic_NN_6-6,40
55.0,55,234648,CartPole-v1,"CP-ppo-ac-NN(6,6)-(lr=1.0e-5)-(86-params)",classic_NN_6-6,40
24.0,24,234708,CartPole-v1,"CP-ppo-ac-NN(6,6)-(lr=1.0e-5)-(86-params)",classic_NN_6-6,40
35.0,35,234728,CartPole-v1,"CP-ppo-ac-NN(6,6)-(lr=1.0e-5)-(86-params)",classic_NN_6-6,40
34.0,34,234784,CartPole-v1,"CP-ppo-ac-NN(6,6)-(lr=1.0e-5)-(86-params)",classic_NN_6-6,40
20.0,20,234788,CartPole-v1,"CP-ppo-ac-NN(6,6)-(lr=1.0e-5)-(86-params)",classic_NN_6-6,40
64.0,64,234824,CartPole-v1,"CP-ppo-ac-NN(6,6)-(lr=1.0e-5)-(86-params)",classic_NN_6-6,40
24.0,24,234824,CartPole-v1,"CP-ppo-ac-NN(6,6)-(lr=1.0e-5)-(86-params)",classic_NN_6-6,40
10.0,10,234824,CartPole-v1,"CP-ppo-ac-NN(6,6)-(lr=1.0e-5)-(86-params)",classic_NN_6-6,40
12.0,12,234872,CartPole-v1,"CP-ppo-ac-NN(6,6)-(lr=1.0e-5)-(86-params)",classic_NN_6-6,40
19.0,19,234900,CartPole-v1,"CP-ppo-ac-NN(6,6)-(lr=1.0e-5)-(86-params)",classic_NN_6-6,40
32.0,32,234916,CartPole-v1,"CP-ppo-ac-NN(6,6)-(lr=1.0e-5)-(86-params)",classic_NN_6-6,40
24.0,24,234968,CartPole-v1,"CP-ppo-ac-NN(6,6)-(lr=1.0e-5)-(86-params)",classic_NN_6-6,40
38.0,38,235052,CartPole-v1,"CP-ppo-ac-NN(6,6)-(lr=1.0e-5)-(86-params)",classic_NN_6-6,40
59.0,59,235060,CartPole-v1,"CP-ppo-ac-NN(6,6)-(lr=1.0e-5)-(86-params)",classic_NN_6-6,40
37.0,37,235116,CartPole-v1,"CP-ppo-ac-NN(6,6)-(lr=1.0e-5)-(86-params)",classic_NN_6-6,40
23.0,23,235144,CartPole-v1,"CP-ppo-ac-NN(6,6)-(lr=1.0e-5)-(86-params)",classic_NN_6-6,40
24.0,24,235156,CartPole-v1,"CP-ppo-ac-NN(6,6)-(lr=1.0e-5)-(86-params)",classic_NN_6-6,40
60.0,60,235156,CartPole-v1,"CP-ppo-ac-NN(6,6)-(lr=1.0e-5)-(86-params)",classic_NN_6-6,40
11.0,11,235200,CartPole-v1,"CP-ppo-ac-NN(6,6)-(lr=1.0e-5)-(86-params)",classic_NN_6-6,40
33.0,33,235276,CartPole-v1,"CP-ppo-ac-NN(6,6)-(lr=1.0e-5)-(86-params)",classic_NN_6-6,40
24.0,24,235296,CartPole-v1,"CP-ppo-ac-NN(6,6)-(lr=1.0e-5)-(86-params)",classic_NN_6-6,40
50.0,50,235316,CartPole-v1,"CP-ppo-ac-NN(6,6)-(lr=1.0e-5)-(86-params)",classic_NN_6-6,40
60.0,60,235396,CartPole-v1,"CP-ppo-ac-NN(6,6)-(lr=1.0e-5)-(86-params)",classic_NN_6-6,40
23.0,23,235408,CartPole-v1,"CP-ppo-ac-NN(6,6)-(lr=1.0e-5)-(86-params)",classic_NN_6-6,40
29.0,29,235412,CartPole-v1,"CP-ppo-ac-NN(6,6)-(lr=1.0e-5)-(86-params)",classic_NN_6-6,40
43.0,43,235448,CartPole-v1,"CP-ppo-ac-NN(6,6)-(lr=1.0e-5)-(86-params)",classic_NN_6-6,40
13.0,13,235464,CartPole-v1,"CP-ppo-ac-NN(6,6)-(lr=1.0e-5)-(86-params)",classic_NN_6-6,40
32.0,32,235524,CartPole-v1,"CP-ppo-ac-NN(6,6)-(lr=1.0e-5)-(86-params)",classic_NN_6-6,40
36.0,36,235552,CartPole-v1,"CP-ppo-ac-NN(6,6)-(lr=1.0e-5)-(86-params)",classic_NN_6-6,40
35.0,35,235588,CartPole-v1,"CP-ppo-ac-NN(6,6)-(lr=1.0e-5)-(86-params)",classic_NN_6-6,40
37.0,37,235612,CartPole-v1,"CP-ppo-ac-NN(6,6)-(lr=1.0e-5)-(86-params)",classic_NN_6-6,40
21.0,21,235672,CartPole-v1,"CP-ppo-ac-NN(6,6)-(lr=1.0e-5)-(86-params)",classic_NN_6-6,40
43.0,43,235696,CartPole-v1,"CP-ppo-ac-NN(6,6)-(lr=1.0e-5)-(86-params)",classic_NN_6-6,40
31.0,31,235736,CartPole-v1,"CP-ppo-ac-NN(6,6)-(lr=1.0e-5)-(86-params)",classic_NN_6-6,40
54.0,54,235768,CartPole-v1,"CP-ppo-ac-NN(6,6)-(lr=1.0e-5)-(86-params)",classic_NN_6-6,40
28.0,28,235784,CartPole-v1,"CP-ppo-ac-NN(6,6)-(lr=1.0e-5)-(86-params)",classic_NN_6-6,40
14.0,14,235792,CartPole-v1,"CP-ppo-ac-NN(6,6)-(lr=1.0e-5)-(86-params)",classic_NN_6-6,40
34.0,34,235832,CartPole-v1,"CP-ppo-ac-NN(6,6)-(lr=1.0e-5)-(86-params)",classic_NN_6-6,40
15.0,15,235844,CartPole-v1,"CP-ppo-ac-NN(6,6)-(lr=1.0e-5)-(86-params)",classic_NN_6-6,40
16.0,16,235856,CartPole-v1,"CP-ppo-ac-NN(6,6)-(lr=1.0e-5)-(86-params)",classic_NN_6-6,40
10.0,10,235872,CartPole-v1,"CP-ppo-ac-NN(6,6)-(lr=1.0e-5)-(86-params)",classic_NN_6-6,40
13.0,13,235924,CartPole-v1,"CP-ppo-ac-NN(6,6)-(lr=1.0e-5)-(86-params)",classic_NN_6-6,40
27.0,27,235952,CartPole-v1,"CP-ppo-ac-NN(6,6)-(lr=1.0e-5)-(86-params)",classic_NN_6-6,40
48.0,48,235960,CartPole-v1,"CP-ppo-ac-NN(6,6)-(lr=1.0e-5)-(86-params)",classic_NN_6-6,40
10.0,10,235992,CartPole-v1,"CP-ppo-ac-NN(6,6)-(lr=1.0e-5)-(86-params)",classic_NN_6-6,40
18.0,18,236032,CartPole-v1,"CP-ppo-ac-NN(6,6)-(lr=1.0e-5)-(86-params)",classic_NN_6-6,40
45.0,45,236036,CartPole-v1,"CP-ppo-ac-NN(6,6)-(lr=1.0e-5)-(86-params)",classic_NN_6-6,40
31.0,31,236116,CartPole-v1,"CP-ppo-ac-NN(6,6)-(lr=1.0e-5)-(86-params)",classic_NN_6-6,40
23.0,23,236124,CartPole-v1,"CP-ppo-ac-NN(6,6)-(lr=1.0e-5)-(86-params)",classic_NN_6-6,40
23.0,23,236128,CartPole-v1,"CP-ppo-ac-NN(6,6)-(lr=1.0e-5)-(86-params)",classic_NN_6-6,40
32.0,32,236252,CartPole-v1,"CP-ppo-ac-NN(6,6)-(lr=1.0e-5)-(86-params)",classic_NN_6-6,40
83.0,83,236256,CartPole-v1,"CP-ppo-ac-NN(6,6)-(lr=1.0e-5)-(86-params)",classic_NN_6-6,40
41.0,41,236280,CartPole-v1,"CP-ppo-ac-NN(6,6)-(lr=1.0e-5)-(86-params)",classic_NN_6-6,40
19.0,19,236332,CartPole-v1,"CP-ppo-ac-NN(6,6)-(lr=1.0e-5)-(86-params)",classic_NN_6-6,40
33.0,33,236384,CartPole-v1,"CP-ppo-ac-NN(6,6)-(lr=1.0e-5)-(86-params)",classic_NN_6-6,40
76.0,76,236432,CartPole-v1,"CP-ppo-ac-NN(6,6)-(lr=1.0e-5)-(86-params)",classic_NN_6-6,40
38.0,38,236432,CartPole-v1,"CP-ppo-ac-NN(6,6)-(lr=1.0e-5)-(86-params)",classic_NN_6-6,40
15.0,15,236492,CartPole-v1,"CP-ppo-ac-NN(6,6)-(lr=1.0e-5)-(86-params)",classic_NN_6-6,40
31.0,31,236508,CartPole-v1,"CP-ppo-ac-NN(6,6)-(lr=1.0e-5)-(86-params)",classic_NN_6-6,40
50.0,50,236532,CartPole-v1,"CP-ppo-ac-NN(6,6)-(lr=1.0e-5)-(86-params)",classic_NN_6-6,40
16.0,16,236556,CartPole-v1,"CP-ppo-ac-NN(6,6)-(lr=1.0e-5)-(86-params)",classic_NN_6-6,40
39.0,39,236588,CartPole-v1,"CP-ppo-ac-NN(6,6)-(lr=1.0e-5)-(86-params)",classic_NN_6-6,40
14.0,14,236612,CartPole-v1,"CP-ppo-ac-NN(6,6)-(lr=1.0e-5)-(86-params)",classic_NN_6-6,40
33.0,33,236640,CartPole-v1,"CP-ppo-ac-NN(6,6)-(lr=1.0e-5)-(86-params)",classic_NN_6-6,40
12.0,12,236688,CartPole-v1,"CP-ppo-ac-NN(6,6)-(lr=1.0e-5)-(86-params)",classic_NN_6-6,40
50.0,50,236732,CartPole-v1,"CP-ppo-ac-NN(6,6)-(lr=1.0e-5)-(86-params)",classic_NN_6-6,40
14.0,14,236788,CartPole-v1,"CP-ppo-ac-NN(6,6)-(lr=1.0e-5)-(86-params)",classic_NN_6-6,40
33.0,33,236820,CartPole-v1,"CP-ppo-ac-NN(6,6)-(lr=1.0e-5)-(86-params)",classic_NN_6-6,40
58.0,58,236820,CartPole-v1,"CP-ppo-ac-NN(6,6)-(lr=1.0e-5)-(86-params)",classic_NN_6-6,40
12.0,12,236836,CartPole-v1,"CP-ppo-ac-NN(6,6)-(lr=1.0e-5)-(86-params)",classic_NN_6-6,40
23.0,23,236912,CartPole-v1,"CP-ppo-ac-NN(6,6)-(lr=1.0e-5)-(86-params)",classic_NN_6-6,40
87.0,87,236960,CartPole-v1,"CP-ppo-ac-NN(6,6)-(lr=1.0e-5)-(86-params)",classic_NN_6-6,40
35.0,35,236960,CartPole-v1,"CP-ppo-ac-NN(6,6)-(lr=1.0e-5)-(86-params)",classic_NN_6-6,40
39.0,39,236992,CartPole-v1,"CP-ppo-ac-NN(6,6)-(lr=1.0e-5)-(86-params)",classic_NN_6-6,40
22.0,22,237000,CartPole-v1,"CP-ppo-ac-NN(6,6)-(lr=1.0e-5)-(86-params)",classic_NN_6-6,40
15.0,15,237060,CartPole-v1,"CP-ppo-ac-NN(6,6)-(lr=1.0e-5)-(86-params)",classic_NN_6-6,40
26.0,26,237096,CartPole-v1,"CP-ppo-ac-NN(6,6)-(lr=1.0e-5)-(86-params)",classic_NN_6-6,40
34.0,34,237096,CartPole-v1,"CP-ppo-ac-NN(6,6)-(lr=1.0e-5)-(86-params)",classic_NN_6-6,40
37.0,37,237108,CartPole-v1,"CP-ppo-ac-NN(6,6)-(lr=1.0e-5)-(86-params)",classic_NN_6-6,40
26.0,26,237164,CartPole-v1,"CP-ppo-ac-NN(6,6)-(lr=1.0e-5)-(86-params)",classic_NN_6-6,40
35.0,35,237236,CartPole-v1,"CP-ppo-ac-NN(6,6)-(lr=1.0e-5)-(86-params)",classic_NN_6-6,40
60.0,60,237336,CartPole-v1,"CP-ppo-ac-NN(6,6)-(lr=1.0e-5)-(86-params)",classic_NN_6-6,40
44.0,44,237340,CartPole-v1,"CP-ppo-ac-NN(6,6)-(lr=1.0e-5)-(86-params)",classic_NN_6-6,40
41.0,41,237400,CartPole-v1,"CP-ppo-ac-NN(6,6)-(lr=1.0e-5)-(86-params)",classic_NN_6-6,40
21.0,21,237424,CartPole-v1,"CP-ppo-ac-NN(6,6)-(lr=1.0e-5)-(86-params)",classic_NN_6-6,40
36.0,36,237480,CartPole-v1,"CP-ppo-ac-NN(6,6)-(lr=1.0e-5)-(86-params)",classic_NN_6-6,40
26.0,26,237528,CartPole-v1,"CP-ppo-ac-NN(6,6)-(lr=1.0e-5)-(86-params)",classic_NN_6-6,40
107.0,107,237536,CartPole-v1,"CP-ppo-ac-NN(6,6)-(lr=1.0e-5)-(86-params)",classic_NN_6-6,40
34.0,34,237616,CartPole-v1,"CP-ppo-ac-NN(6,6)-(lr=1.0e-5)-(86-params)",classic_NN_6-6,40
14.0,14,237672,CartPole-v1,"CP-ppo-ac-NN(6,6)-(lr=1.0e-5)-(86-params)",classic_NN_6-6,40
47.0,47,237716,CartPole-v1,"CP-ppo-ac-NN(6,6)-(lr=1.0e-5)-(86-params)",classic_NN_6-6,40
12.0,12,237720,CartPole-v1,"CP-ppo-ac-NN(6,6)-(lr=1.0e-5)-(86-params)",classic_NN_6-6,40
54.0,54,237752,CartPole-v1,"CP-ppo-ac-NN(6,6)-(lr=1.0e-5)-(86-params)",classic_NN_6-6,40
91.0,91,237764,CartPole-v1,"CP-ppo-ac-NN(6,6)-(lr=1.0e-5)-(86-params)",classic_NN_6-6,40
21.0,21,237800,CartPole-v1,"CP-ppo-ac-NN(6,6)-(lr=1.0e-5)-(86-params)",classic_NN_6-6,40
27.0,27,237828,CartPole-v1,"CP-ppo-ac-NN(6,6)-(lr=1.0e-5)-(86-params)",classic_NN_6-6,40
21.0,21,237836,CartPole-v1,"CP-ppo-ac-NN(6,6)-(lr=1.0e-5)-(86-params)",classic_NN_6-6,40
14.0,14,237856,CartPole-v1,"CP-ppo-ac-NN(6,6)-(lr=1.0e-5)-(86-params)",classic_NN_6-6,40
28.0,28,237940,CartPole-v1,"CP-ppo-ac-NN(6,6)-(lr=1.0e-5)-(86-params)",classic_NN_6-6,40
32.0,32,237964,CartPole-v1,"CP-ppo-ac-NN(6,6)-(lr=1.0e-5)-(86-params)",classic_NN_6-6,40
14.0,14,237996,CartPole-v1,"CP-ppo-ac-NN(6,6)-(lr=1.0e-5)-(86-params)",classic_NN_6-6,40
41.0,41,238020,CartPole-v1,"CP-ppo-ac-NN(6,6)-(lr=1.0e-5)-(86-params)",classic_NN_6-6,40
85.0,85,238104,CartPole-v1,"CP-ppo-ac-NN(6,6)-(lr=1.0e-5)-(86-params)",classic_NN_6-6,40
24.0,24,238116,CartPole-v1,"CP-ppo-ac-NN(6,6)-(lr=1.0e-5)-(86-params)",classic_NN_6-6,40
37.0,37,238144,CartPole-v1,"CP-ppo-ac-NN(6,6)-(lr=1.0e-5)-(86-params)",classic_NN_6-6,40
19.0,19,238180,CartPole-v1,"CP-ppo-ac-NN(6,6)-(lr=1.0e-5)-(86-params)",classic_NN_6-6,40
23.0,23,238208,CartPole-v1,"CP-ppo-ac-NN(6,6)-(lr=1.0e-5)-(86-params)",classic_NN_6-6,40
70.0,70,238244,CartPole-v1,"CP-ppo-ac-NN(6,6)-(lr=1.0e-5)-(86-params)",classic_NN_6-6,40
36.0,36,238288,CartPole-v1,"CP-ppo-ac-NN(6,6)-(lr=1.0e-5)-(86-params)",classic_NN_6-6,40
29.0,29,238296,CartPole-v1,"CP-ppo-ac-NN(6,6)-(lr=1.0e-5)-(86-params)",classic_NN_6-6,40
13.0,13,238296,CartPole-v1,"CP-ppo-ac-NN(6,6)-(lr=1.0e-5)-(86-params)",classic_NN_6-6,40
20.0,20,238368,CartPole-v1,"CP-ppo-ac-NN(6,6)-(lr=1.0e-5)-(86-params)",classic_NN_6-6,40
34.0,34,238432,CartPole-v1,"CP-ppo-ac-NN(6,6)-(lr=1.0e-5)-(86-params)",classic_NN_6-6,40
35.0,35,238436,CartPole-v1,"CP-ppo-ac-NN(6,6)-(lr=1.0e-5)-(86-params)",classic_NN_6-6,40
25.0,25,238468,CartPole-v1,"CP-ppo-ac-NN(6,6)-(lr=1.0e-5)-(86-params)",classic_NN_6-6,40
14.0,14,238488,CartPole-v1,"CP-ppo-ac-NN(6,6)-(lr=1.0e-5)-(86-params)",classic_NN_6-6,40
70.0,70,238488,CartPole-v1,"CP-ppo-ac-NN(6,6)-(lr=1.0e-5)-(86-params)",classic_NN_6-6,40
17.0,17,238504,CartPole-v1,"CP-ppo-ac-NN(6,6)-(lr=1.0e-5)-(86-params)",classic_NN_6-6,40
12.0,12,238552,CartPole-v1,"CP-ppo-ac-NN(6,6)-(lr=1.0e-5)-(86-params)",classic_NN_6-6,40
26.0,26,238592,CartPole-v1,"CP-ppo-ac-NN(6,6)-(lr=1.0e-5)-(86-params)",classic_NN_6-6,40
31.0,31,238612,CartPole-v1,"CP-ppo-ac-NN(6,6)-(lr=1.0e-5)-(86-params)",classic_NN_6-6,40
16.0,16,238616,CartPole-v1,"CP-ppo-ac-NN(6,6)-(lr=1.0e-5)-(86-params)",classic_NN_6-6,40
43.0,43,238640,CartPole-v1,"CP-ppo-ac-NN(6,6)-(lr=1.0e-5)-(86-params)",classic_NN_6-6,40
12.0,12,238660,CartPole-v1,"CP-ppo-ac-NN(6,6)-(lr=1.0e-5)-(86-params)",classic_NN_6-6,40
16.0,16,238680,CartPole-v1,"CP-ppo-ac-NN(6,6)-(lr=1.0e-5)-(86-params)",classic_NN_6-6,40
26.0,26,238696,CartPole-v1,"CP-ppo-ac-NN(6,6)-(lr=1.0e-5)-(86-params)",classic_NN_6-6,40
21.0,21,238724,CartPole-v1,"CP-ppo-ac-NN(6,6)-(lr=1.0e-5)-(86-params)",classic_NN_6-6,40
20.0,20,238760,CartPole-v1,"CP-ppo-ac-NN(6,6)-(lr=1.0e-5)-(86-params)",classic_NN_6-6,40
37.0,37,238808,CartPole-v1,"CP-ppo-ac-NN(6,6)-(lr=1.0e-5)-(86-params)",classic_NN_6-6,40
33.0,33,238828,CartPole-v1,"CP-ppo-ac-NN(6,6)-(lr=1.0e-5)-(86-params)",classic_NN_6-6,40
18.0,18,238832,CartPole-v1,"CP-ppo-ac-NN(6,6)-(lr=1.0e-5)-(86-params)",classic_NN_6-6,40
15.0,15,238868,CartPole-v1,"CP-ppo-ac-NN(6,6)-(lr=1.0e-5)-(86-params)",classic_NN_6-6,40
38.0,38,238876,CartPole-v1,"CP-ppo-ac-NN(6,6)-(lr=1.0e-5)-(86-params)",classic_NN_6-6,40
12.0,12,238924,CartPole-v1,"CP-ppo-ac-NN(6,6)-(lr=1.0e-5)-(86-params)",classic_NN_6-6,40
24.0,24,238924,CartPole-v1,"CP-ppo-ac-NN(6,6)-(lr=1.0e-5)-(86-params)",classic_NN_6-6,40
24.0,24,238964,CartPole-v1,"CP-ppo-ac-NN(6,6)-(lr=1.0e-5)-(86-params)",classic_NN_6-6,40
23.0,23,239016,CartPole-v1,"CP-ppo-ac-NN(6,6)-(lr=1.0e-5)-(86-params)",classic_NN_6-6,40
15.0,15,239076,CartPole-v1,"CP-ppo-ac-NN(6,6)-(lr=1.0e-5)-(86-params)",classic_NN_6-6,40
66.0,66,239096,CartPole-v1,"CP-ppo-ac-NN(6,6)-(lr=1.0e-5)-(86-params)",classic_NN_6-6,40
37.0,37,239112,CartPole-v1,"CP-ppo-ac-NN(6,6)-(lr=1.0e-5)-(86-params)",classic_NN_6-6,40
56.0,56,239148,CartPole-v1,"CP-ppo-ac-NN(6,6)-(lr=1.0e-5)-(86-params)",classic_NN_6-6,40
21.0,21,239160,CartPole-v1,"CP-ppo-ac-NN(6,6)-(lr=1.0e-5)-(86-params)",classic_NN_6-6,40
20.0,20,239176,CartPole-v1,"CP-ppo-ac-NN(6,6)-(lr=1.0e-5)-(86-params)",classic_NN_6-6,40
12.0,12,239196,CartPole-v1,"CP-ppo-ac-NN(6,6)-(lr=1.0e-5)-(86-params)",classic_NN_6-6,40
27.0,27,239220,CartPole-v1,"CP-ppo-ac-NN(6,6)-(lr=1.0e-5)-(86-params)",classic_NN_6-6,40
19.0,19,239252,CartPole-v1,"CP-ppo-ac-NN(6,6)-(lr=1.0e-5)-(86-params)",classic_NN_6-6,40
21.0,21,239280,CartPole-v1,"CP-ppo-ac-NN(6,6)-(lr=1.0e-5)-(86-params)",classic_NN_6-6,40
32.0,32,239288,CartPole-v1,"CP-ppo-ac-NN(6,6)-(lr=1.0e-5)-(86-params)",classic_NN_6-6,40
20.0,20,239360,CartPole-v1,"CP-ppo-ac-NN(6,6)-(lr=1.0e-5)-(86-params)",classic_NN_6-6,40
24.0,24,239384,CartPole-v1,"CP-ppo-ac-NN(6,6)-(lr=1.0e-5)-(86-params)",classic_NN_6-6,40
34.0,34,239388,CartPole-v1,"CP-ppo-ac-NN(6,6)-(lr=1.0e-5)-(86-params)",classic_NN_6-6,40
45.0,45,239400,CartPole-v1,"CP-ppo-ac-NN(6,6)-(lr=1.0e-5)-(86-params)",classic_NN_6-6,40
13.0,13,239412,CartPole-v1,"CP-ppo-ac-NN(6,6)-(lr=1.0e-5)-(86-params)",classic_NN_6-6,40
25.0,25,239484,CartPole-v1,"CP-ppo-ac-NN(6,6)-(lr=1.0e-5)-(86-params)",classic_NN_6-6,40
40.0,40,239548,CartPole-v1,"CP-ppo-ac-NN(6,6)-(lr=1.0e-5)-(86-params)",classic_NN_6-6,40
43.0,43,239572,CartPole-v1,"CP-ppo-ac-NN(6,6)-(lr=1.0e-5)-(86-params)",classic_NN_6-6,40
17.0,17,239616,CartPole-v1,"CP-ppo-ac-NN(6,6)-(lr=1.0e-5)-(86-params)",classic_NN_6-6,40
14.0,14,239628,CartPole-v1,"CP-ppo-ac-NN(6,6)-(lr=1.0e-5)-(86-params)",classic_NN_6-6,40
56.0,56,239636,CartPole-v1,"CP-ppo-ac-NN(6,6)-(lr=1.0e-5)-(86-params)",classic_NN_6-6,40
17.0,17,239696,CartPole-v1,"CP-ppo-ac-NN(6,6)-(lr=1.0e-5)-(86-params)",classic_NN_6-6,40
54.0,54,239700,CartPole-v1,"CP-ppo-ac-NN(6,6)-(lr=1.0e-5)-(86-params)",classic_NN_6-6,40
31.0,31,239740,CartPole-v1,"CP-ppo-ac-NN(6,6)-(lr=1.0e-5)-(86-params)",classic_NN_6-6,40
12.0,12,239748,CartPole-v1,"CP-ppo-ac-NN(6,6)-(lr=1.0e-5)-(86-params)",classic_NN_6-6,40
19.0,19,239772,CartPole-v1,"CP-ppo-ac-NN(6,6)-(lr=1.0e-5)-(86-params)",classic_NN_6-6,40
13.0,13,239800,CartPole-v1,"CP-ppo-ac-NN(6,6)-(lr=1.0e-5)-(86-params)",classic_NN_6-6,40
29.0,29,239856,CartPole-v1,"CP-ppo-ac-NN(6,6)-(lr=1.0e-5)-(86-params)",classic_NN_6-6,40
26.0,26,239876,CartPole-v1,"CP-ppo-ac-NN(6,6)-(lr=1.0e-5)-(86-params)",classic_NN_6-6,40
35.0,35,239996,CartPole-v1,"CP-ppo-ac-NN(6,6)-(lr=1.0e-5)-(86-params)",classic_NN_6-6,40
115.0,115,240096,CartPole-v1,"CP-ppo-ac-NN(6,6)-(lr=1.0e-5)-(86-params)",classic_NN_6-6,40
75.0,75,240100,CartPole-v1,"CP-ppo-ac-NN(6,6)-(lr=1.0e-5)-(86-params)",classic_NN_6-6,40
72.0,72,240164,CartPole-v1,"CP-ppo-ac-NN(6,6)-(lr=1.0e-5)-(86-params)",classic_NN_6-6,40
17.0,17,240164,CartPole-v1,"CP-ppo-ac-NN(6,6)-(lr=1.0e-5)-(86-params)",classic_NN_6-6,40
45.0,45,240176,CartPole-v1,"CP-ppo-ac-NN(6,6)-(lr=1.0e-5)-(86-params)",classic_NN_6-6,40
21.0,21,240248,CartPole-v1,"CP-ppo-ac-NN(6,6)-(lr=1.0e-5)-(86-params)",classic_NN_6-6,40
22.0,22,240252,CartPole-v1,"CP-ppo-ac-NN(6,6)-(lr=1.0e-5)-(86-params)",classic_NN_6-6,40
25.0,25,240276,CartPole-v1,"CP-ppo-ac-NN(6,6)-(lr=1.0e-5)-(86-params)",classic_NN_6-6,40
49.0,49,240296,CartPole-v1,"CP-ppo-ac-NN(6,6)-(lr=1.0e-5)-(86-params)",classic_NN_6-6,40
17.0,17,240320,CartPole-v1,"CP-ppo-ac-NN(6,6)-(lr=1.0e-5)-(86-params)",classic_NN_6-6,40
10.0,10,240336,CartPole-v1,"CP-ppo-ac-NN(6,6)-(lr=1.0e-5)-(86-params)",classic_NN_6-6,40
22.0,22,240336,CartPole-v1,"CP-ppo-ac-NN(6,6)-(lr=1.0e-5)-(86-params)",classic_NN_6-6,40
15.0,15,240380,CartPole-v1,"CP-ppo-ac-NN(6,6)-(lr=1.0e-5)-(86-params)",classic_NN_6-6,40
14.0,14,240392,CartPole-v1,"CP-ppo-ac-NN(6,6)-(lr=1.0e-5)-(86-params)",classic_NN_6-6,40
34.0,34,240412,CartPole-v1,"CP-ppo-ac-NN(6,6)-(lr=1.0e-5)-(86-params)",classic_NN_6-6,40
22.0,22,240480,CartPole-v1,"CP-ppo-ac-NN(6,6)-(lr=1.0e-5)-(86-params)",classic_NN_6-6,40
29.0,29,240528,CartPole-v1,"CP-ppo-ac-NN(6,6)-(lr=1.0e-5)-(86-params)",classic_NN_6-6,40
53.0,53,240548,CartPole-v1,"CP-ppo-ac-NN(6,6)-(lr=1.0e-5)-(86-params)",classic_NN_6-6,40
22.0,22,240568,CartPole-v1,"CP-ppo-ac-NN(6,6)-(lr=1.0e-5)-(86-params)",classic_NN_6-6,40
14.0,14,240604,CartPole-v1,"CP-ppo-ac-NN(6,6)-(lr=1.0e-5)-(86-params)",classic_NN_6-6,40
16.0,16,240632,CartPole-v1,"CP-ppo-ac-NN(6,6)-(lr=1.0e-5)-(86-params)",classic_NN_6-6,40
36.0,36,240672,CartPole-v1,"CP-ppo-ac-NN(6,6)-(lr=1.0e-5)-(86-params)",classic_NN_6-6,40
74.0,74,240676,CartPole-v1,"CP-ppo-ac-NN(6,6)-(lr=1.0e-5)-(86-params)",classic_NN_6-6,40
20.0,20,240684,CartPole-v1,"CP-ppo-ac-NN(6,6)-(lr=1.0e-5)-(86-params)",classic_NN_6-6,40
13.0,13,240684,CartPole-v1,"CP-ppo-ac-NN(6,6)-(lr=1.0e-5)-(86-params)",classic_NN_6-6,40
17.0,17,240752,CartPole-v1,"CP-ppo-ac-NN(6,6)-(lr=1.0e-5)-(86-params)",classic_NN_6-6,40
20.0,20,240764,CartPole-v1,"CP-ppo-ac-NN(6,6)-(lr=1.0e-5)-(86-params)",classic_NN_6-6,40
26.0,26,240776,CartPole-v1,"CP-ppo-ac-NN(6,6)-(lr=1.0e-5)-(86-params)",classic_NN_6-6,40
14.0,14,240820,CartPole-v1,"CP-ppo-ac-NN(6,6)-(lr=1.0e-5)-(86-params)",classic_NN_6-6,40
16.0,16,240840,CartPole-v1,"CP-ppo-ac-NN(6,6)-(lr=1.0e-5)-(86-params)",classic_NN_6-6,40
46.0,46,240860,CartPole-v1,"CP-ppo-ac-NN(6,6)-(lr=1.0e-5)-(86-params)",classic_NN_6-6,40
33.0,33,240884,CartPole-v1,"CP-ppo-ac-NN(6,6)-(lr=1.0e-5)-(86-params)",classic_NN_6-6,40
21.0,21,240924,CartPole-v1,"CP-ppo-ac-NN(6,6)-(lr=1.0e-5)-(86-params)",classic_NN_6-6,40
49.0,49,241016,CartPole-v1,"CP-ppo-ac-NN(6,6)-(lr=1.0e-5)-(86-params)",classic_NN_6-6,40
42.0,42,241028,CartPole-v1,"CP-ppo-ac-NN(6,6)-(lr=1.0e-5)-(86-params)",classic_NN_6-6,40
30.0,30,241044,CartPole-v1,"CP-ppo-ac-NN(6,6)-(lr=1.0e-5)-(86-params)",classic_NN_6-6,40
16.0,16,241080,CartPole-v1,"CP-ppo-ac-NN(6,6)-(lr=1.0e-5)-(86-params)",classic_NN_6-6,40
17.0,17,241096,CartPole-v1,"CP-ppo-ac-NN(6,6)-(lr=1.0e-5)-(86-params)",classic_NN_6-6,40
58.0,58,241116,CartPole-v1,"CP-ppo-ac-NN(6,6)-(lr=1.0e-5)-(86-params)",classic_NN_6-6,40
20.0,20,241124,CartPole-v1,"CP-ppo-ac-NN(6,6)-(lr=1.0e-5)-(86-params)",classic_NN_6-6,40
21.0,21,241180,CartPole-v1,"CP-ppo-ac-NN(6,6)-(lr=1.0e-5)-(86-params)",classic_NN_6-6,40
16.0,16,241188,CartPole-v1,"CP-ppo-ac-NN(6,6)-(lr=1.0e-5)-(86-params)",classic_NN_6-6,40
22.0,22,241204,CartPole-v1,"CP-ppo-ac-NN(6,6)-(lr=1.0e-5)-(86-params)",classic_NN_6-6,40
32.0,32,241208,CartPole-v1,"CP-ppo-ac-NN(6,6)-(lr=1.0e-5)-(86-params)",classic_NN_6-6,40
15.0,15,241248,CartPole-v1,"CP-ppo-ac-NN(6,6)-(lr=1.0e-5)-(86-params)",classic_NN_6-6,40
19.0,19,241256,CartPole-v1,"CP-ppo-ac-NN(6,6)-(lr=1.0e-5)-(86-params)",classic_NN_6-6,40
14.0,14,241260,CartPole-v1,"CP-ppo-ac-NN(6,6)-(lr=1.0e-5)-(86-params)",classic_NN_6-6,40
17.0,17,241328,CartPole-v1,"CP-ppo-ac-NN(6,6)-(lr=1.0e-5)-(86-params)",classic_NN_6-6,40
26.0,26,241352,CartPole-v1,"CP-ppo-ac-NN(6,6)-(lr=1.0e-5)-(86-params)",classic_NN_6-6,40
10.0,10,241392,CartPole-v1,"CP-ppo-ac-NN(6,6)-(lr=1.0e-5)-(86-params)",classic_NN_6-6,40
47.0,47,241396,CartPole-v1,"CP-ppo-ac-NN(6,6)-(lr=1.0e-5)-(86-params)",classic_NN_6-6,40
38.0,38,241408,CartPole-v1,"CP-ppo-ac-NN(6,6)-(lr=1.0e-5)-(86-params)",classic_NN_6-6,40
17.0,17,241460,CartPole-v1,"CP-ppo-ac-NN(6,6)-(lr=1.0e-5)-(86-params)",classic_NN_6-6,40
35.0,35,241468,CartPole-v1,"CP-ppo-ac-NN(6,6)-(lr=1.0e-5)-(86-params)",classic_NN_6-6,40
15.0,15,241528,CartPole-v1,"CP-ppo-ac-NN(6,6)-(lr=1.0e-5)-(86-params)",classic_NN_6-6,40
26.0,26,241564,CartPole-v1,"CP-ppo-ac-NN(6,6)-(lr=1.0e-5)-(86-params)",classic_NN_6-6,40
64.0,64,241652,CartPole-v1,"CP-ppo-ac-NN(6,6)-(lr=1.0e-5)-(86-params)",classic_NN_6-6,40
68.0,68,241680,CartPole-v1,"CP-ppo-ac-NN(6,6)-(lr=1.0e-5)-(86-params)",classic_NN_6-6,40
42.0,42,241696,CartPole-v1,"CP-ppo-ac-NN(6,6)-(lr=1.0e-5)-(86-params)",classic_NN_6-6,40
13.0,13,241732,CartPole-v1,"CP-ppo-ac-NN(6,6)-(lr=1.0e-5)-(86-params)",classic_NN_6-6,40
34.0,34,241832,CartPole-v1,"CP-ppo-ac-NN(6,6)-(lr=1.0e-5)-(86-params)",classic_NN_6-6,40
47.0,47,241840,CartPole-v1,"CP-ppo-ac-NN(6,6)-(lr=1.0e-5)-(86-params)",classic_NN_6-6,40
29.0,29,241848,CartPole-v1,"CP-ppo-ac-NN(6,6)-(lr=1.0e-5)-(86-params)",classic_NN_6-6,40
76.0,76,241868,CartPole-v1,"CP-ppo-ac-NN(6,6)-(lr=1.0e-5)-(86-params)",classic_NN_6-6,40
10.0,10,241888,CartPole-v1,"CP-ppo-ac-NN(6,6)-(lr=1.0e-5)-(86-params)",classic_NN_6-6,40
15.0,15,241900,CartPole-v1,"CP-ppo-ac-NN(6,6)-(lr=1.0e-5)-(86-params)",classic_NN_6-6,40
27.0,27,241940,CartPole-v1,"CP-ppo-ac-NN(6,6)-(lr=1.0e-5)-(86-params)",classic_NN_6-6,40
21.0,21,241952,CartPole-v1,"CP-ppo-ac-NN(6,6)-(lr=1.0e-5)-(86-params)",classic_NN_6-6,40
17.0,17,241968,CartPole-v1,"CP-ppo-ac-NN(6,6)-(lr=1.0e-5)-(86-params)",classic_NN_6-6,40
29.0,29,242004,CartPole-v1,"CP-ppo-ac-NN(6,6)-(lr=1.0e-5)-(86-params)",classic_NN_6-6,40
20.0,20,242032,CartPole-v1,"CP-ppo-ac-NN(6,6)-(lr=1.0e-5)-(86-params)",classic_NN_6-6,40
27.0,27,242076,CartPole-v1,"CP-ppo-ac-NN(6,6)-(lr=1.0e-5)-(86-params)",classic_NN_6-6,40
35.0,35,242080,CartPole-v1,"CP-ppo-ac-NN(6,6)-(lr=1.0e-5)-(86-params)",classic_NN_6-6,40
21.0,21,242088,CartPole-v1,"CP-ppo-ac-NN(6,6)-(lr=1.0e-5)-(86-params)",classic_NN_6-6,40
13.0,13,242140,CartPole-v1,"CP-ppo-ac-NN(6,6)-(lr=1.0e-5)-(86-params)",classic_NN_6-6,40
20.0,20,242160,CartPole-v1,"CP-ppo-ac-NN(6,6)-(lr=1.0e-5)-(86-params)",classic_NN_6-6,40
43.0,43,242204,CartPole-v1,"CP-ppo-ac-NN(6,6)-(lr=1.0e-5)-(86-params)",classic_NN_6-6,40
16.0,16,242204,CartPole-v1,"CP-ppo-ac-NN(6,6)-(lr=1.0e-5)-(86-params)",classic_NN_6-6,40
44.0,44,242252,CartPole-v1,"CP-ppo-ac-NN(6,6)-(lr=1.0e-5)-(86-params)",classic_NN_6-6,40
20.0,20,242284,CartPole-v1,"CP-ppo-ac-NN(6,6)-(lr=1.0e-5)-(86-params)",classic_NN_6-6,40
33.0,33,242292,CartPole-v1,"CP-ppo-ac-NN(6,6)-(lr=1.0e-5)-(86-params)",classic_NN_6-6,40
26.0,26,242308,CartPole-v1,"CP-ppo-ac-NN(6,6)-(lr=1.0e-5)-(86-params)",classic_NN_6-6,40
16.0,16,242356,CartPole-v1,"CP-ppo-ac-NN(6,6)-(lr=1.0e-5)-(86-params)",classic_NN_6-6,40
32.0,32,242380,CartPole-v1,"CP-ppo-ac-NN(6,6)-(lr=1.0e-5)-(86-params)",classic_NN_6-6,40
14.0,14,242412,CartPole-v1,"CP-ppo-ac-NN(6,6)-(lr=1.0e-5)-(86-params)",classic_NN_6-6,40
39.0,39,242464,CartPole-v1,"CP-ppo-ac-NN(6,6)-(lr=1.0e-5)-(86-params)",classic_NN_6-6,40
16.0,16,242476,CartPole-v1,"CP-ppo-ac-NN(6,6)-(lr=1.0e-5)-(86-params)",classic_NN_6-6,40
15.0,15,242536,CartPole-v1,"CP-ppo-ac-NN(6,6)-(lr=1.0e-5)-(86-params)",classic_NN_6-6,40
63.0,63,242536,CartPole-v1,"CP-ppo-ac-NN(6,6)-(lr=1.0e-5)-(86-params)",classic_NN_6-6,40
20.0,20,242544,CartPole-v1,"CP-ppo-ac-NN(6,6)-(lr=1.0e-5)-(86-params)",classic_NN_6-6,40
13.0,13,242588,CartPole-v1,"CP-ppo-ac-NN(6,6)-(lr=1.0e-5)-(86-params)",classic_NN_6-6,40
15.0,15,242648,CartPole-v1,"CP-ppo-ac-NN(6,6)-(lr=1.0e-5)-(86-params)",classic_NN_6-6,40
73.0,73,242672,CartPole-v1,"CP-ppo-ac-NN(6,6)-(lr=1.0e-5)-(86-params)",classic_NN_6-6,40
33.0,33,242676,CartPole-v1,"CP-ppo-ac-NN(6,6)-(lr=1.0e-5)-(86-params)",classic_NN_6-6,40
19.0,19,242748,CartPole-v1,"CP-ppo-ac-NN(6,6)-(lr=1.0e-5)-(86-params)",classic_NN_6-6,40
21.0,21,242760,CartPole-v1,"CP-ppo-ac-NN(6,6)-(lr=1.0e-5)-(86-params)",classic_NN_6-6,40
35.0,35,242788,CartPole-v1,"CP-ppo-ac-NN(6,6)-(lr=1.0e-5)-(86-params)",classic_NN_6-6,40
14.0,14,242816,CartPole-v1,"CP-ppo-ac-NN(6,6)-(lr=1.0e-5)-(86-params)",classic_NN_6-6,40
71.0,71,242820,CartPole-v1,"CP-ppo-ac-NN(6,6)-(lr=1.0e-5)-(86-params)",classic_NN_6-6,40
10.0,10,242860,CartPole-v1,"CP-ppo-ac-NN(6,6)-(lr=1.0e-5)-(86-params)",classic_NN_6-6,40
12.0,12,242864,CartPole-v1,"CP-ppo-ac-NN(6,6)-(lr=1.0e-5)-(86-params)",classic_NN_6-6,40
20.0,20,242868,CartPole-v1,"CP-ppo-ac-NN(6,6)-(lr=1.0e-5)-(86-params)",classic_NN_6-6,40
12.0,12,242912,CartPole-v1,"CP-ppo-ac-NN(6,6)-(lr=1.0e-5)-(86-params)",classic_NN_6-6,40
41.0,41,242912,CartPole-v1,"CP-ppo-ac-NN(6,6)-(lr=1.0e-5)-(86-params)",classic_NN_6-6,40
36.0,36,243004,CartPole-v1,"CP-ppo-ac-NN(6,6)-(lr=1.0e-5)-(86-params)",classic_NN_6-6,40
39.0,39,243024,CartPole-v1,"CP-ppo-ac-NN(6,6)-(lr=1.0e-5)-(86-params)",classic_NN_6-6,40
38.0,38,243064,CartPole-v1,"CP-ppo-ac-NN(6,6)-(lr=1.0e-5)-(86-params)",classic_NN_6-6,40
22.0,22,243092,CartPole-v1,"CP-ppo-ac-NN(6,6)-(lr=1.0e-5)-(86-params)",classic_NN_6-6,40
45.0,45,243092,CartPole-v1,"CP-ppo-ac-NN(6,6)-(lr=1.0e-5)-(86-params)",classic_NN_6-6,40
15.0,15,243152,CartPole-v1,"CP-ppo-ac-NN(6,6)-(lr=1.0e-5)-(86-params)",classic_NN_6-6,40
39.0,39,243180,CartPole-v1,"CP-ppo-ac-NN(6,6)-(lr=1.0e-5)-(86-params)",classic_NN_6-6,40
13.0,13,243204,CartPole-v1,"CP-ppo-ac-NN(6,6)-(lr=1.0e-5)-(86-params)",classic_NN_6-6,40
41.0,41,243256,CartPole-v1,"CP-ppo-ac-NN(6,6)-(lr=1.0e-5)-(86-params)",classic_NN_6-6,40
17.0,17,243272,CartPole-v1,"CP-ppo-ac-NN(6,6)-(lr=1.0e-5)-(86-params)",classic_NN_6-6,40
23.0,23,243272,CartPole-v1,"CP-ppo-ac-NN(6,6)-(lr=1.0e-5)-(86-params)",classic_NN_6-6,40
65.0,65,243324,CartPole-v1,"CP-ppo-ac-NN(6,6)-(lr=1.0e-5)-(86-params)",classic_NN_6-6,40
16.0,16,243336,CartPole-v1,"CP-ppo-ac-NN(6,6)-(lr=1.0e-5)-(86-params)",classic_NN_6-6,40
29.0,29,243372,CartPole-v1,"CP-ppo-ac-NN(6,6)-(lr=1.0e-5)-(86-params)",classic_NN_6-6,40
26.0,26,243376,CartPole-v1,"CP-ppo-ac-NN(6,6)-(lr=1.0e-5)-(86-params)",classic_NN_6-6,40
25.0,25,243436,CartPole-v1,"CP-ppo-ac-NN(6,6)-(lr=1.0e-5)-(86-params)",classic_NN_6-6,40
29.0,29,243440,CartPole-v1,"CP-ppo-ac-NN(6,6)-(lr=1.0e-5)-(86-params)",classic_NN_6-6,40
11.0,11,243480,CartPole-v1,"CP-ppo-ac-NN(6,6)-(lr=1.0e-5)-(86-params)",classic_NN_6-6,40
13.0,13,243492,CartPole-v1,"CP-ppo-ac-NN(6,6)-(lr=1.0e-5)-(86-params)",classic_NN_6-6,40
13.0,13,243544,CartPole-v1,"CP-ppo-ac-NN(6,6)-(lr=1.0e-5)-(86-params)",classic_NN_6-6,40
47.0,47,243560,CartPole-v1,"CP-ppo-ac-NN(6,6)-(lr=1.0e-5)-(86-params)",classic_NN_6-6,40
20.0,20,243560,CartPole-v1,"CP-ppo-ac-NN(6,6)-(lr=1.0e-5)-(86-params)",classic_NN_6-6,40
13.0,13,243612,CartPole-v1,"CP-ppo-ac-NN(6,6)-(lr=1.0e-5)-(86-params)",classic_NN_6-6,40
22.0,22,243632,CartPole-v1,"CP-ppo-ac-NN(6,6)-(lr=1.0e-5)-(86-params)",classic_NN_6-6,40
70.0,70,243656,CartPole-v1,"CP-ppo-ac-NN(6,6)-(lr=1.0e-5)-(86-params)",classic_NN_6-6,40
33.0,33,243692,CartPole-v1,"CP-ppo-ac-NN(6,6)-(lr=1.0e-5)-(86-params)",classic_NN_6-6,40
22.0,22,243700,CartPole-v1,"CP-ppo-ac-NN(6,6)-(lr=1.0e-5)-(86-params)",classic_NN_6-6,40
22.0,22,243720,CartPole-v1,"CP-ppo-ac-NN(6,6)-(lr=1.0e-5)-(86-params)",classic_NN_6-6,40
17.0,17,243724,CartPole-v1,"CP-ppo-ac-NN(6,6)-(lr=1.0e-5)-(86-params)",classic_NN_6-6,40
28.0,28,243804,CartPole-v1,"CP-ppo-ac-NN(6,6)-(lr=1.0e-5)-(86-params)",classic_NN_6-6,40
27.0,27,243808,CartPole-v1,"CP-ppo-ac-NN(6,6)-(lr=1.0e-5)-(86-params)",classic_NN_6-6,40
38.0,38,243872,CartPole-v1,"CP-ppo-ac-NN(6,6)-(lr=1.0e-5)-(86-params)",classic_NN_6-6,40
23.0,23,243900,CartPole-v1,"CP-ppo-ac-NN(6,6)-(lr=1.0e-5)-(86-params)",classic_NN_6-6,40
14.0,14,243928,CartPole-v1,"CP-ppo-ac-NN(6,6)-(lr=1.0e-5)-(86-params)",classic_NN_6-6,40
39.0,39,243960,CartPole-v1,"CP-ppo-ac-NN(6,6)-(lr=1.0e-5)-(86-params)",classic_NN_6-6,40
61.0,61,243968,CartPole-v1,"CP-ppo-ac-NN(6,6)-(lr=1.0e-5)-(86-params)",classic_NN_6-6,40
17.0,17,244036,CartPole-v1,"CP-ppo-ac-NN(6,6)-(lr=1.0e-5)-(86-params)",classic_NN_6-6,40
47.0,47,244116,CartPole-v1,"CP-ppo-ac-NN(6,6)-(lr=1.0e-5)-(86-params)",classic_NN_6-6,40
21.0,21,244120,CartPole-v1,"CP-ppo-ac-NN(6,6)-(lr=1.0e-5)-(86-params)",classic_NN_6-6,40
46.0,46,244144,CartPole-v1,"CP-ppo-ac-NN(6,6)-(lr=1.0e-5)-(86-params)",classic_NN_6-6,40
64.0,64,244156,CartPole-v1,"CP-ppo-ac-NN(6,6)-(lr=1.0e-5)-(86-params)",classic_NN_6-6,40
14.0,14,244172,CartPole-v1,"CP-ppo-ac-NN(6,6)-(lr=1.0e-5)-(86-params)",classic_NN_6-6,40
21.0,21,244204,CartPole-v1,"CP-ppo-ac-NN(6,6)-(lr=1.0e-5)-(86-params)",classic_NN_6-6,40
17.0,17,244212,CartPole-v1,"CP-ppo-ac-NN(6,6)-(lr=1.0e-5)-(86-params)",classic_NN_6-6,40
14.0,14,244268,CartPole-v1,"CP-ppo-ac-NN(6,6)-(lr=1.0e-5)-(86-params)",classic_NN_6-6,40
16.0,16,244268,CartPole-v1,"CP-ppo-ac-NN(6,6)-(lr=1.0e-5)-(86-params)",classic_NN_6-6,40
29.0,29,244272,CartPole-v1,"CP-ppo-ac-NN(6,6)-(lr=1.0e-5)-(86-params)",classic_NN_6-6,40
21.0,21,244352,CartPole-v1,"CP-ppo-ac-NN(6,6)-(lr=1.0e-5)-(86-params)",classic_NN_6-6,40
24.0,24,244368,CartPole-v1,"CP-ppo-ac-NN(6,6)-(lr=1.0e-5)-(86-params)",classic_NN_6-6,40
51.0,51,244376,CartPole-v1,"CP-ppo-ac-NN(6,6)-(lr=1.0e-5)-(86-params)",classic_NN_6-6,40
31.0,31,244392,CartPole-v1,"CP-ppo-ac-NN(6,6)-(lr=1.0e-5)-(86-params)",classic_NN_6-6,40
24.0,24,244448,CartPole-v1,"CP-ppo-ac-NN(6,6)-(lr=1.0e-5)-(86-params)",classic_NN_6-6,40
23.0,23,244468,CartPole-v1,"CP-ppo-ac-NN(6,6)-(lr=1.0e-5)-(86-params)",classic_NN_6-6,40
22.0,22,244480,CartPole-v1,"CP-ppo-ac-NN(6,6)-(lr=1.0e-5)-(86-params)",classic_NN_6-6,40
35.0,35,244508,CartPole-v1,"CP-ppo-ac-NN(6,6)-(lr=1.0e-5)-(86-params)",classic_NN_6-6,40
26.0,26,244552,CartPole-v1,"CP-ppo-ac-NN(6,6)-(lr=1.0e-5)-(86-params)",classic_NN_6-6,40
21.0,21,244552,CartPole-v1,"CP-ppo-ac-NN(6,6)-(lr=1.0e-5)-(86-params)",classic_NN_6-6,40
12.0,12,244600,CartPole-v1,"CP-ppo-ac-NN(6,6)-(lr=1.0e-5)-(86-params)",classic_NN_6-6,40
32.0,32,244608,CartPole-v1,"CP-ppo-ac-NN(6,6)-(lr=1.0e-5)-(86-params)",classic_NN_6-6,40
12.0,12,244648,CartPole-v1,"CP-ppo-ac-NN(6,6)-(lr=1.0e-5)-(86-params)",classic_NN_6-6,40
37.0,37,244656,CartPole-v1,"CP-ppo-ac-NN(6,6)-(lr=1.0e-5)-(86-params)",classic_NN_6-6,40
29.0,29,244668,CartPole-v1,"CP-ppo-ac-NN(6,6)-(lr=1.0e-5)-(86-params)",classic_NN_6-6,40
16.0,16,244672,CartPole-v1,"CP-ppo-ac-NN(6,6)-(lr=1.0e-5)-(86-params)",classic_NN_6-6,40
17.0,17,244716,CartPole-v1,"CP-ppo-ac-NN(6,6)-(lr=1.0e-5)-(86-params)",classic_NN_6-6,40
19.0,19,244732,CartPole-v1,"CP-ppo-ac-NN(6,6)-(lr=1.0e-5)-(86-params)",classic_NN_6-6,40
24.0,24,244764,CartPole-v1,"CP-ppo-ac-NN(6,6)-(lr=1.0e-5)-(86-params)",classic_NN_6-6,40
34.0,34,244808,CartPole-v1,"CP-ppo-ac-NN(6,6)-(lr=1.0e-5)-(86-params)",classic_NN_6-6,40
28.0,28,244844,CartPole-v1,"CP-ppo-ac-NN(6,6)-(lr=1.0e-5)-(86-params)",classic_NN_6-6,40
35.0,35,244856,CartPole-v1,"CP-ppo-ac-NN(6,6)-(lr=1.0e-5)-(86-params)",classic_NN_6-6,40
24.0,24,244860,CartPole-v1,"CP-ppo-ac-NN(6,6)-(lr=1.0e-5)-(86-params)",classic_NN_6-6,40
9.0,9,244880,CartPole-v1,"CP-ppo-ac-NN(6,6)-(lr=1.0e-5)-(86-params)",classic_NN_6-6,40
22.0,22,244896,CartPole-v1,"CP-ppo-ac-NN(6,6)-(lr=1.0e-5)-(86-params)",classic_NN_6-6,40
19.0,19,244932,CartPole-v1,"CP-ppo-ac-NN(6,6)-(lr=1.0e-5)-(86-params)",classic_NN_6-6,40
22.0,22,244948,CartPole-v1,"CP-ppo-ac-NN(6,6)-(lr=1.0e-5)-(86-params)",classic_NN_6-6,40
16.0,16,245012,CartPole-v1,"CP-ppo-ac-NN(6,6)-(lr=1.0e-5)-(86-params)",classic_NN_6-6,40
42.0,42,245048,CartPole-v1,"CP-ppo-ac-NN(6,6)-(lr=1.0e-5)-(86-params)",classic_NN_6-6,40
31.0,31,245056,CartPole-v1,"CP-ppo-ac-NN(6,6)-(lr=1.0e-5)-(86-params)",classic_NN_6-6,40
19.0,19,245088,CartPole-v1,"CP-ppo-ac-NN(6,6)-(lr=1.0e-5)-(86-params)",classic_NN_6-6,40
18.0,18,245120,CartPole-v1,"CP-ppo-ac-NN(6,6)-(lr=1.0e-5)-(86-params)",classic_NN_6-6,40
20.0,20,245168,CartPole-v1,"CP-ppo-ac-NN(6,6)-(lr=1.0e-5)-(86-params)",classic_NN_6-6,40
70.0,70,245176,CartPole-v1,"CP-ppo-ac-NN(6,6)-(lr=1.0e-5)-(86-params)",classic_NN_6-6,40
16.0,16,245184,CartPole-v1,"CP-ppo-ac-NN(6,6)-(lr=1.0e-5)-(86-params)",classic_NN_6-6,40
35.0,35,245196,CartPole-v1,"CP-ppo-ac-NN(6,6)-(lr=1.0e-5)-(86-params)",classic_NN_6-6,40
12.0,12,245232,CartPole-v1,"CP-ppo-ac-NN(6,6)-(lr=1.0e-5)-(86-params)",classic_NN_6-6,40
14.0,14,245252,CartPole-v1,"CP-ppo-ac-NN(6,6)-(lr=1.0e-5)-(86-params)",classic_NN_6-6,40
24.0,24,245272,CartPole-v1,"CP-ppo-ac-NN(6,6)-(lr=1.0e-5)-(86-params)",classic_NN_6-6,40
15.0,15,245292,CartPole-v1,"CP-ppo-ac-NN(6,6)-(lr=1.0e-5)-(86-params)",classic_NN_6-6,40
11.0,11,245296,CartPole-v1,"CP-ppo-ac-NN(6,6)-(lr=1.0e-5)-(86-params)",classic_NN_6-6,40
11.0,11,245336,CartPole-v1,"CP-ppo-ac-NN(6,6)-(lr=1.0e-5)-(86-params)",classic_NN_6-6,40
42.0,42,245336,CartPole-v1,"CP-ppo-ac-NN(6,6)-(lr=1.0e-5)-(86-params)",classic_NN_6-6,40
21.0,21,245356,CartPole-v1,"CP-ppo-ac-NN(6,6)-(lr=1.0e-5)-(86-params)",classic_NN_6-6,40
17.0,17,245364,CartPole-v1,"CP-ppo-ac-NN(6,6)-(lr=1.0e-5)-(86-params)",classic_NN_6-6,40
20.0,20,245416,CartPole-v1,"CP-ppo-ac-NN(6,6)-(lr=1.0e-5)-(86-params)",classic_NN_6-6,40
18.0,18,245436,CartPole-v1,"CP-ppo-ac-NN(6,6)-(lr=1.0e-5)-(86-params)",classic_NN_6-6,40
25.0,25,245436,CartPole-v1,"CP-ppo-ac-NN(6,6)-(lr=1.0e-5)-(86-params)",classic_NN_6-6,40
18.0,18,245488,CartPole-v1,"CP-ppo-ac-NN(6,6)-(lr=1.0e-5)-(86-params)",classic_NN_6-6,40
14.0,14,245492,CartPole-v1,"CP-ppo-ac-NN(6,6)-(lr=1.0e-5)-(86-params)",classic_NN_6-6,40
43.0,43,245528,CartPole-v1,"CP-ppo-ac-NN(6,6)-(lr=1.0e-5)-(86-params)",classic_NN_6-6,40
29.0,29,245552,CartPole-v1,"CP-ppo-ac-NN(6,6)-(lr=1.0e-5)-(86-params)",classic_NN_6-6,40
20.0,20,245568,CartPole-v1,"CP-ppo-ac-NN(6,6)-(lr=1.0e-5)-(86-params)",classic_NN_6-6,40
13.0,13,245620,CartPole-v1,"CP-ppo-ac-NN(6,6)-(lr=1.0e-5)-(86-params)",classic_NN_6-6,40
27.0,27,245636,CartPole-v1,"CP-ppo-ac-NN(6,6)-(lr=1.0e-5)-(86-params)",classic_NN_6-6,40
21.0,21,245636,CartPole-v1,"CP-ppo-ac-NN(6,6)-(lr=1.0e-5)-(86-params)",classic_NN_6-6,40
11.0,11,245664,CartPole-v1,"CP-ppo-ac-NN(6,6)-(lr=1.0e-5)-(86-params)",classic_NN_6-6,40
47.0,47,245680,CartPole-v1,"CP-ppo-ac-NN(6,6)-(lr=1.0e-5)-(86-params)",classic_NN_6-6,40
15.0,15,245696,CartPole-v1,"CP-ppo-ac-NN(6,6)-(lr=1.0e-5)-(86-params)",classic_NN_6-6,40
22.0,22,245724,CartPole-v1,"CP-ppo-ac-NN(6,6)-(lr=1.0e-5)-(86-params)",classic_NN_6-6,40
16.0,16,245744,CartPole-v1,"CP-ppo-ac-NN(6,6)-(lr=1.0e-5)-(86-params)",classic_NN_6-6,40
29.0,29,245780,CartPole-v1,"CP-ppo-ac-NN(6,6)-(lr=1.0e-5)-(86-params)",classic_NN_6-6,40
26.0,26,245800,CartPole-v1,"CP-ppo-ac-NN(6,6)-(lr=1.0e-5)-(86-params)",classic_NN_6-6,40
15.0,15,245804,CartPole-v1,"CP-ppo-ac-NN(6,6)-(lr=1.0e-5)-(86-params)",classic_NN_6-6,40
30.0,30,245844,CartPole-v1,"CP-ppo-ac-NN(6,6)-(lr=1.0e-5)-(86-params)",classic_NN_6-6,40
18.0,18,245872,CartPole-v1,"CP-ppo-ac-NN(6,6)-(lr=1.0e-5)-(86-params)",classic_NN_6-6,40
24.0,24,245900,CartPole-v1,"CP-ppo-ac-NN(6,6)-(lr=1.0e-5)-(86-params)",classic_NN_6-6,40
14.0,14,245928,CartPole-v1,"CP-ppo-ac-NN(6,6)-(lr=1.0e-5)-(86-params)",classic_NN_6-6,40
44.0,44,245956,CartPole-v1,"CP-ppo-ac-NN(6,6)-(lr=1.0e-5)-(86-params)",classic_NN_6-6,40
17.0,17,245968,CartPole-v1,"CP-ppo-ac-NN(6,6)-(lr=1.0e-5)-(86-params)",classic_NN_6-6,40
35.0,35,245984,CartPole-v1,"CP-ppo-ac-NN(6,6)-(lr=1.0e-5)-(86-params)",classic_NN_6-6,40
11.0,11,246000,CartPole-v1,"CP-ppo-ac-NN(6,6)-(lr=1.0e-5)-(86-params)",classic_NN_6-6,40
14.0,14,246040,CartPole-v1,"CP-ppo-ac-NN(6,6)-(lr=1.0e-5)-(86-params)",classic_NN_6-6,40
11.0,11,246084,CartPole-v1,"CP-ppo-ac-NN(6,6)-(lr=1.0e-5)-(86-params)",classic_NN_6-6,40
40.0,40,246128,CartPole-v1,"CP-ppo-ac-NN(6,6)-(lr=1.0e-5)-(86-params)",classic_NN_6-6,40
61.0,61,246172,CartPole-v1,"CP-ppo-ac-NN(6,6)-(lr=1.0e-5)-(86-params)",classic_NN_6-6,40
11.0,11,246172,CartPole-v1,"CP-ppo-ac-NN(6,6)-(lr=1.0e-5)-(86-params)",classic_NN_6-6,40
32.0,32,246212,CartPole-v1,"CP-ppo-ac-NN(6,6)-(lr=1.0e-5)-(86-params)",classic_NN_6-6,40
53.0,53,246212,CartPole-v1,"CP-ppo-ac-NN(6,6)-(lr=1.0e-5)-(86-params)",classic_NN_6-6,40
20.0,20,246252,CartPole-v1,"CP-ppo-ac-NN(6,6)-(lr=1.0e-5)-(86-params)",classic_NN_6-6,40
22.0,22,246260,CartPole-v1,"CP-ppo-ac-NN(6,6)-(lr=1.0e-5)-(86-params)",classic_NN_6-6,40
15.0,15,246272,CartPole-v1,"CP-ppo-ac-NN(6,6)-(lr=1.0e-5)-(86-params)",classic_NN_6-6,40
9.0,9,246308,CartPole-v1,"CP-ppo-ac-NN(6,6)-(lr=1.0e-5)-(86-params)",classic_NN_6-6,40
40.0,40,246372,CartPole-v1,"CP-ppo-ac-NN(6,6)-(lr=1.0e-5)-(86-params)",classic_NN_6-6,40
33.0,33,246392,CartPole-v1,"CP-ppo-ac-NN(6,6)-(lr=1.0e-5)-(86-params)",classic_NN_6-6,40
40.0,40,246412,CartPole-v1,"CP-ppo-ac-NN(6,6)-(lr=1.0e-5)-(86-params)",classic_NN_6-6,40
15.0,15,246432,CartPole-v1,"CP-ppo-ac-NN(6,6)-(lr=1.0e-5)-(86-params)",classic_NN_6-6,40
20.0,20,246472,CartPole-v1,"CP-ppo-ac-NN(6,6)-(lr=1.0e-5)-(86-params)",classic_NN_6-6,40
11.0,11,246476,CartPole-v1,"CP-ppo-ac-NN(6,6)-(lr=1.0e-5)-(86-params)",classic_NN_6-6,40
17.0,17,246540,CartPole-v1,"CP-ppo-ac-NN(6,6)-(lr=1.0e-5)-(86-params)",classic_NN_6-6,40
40.0,40,246572,CartPole-v1,"CP-ppo-ac-NN(6,6)-(lr=1.0e-5)-(86-params)",classic_NN_6-6,40
27.0,27,246584,CartPole-v1,"CP-ppo-ac-NN(6,6)-(lr=1.0e-5)-(86-params)",classic_NN_6-6,40
29.0,29,246656,CartPole-v1,"CP-ppo-ac-NN(6,6)-(lr=1.0e-5)-(86-params)",classic_NN_6-6,40
91.0,91,246672,CartPole-v1,"CP-ppo-ac-NN(6,6)-(lr=1.0e-5)-(86-params)",classic_NN_6-6,40
40.0,40,246744,CartPole-v1,"CP-ppo-ac-NN(6,6)-(lr=1.0e-5)-(86-params)",classic_NN_6-6,40
30.0,30,246776,CartPole-v1,"CP-ppo-ac-NN(6,6)-(lr=1.0e-5)-(86-params)",classic_NN_6-6,40
57.0,57,246800,CartPole-v1,"CP-ppo-ac-NN(6,6)-(lr=1.0e-5)-(86-params)",classic_NN_6-6,40
16.0,16,246808,CartPole-v1,"CP-ppo-ac-NN(6,6)-(lr=1.0e-5)-(86-params)",classic_NN_6-6,40
38.0,38,246824,CartPole-v1,"CP-ppo-ac-NN(6,6)-(lr=1.0e-5)-(86-params)",classic_NN_6-6,40
16.0,16,246872,CartPole-v1,"CP-ppo-ac-NN(6,6)-(lr=1.0e-5)-(86-params)",classic_NN_6-6,40
17.0,17,246892,CartPole-v1,"CP-ppo-ac-NN(6,6)-(lr=1.0e-5)-(86-params)",classic_NN_6-6,40
31.0,31,246900,CartPole-v1,"CP-ppo-ac-NN(6,6)-(lr=1.0e-5)-(86-params)",classic_NN_6-6,40
22.0,22,246960,CartPole-v1,"CP-ppo-ac-NN(6,6)-(lr=1.0e-5)-(86-params)",classic_NN_6-6,40
26.0,26,246996,CartPole-v1,"CP-ppo-ac-NN(6,6)-(lr=1.0e-5)-(86-params)",classic_NN_6-6,40
25.0,25,247000,CartPole-v1,"CP-ppo-ac-NN(6,6)-(lr=1.0e-5)-(86-params)",classic_NN_6-6,40
12.0,12,247048,CartPole-v1,"CP-ppo-ac-NN(6,6)-(lr=1.0e-5)-(86-params)",classic_NN_6-6,40
16.0,16,247060,CartPole-v1,"CP-ppo-ac-NN(6,6)-(lr=1.0e-5)-(86-params)",classic_NN_6-6,40
18.0,18,247132,CartPole-v1,"CP-ppo-ac-NN(6,6)-(lr=1.0e-5)-(86-params)",classic_NN_6-6,40
83.0,83,247132,CartPole-v1,"CP-ppo-ac-NN(6,6)-(lr=1.0e-5)-(86-params)",classic_NN_6-6,40
9.0,9,247168,CartPole-v1,"CP-ppo-ac-NN(6,6)-(lr=1.0e-5)-(86-params)",classic_NN_6-6,40
52.0,52,247168,CartPole-v1,"CP-ppo-ac-NN(6,6)-(lr=1.0e-5)-(86-params)",classic_NN_6-6,40
35.0,35,247188,CartPole-v1,"CP-ppo-ac-NN(6,6)-(lr=1.0e-5)-(86-params)",classic_NN_6-6,40
25.0,25,247232,CartPole-v1,"CP-ppo-ac-NN(6,6)-(lr=1.0e-5)-(86-params)",classic_NN_6-6,40
20.0,20,247248,CartPole-v1,"CP-ppo-ac-NN(6,6)-(lr=1.0e-5)-(86-params)",classic_NN_6-6,40
15.0,15,247292,CartPole-v1,"CP-ppo-ac-NN(6,6)-(lr=1.0e-5)-(86-params)",classic_NN_6-6,40
32.0,32,247316,CartPole-v1,"CP-ppo-ac-NN(6,6)-(lr=1.0e-5)-(86-params)",classic_NN_6-6,40
39.0,39,247324,CartPole-v1,"CP-ppo-ac-NN(6,6)-(lr=1.0e-5)-(86-params)",classic_NN_6-6,40
23.0,23,247340,CartPole-v1,"CP-ppo-ac-NN(6,6)-(lr=1.0e-5)-(86-params)",classic_NN_6-6,40
18.0,18,247388,CartPole-v1,"CP-ppo-ac-NN(6,6)-(lr=1.0e-5)-(86-params)",classic_NN_6-6,40
20.0,20,247404,CartPole-v1,"CP-ppo-ac-NN(6,6)-(lr=1.0e-5)-(86-params)",classic_NN_6-6,40
18.0,18,247412,CartPole-v1,"CP-ppo-ac-NN(6,6)-(lr=1.0e-5)-(86-params)",classic_NN_6-6,40
38.0,38,247444,CartPole-v1,"CP-ppo-ac-NN(6,6)-(lr=1.0e-5)-(86-params)",classic_NN_6-6,40
19.0,19,247464,CartPole-v1,"CP-ppo-ac-NN(6,6)-(lr=1.0e-5)-(86-params)",classic_NN_6-6,40
15.0,15,247464,CartPole-v1,"CP-ppo-ac-NN(6,6)-(lr=1.0e-5)-(86-params)",classic_NN_6-6,40
18.0,18,247484,CartPole-v1,"CP-ppo-ac-NN(6,6)-(lr=1.0e-5)-(86-params)",classic_NN_6-6,40
20.0,20,247524,CartPole-v1,"CP-ppo-ac-NN(6,6)-(lr=1.0e-5)-(86-params)",classic_NN_6-6,40
19.0,19,247540,CartPole-v1,"CP-ppo-ac-NN(6,6)-(lr=1.0e-5)-(86-params)",classic_NN_6-6,40
23.0,23,247556,CartPole-v1,"CP-ppo-ac-NN(6,6)-(lr=1.0e-5)-(86-params)",classic_NN_6-6,40
30.0,30,247604,CartPole-v1,"CP-ppo-ac-NN(6,6)-(lr=1.0e-5)-(86-params)",classic_NN_6-6,40
27.0,27,247632,CartPole-v1,"CP-ppo-ac-NN(6,6)-(lr=1.0e-5)-(86-params)",classic_NN_6-6,40
28.0,28,247668,CartPole-v1,"CP-ppo-ac-NN(6,6)-(lr=1.0e-5)-(86-params)",classic_NN_6-6,40
30.0,30,247724,CartPole-v1,"CP-ppo-ac-NN(6,6)-(lr=1.0e-5)-(86-params)",classic_NN_6-6,40
51.0,51,247744,CartPole-v1,"CP-ppo-ac-NN(6,6)-(lr=1.0e-5)-(86-params)",classic_NN_6-6,40
21.0,21,247752,CartPole-v1,"CP-ppo-ac-NN(6,6)-(lr=1.0e-5)-(86-params)",classic_NN_6-6,40
40.0,40,247792,CartPole-v1,"CP-ppo-ac-NN(6,6)-(lr=1.0e-5)-(86-params)",classic_NN_6-6,40
19.0,19,247800,CartPole-v1,"CP-ppo-ac-NN(6,6)-(lr=1.0e-5)-(86-params)",classic_NN_6-6,40
14.0,14,247848,CartPole-v1,"CP-ppo-ac-NN(6,6)-(lr=1.0e-5)-(86-params)",classic_NN_6-6,40
17.0,17,247868,CartPole-v1,"CP-ppo-ac-NN(6,6)-(lr=1.0e-5)-(86-params)",classic_NN_6-6,40
17.0,17,247916,CartPole-v1,"CP-ppo-ac-NN(6,6)-(lr=1.0e-5)-(86-params)",classic_NN_6-6,40
44.0,44,247928,CartPole-v1,"CP-ppo-ac-NN(6,6)-(lr=1.0e-5)-(86-params)",classic_NN_6-6,40
18.0,18,247988,CartPole-v1,"CP-ppo-ac-NN(6,6)-(lr=1.0e-5)-(86-params)",classic_NN_6-6,40
66.0,66,248008,CartPole-v1,"CP-ppo-ac-NN(6,6)-(lr=1.0e-5)-(86-params)",classic_NN_6-6,40
24.0,24,248024,CartPole-v1,"CP-ppo-ac-NN(6,6)-(lr=1.0e-5)-(86-params)",classic_NN_6-6,40
42.0,42,248036,CartPole-v1,"CP-ppo-ac-NN(6,6)-(lr=1.0e-5)-(86-params)",classic_NN_6-6,40
22.0,22,248076,CartPole-v1,"CP-ppo-ac-NN(6,6)-(lr=1.0e-5)-(86-params)",classic_NN_6-6,40
18.0,18,248080,CartPole-v1,"CP-ppo-ac-NN(6,6)-(lr=1.0e-5)-(86-params)",classic_NN_6-6,40
18.0,18,248096,CartPole-v1,"CP-ppo-ac-NN(6,6)-(lr=1.0e-5)-(86-params)",classic_NN_6-6,40
16.0,16,248100,CartPole-v1,"CP-ppo-ac-NN(6,6)-(lr=1.0e-5)-(86-params)",classic_NN_6-6,40
11.0,11,248140,CartPole-v1,"CP-ppo-ac-NN(6,6)-(lr=1.0e-5)-(86-params)",classic_NN_6-6,40
15.0,15,248140,CartPole-v1,"CP-ppo-ac-NN(6,6)-(lr=1.0e-5)-(86-params)",classic_NN_6-6,40
18.0,18,248148,CartPole-v1,"CP-ppo-ac-NN(6,6)-(lr=1.0e-5)-(86-params)",classic_NN_6-6,40
22.0,22,248188,CartPole-v1,"CP-ppo-ac-NN(6,6)-(lr=1.0e-5)-(86-params)",classic_NN_6-6,40
23.0,23,248232,CartPole-v1,"CP-ppo-ac-NN(6,6)-(lr=1.0e-5)-(86-params)",classic_NN_6-6,40
23.0,23,248232,CartPole-v1,"CP-ppo-ac-NN(6,6)-(lr=1.0e-5)-(86-params)",classic_NN_6-6,40
19.0,19,248264,CartPole-v1,"CP-ppo-ac-NN(6,6)-(lr=1.0e-5)-(86-params)",classic_NN_6-6,40
16.0,16,248296,CartPole-v1,"CP-ppo-ac-NN(6,6)-(lr=1.0e-5)-(86-params)",classic_NN_6-6,40
16.0,16,248296,CartPole-v1,"CP-ppo-ac-NN(6,6)-(lr=1.0e-5)-(86-params)",classic_NN_6-6,40
21.0,21,248348,CartPole-v1,"CP-ppo-ac-NN(6,6)-(lr=1.0e-5)-(86-params)",classic_NN_6-6,40
15.0,15,248356,CartPole-v1,"CP-ppo-ac-NN(6,6)-(lr=1.0e-5)-(86-params)",classic_NN_6-6,40
23.0,23,248388,CartPole-v1,"CP-ppo-ac-NN(6,6)-(lr=1.0e-5)-(86-params)",classic_NN_6-6,40
67.0,67,248416,CartPole-v1,"CP-ppo-ac-NN(6,6)-(lr=1.0e-5)-(86-params)",classic_NN_6-6,40
22.0,22,248436,CartPole-v1,"CP-ppo-ac-NN(6,6)-(lr=1.0e-5)-(86-params)",classic_NN_6-6,40
25.0,25,248456,CartPole-v1,"CP-ppo-ac-NN(6,6)-(lr=1.0e-5)-(86-params)",classic_NN_6-6,40
22.0,22,248476,CartPole-v1,"CP-ppo-ac-NN(6,6)-(lr=1.0e-5)-(86-params)",classic_NN_6-6,40
23.0,23,248548,CartPole-v1,"CP-ppo-ac-NN(6,6)-(lr=1.0e-5)-(86-params)",classic_NN_6-6,40
17.0,17,248616,CartPole-v1,"CP-ppo-ac-NN(6,6)-(lr=1.0e-5)-(86-params)",classic_NN_6-6,40
35.0,35,248616,CartPole-v1,"CP-ppo-ac-NN(6,6)-(lr=1.0e-5)-(86-params)",classic_NN_6-6,40
61.0,61,248660,CartPole-v1,"CP-ppo-ac-NN(6,6)-(lr=1.0e-5)-(86-params)",classic_NN_6-6,40
56.0,56,248660,CartPole-v1,"CP-ppo-ac-NN(6,6)-(lr=1.0e-5)-(86-params)",classic_NN_6-6,40
15.0,15,248676,CartPole-v1,"CP-ppo-ac-NN(6,6)-(lr=1.0e-5)-(86-params)",classic_NN_6-6,40
18.0,18,248688,CartPole-v1,"CP-ppo-ac-NN(6,6)-(lr=1.0e-5)-(86-params)",classic_NN_6-6,40
25.0,25,248760,CartPole-v1,"CP-ppo-ac-NN(6,6)-(lr=1.0e-5)-(86-params)",classic_NN_6-6,40
26.0,26,248764,CartPole-v1,"CP-ppo-ac-NN(6,6)-(lr=1.0e-5)-(86-params)",classic_NN_6-6,40
25.0,25,248776,CartPole-v1,"CP-ppo-ac-NN(6,6)-(lr=1.0e-5)-(86-params)",classic_NN_6-6,40
38.0,38,248840,CartPole-v1,"CP-ppo-ac-NN(6,6)-(lr=1.0e-5)-(86-params)",classic_NN_6-6,40
31.0,31,248884,CartPole-v1,"CP-ppo-ac-NN(6,6)-(lr=1.0e-5)-(86-params)",classic_NN_6-6,40
38.0,38,248916,CartPole-v1,"CP-ppo-ac-NN(6,6)-(lr=1.0e-5)-(86-params)",classic_NN_6-6,40
26.0,26,248944,CartPole-v1,"CP-ppo-ac-NN(6,6)-(lr=1.0e-5)-(86-params)",classic_NN_6-6,40
43.0,43,248948,CartPole-v1,"CP-ppo-ac-NN(6,6)-(lr=1.0e-5)-(86-params)",classic_NN_6-6,40
14.0,14,249000,CartPole-v1,"CP-ppo-ac-NN(6,6)-(lr=1.0e-5)-(86-params)",classic_NN_6-6,40
18.0,18,249020,CartPole-v1,"CP-ppo-ac-NN(6,6)-(lr=1.0e-5)-(86-params)",classic_NN_6-6,40
45.0,45,249064,CartPole-v1,"CP-ppo-ac-NN(6,6)-(lr=1.0e-5)-(86-params)",classic_NN_6-6,40
42.0,42,249084,CartPole-v1,"CP-ppo-ac-NN(6,6)-(lr=1.0e-5)-(86-params)",classic_NN_6-6,40
23.0,23,249112,CartPole-v1,"CP-ppo-ac-NN(6,6)-(lr=1.0e-5)-(86-params)",classic_NN_6-6,40
19.0,19,249140,CartPole-v1,"CP-ppo-ac-NN(6,6)-(lr=1.0e-5)-(86-params)",classic_NN_6-6,40
36.0,36,249144,CartPole-v1,"CP-ppo-ac-NN(6,6)-(lr=1.0e-5)-(86-params)",classic_NN_6-6,40
24.0,24,249180,CartPole-v1,"CP-ppo-ac-NN(6,6)-(lr=1.0e-5)-(86-params)",classic_NN_6-6,40
16.0,16,249204,CartPole-v1,"CP-ppo-ac-NN(6,6)-(lr=1.0e-5)-(86-params)",classic_NN_6-6,40
23.0,23,249236,CartPole-v1,"CP-ppo-ac-NN(6,6)-(lr=1.0e-5)-(86-params)",classic_NN_6-6,40
15.0,15,249240,CartPole-v1,"CP-ppo-ac-NN(6,6)-(lr=1.0e-5)-(86-params)",classic_NN_6-6,40
34.0,34,249248,CartPole-v1,"CP-ppo-ac-NN(6,6)-(lr=1.0e-5)-(86-params)",classic_NN_6-6,40
28.0,28,249316,CartPole-v1,"CP-ppo-ac-NN(6,6)-(lr=1.0e-5)-(86-params)",classic_NN_6-6,40
28.0,28,249360,CartPole-v1,"CP-ppo-ac-NN(6,6)-(lr=1.0e-5)-(86-params)",classic_NN_6-6,40
34.0,34,249372,CartPole-v1,"CP-ppo-ac-NN(6,6)-(lr=1.0e-5)-(86-params)",classic_NN_6-6,40
35.0,35,249380,CartPole-v1,"CP-ppo-ac-NN(6,6)-(lr=1.0e-5)-(86-params)",classic_NN_6-6,40
26.0,26,249420,CartPole-v1,"CP-ppo-ac-NN(6,6)-(lr=1.0e-5)-(86-params)",classic_NN_6-6,40
12.0,12,249428,CartPole-v1,"CP-ppo-ac-NN(6,6)-(lr=1.0e-5)-(86-params)",classic_NN_6-6,40
23.0,23,249464,CartPole-v1,"CP-ppo-ac-NN(6,6)-(lr=1.0e-5)-(86-params)",classic_NN_6-6,40
21.0,21,249504,CartPole-v1,"CP-ppo-ac-NN(6,6)-(lr=1.0e-5)-(86-params)",classic_NN_6-6,40
20.0,20,249508,CartPole-v1,"CP-ppo-ac-NN(6,6)-(lr=1.0e-5)-(86-params)",classic_NN_6-6,40
45.0,45,249540,CartPole-v1,"CP-ppo-ac-NN(6,6)-(lr=1.0e-5)-(86-params)",classic_NN_6-6,40
13.0,13,249556,CartPole-v1,"CP-ppo-ac-NN(6,6)-(lr=1.0e-5)-(86-params)",classic_NN_6-6,40
21.0,21,249592,CartPole-v1,"CP-ppo-ac-NN(6,6)-(lr=1.0e-5)-(86-params)",classic_NN_6-6,40
37.0,37,249612,CartPole-v1,"CP-ppo-ac-NN(6,6)-(lr=1.0e-5)-(86-params)",classic_NN_6-6,40
22.0,22,249644,CartPole-v1,"CP-ppo-ac-NN(6,6)-(lr=1.0e-5)-(86-params)",classic_NN_6-6,40
14.0,14,249700,CartPole-v1,"CP-ppo-ac-NN(6,6)-(lr=1.0e-5)-(86-params)",classic_NN_6-6,40
33.0,33,249724,CartPole-v1,"CP-ppo-ac-NN(6,6)-(lr=1.0e-5)-(86-params)",classic_NN_6-6,40
11.0,11,249744,CartPole-v1,"CP-ppo-ac-NN(6,6)-(lr=1.0e-5)-(86-params)",classic_NN_6-6,40
22.0,22,249832,CartPole-v1,"CP-ppo-ac-NN(6,6)-(lr=1.0e-5)-(86-params)",classic_NN_6-6,40
56.0,56,249836,CartPole-v1,"CP-ppo-ac-NN(6,6)-(lr=1.0e-5)-(86-params)",classic_NN_6-6,40
78.0,78,249852,CartPole-v1,"CP-ppo-ac-NN(6,6)-(lr=1.0e-5)-(86-params)",classic_NN_6-6,40
13.0,13,249884,CartPole-v1,"CP-ppo-ac-NN(6,6)-(lr=1.0e-5)-(86-params)",classic_NN_6-6,40
18.0,18,249908,CartPole-v1,"CP-ppo-ac-NN(6,6)-(lr=1.0e-5)-(86-params)",classic_NN_6-6,40
47.0,47,249912,CartPole-v1,"CP-ppo-ac-NN(6,6)-(lr=1.0e-5)-(86-params)",classic_NN_6-6,40
13.0,13,249960,CartPole-v1,"CP-ppo-ac-NN(6,6)-(lr=1.0e-5)-(86-params)",classic_NN_6-6,40
29.0,29,249968,CartPole-v1,"CP-ppo-ac-NN(6,6)-(lr=1.0e-5)-(86-params)",classic_NN_6-6,40
17.0,17,249980,CartPole-v1,"CP-ppo-ac-NN(6,6)-(lr=1.0e-5)-(86-params)",classic_NN_6-6,40
14.0,14,250016,CartPole-v1,"CP-ppo-ac-NN(6,6)-(lr=1.0e-5)-(86-params)",classic_NN_6-6,40
37.0,37,250032,CartPole-v1,"CP-ppo-ac-NN(6,6)-(lr=1.0e-5)-(86-params)",classic_NN_6-6,40
51.0,51,250184,CartPole-v1,"CP-ppo-ac-NN(6,6)-(lr=1.0e-5)-(86-params)",classic_NN_6-6,40
53.0,53,250228,CartPole-v1,"CP-ppo-ac-NN(6,6)-(lr=1.0e-5)-(86-params)",classic_NN_6-6,40
61.0,61,250276,CartPole-v1,"CP-ppo-ac-NN(6,6)-(lr=1.0e-5)-(86-params)",classic_NN_6-6,40
29.0,29,250300,CartPole-v1,"CP-ppo-ac-NN(6,6)-(lr=1.0e-5)-(86-params)",classic_NN_6-6,40
89.0,89,250324,CartPole-v1,"CP-ppo-ac-NN(6,6)-(lr=1.0e-5)-(86-params)",classic_NN_6-6,40
34.0,34,250364,CartPole-v1,"CP-ppo-ac-NN(6,6)-(lr=1.0e-5)-(86-params)",classic_NN_6-6,40
12.0,12,250372,CartPole-v1,"CP-ppo-ac-NN(6,6)-(lr=1.0e-5)-(86-params)",classic_NN_6-6,40
25.0,25,250376,CartPole-v1,"CP-ppo-ac-NN(6,6)-(lr=1.0e-5)-(86-params)",classic_NN_6-6,40
22.0,22,250388,CartPole-v1,"CP-ppo-ac-NN(6,6)-(lr=1.0e-5)-(86-params)",classic_NN_6-6,40
14.0,14,250444,CartPole-v1,"CP-ppo-ac-NN(6,6)-(lr=1.0e-5)-(86-params)",classic_NN_6-6,40
25.0,25,250476,CartPole-v1,"CP-ppo-ac-NN(6,6)-(lr=1.0e-5)-(86-params)",classic_NN_6-6,40
29.0,29,250480,CartPole-v1,"CP-ppo-ac-NN(6,6)-(lr=1.0e-5)-(86-params)",classic_NN_6-6,40
35.0,35,250512,CartPole-v1,"CP-ppo-ac-NN(6,6)-(lr=1.0e-5)-(86-params)",classic_NN_6-6,40
13.0,13,250564,CartPole-v1,"CP-ppo-ac-NN(6,6)-(lr=1.0e-5)-(86-params)",classic_NN_6-6,40
22.0,22,250568,CartPole-v1,"CP-ppo-ac-NN(6,6)-(lr=1.0e-5)-(86-params)",classic_NN_6-6,40
40.0,40,250604,CartPole-v1,"CP-ppo-ac-NN(6,6)-(lr=1.0e-5)-(86-params)",classic_NN_6-6,40
41.0,41,250640,CartPole-v1,"CP-ppo-ac-NN(6,6)-(lr=1.0e-5)-(86-params)",classic_NN_6-6,40
25.0,25,250664,CartPole-v1,"CP-ppo-ac-NN(6,6)-(lr=1.0e-5)-(86-params)",classic_NN_6-6,40
20.0,20,250684,CartPole-v1,"CP-ppo-ac-NN(6,6)-(lr=1.0e-5)-(86-params)",classic_NN_6-6,40
34.0,34,250704,CartPole-v1,"CP-ppo-ac-NN(6,6)-(lr=1.0e-5)-(86-params)",classic_NN_6-6,40
17.0,17,250708,CartPole-v1,"CP-ppo-ac-NN(6,6)-(lr=1.0e-5)-(86-params)",classic_NN_6-6,40
18.0,18,250776,CartPole-v1,"CP-ppo-ac-NN(6,6)-(lr=1.0e-5)-(86-params)",classic_NN_6-6,40
26.0,26,250788,CartPole-v1,"CP-ppo-ac-NN(6,6)-(lr=1.0e-5)-(86-params)",classic_NN_6-6,40
24.0,24,250804,CartPole-v1,"CP-ppo-ac-NN(6,6)-(lr=1.0e-5)-(86-params)",classic_NN_6-6,40
48.0,48,250856,CartPole-v1,"CP-ppo-ac-NN(6,6)-(lr=1.0e-5)-(86-params)",classic_NN_6-6,40
26.0,26,250880,CartPole-v1,"CP-ppo-ac-NN(6,6)-(lr=1.0e-5)-(86-params)",classic_NN_6-6,40
29.0,29,250904,CartPole-v1,"CP-ppo-ac-NN(6,6)-(lr=1.0e-5)-(86-params)",classic_NN_6-6,40
16.0,16,250920,CartPole-v1,"CP-ppo-ac-NN(6,6)-(lr=1.0e-5)-(86-params)",classic_NN_6-6,40
13.0,13,250972,CartPole-v1,"CP-ppo-ac-NN(6,6)-(lr=1.0e-5)-(86-params)",classic_NN_6-6,40
46.0,46,250988,CartPole-v1,"CP-ppo-ac-NN(6,6)-(lr=1.0e-5)-(86-params)",classic_NN_6-6,40
23.0,23,250996,CartPole-v1,"CP-ppo-ac-NN(6,6)-(lr=1.0e-5)-(86-params)",classic_NN_6-6,40
13.0,13,251024,CartPole-v1,"CP-ppo-ac-NN(6,6)-(lr=1.0e-5)-(86-params)",classic_NN_6-6,40
14.0,14,251080,CartPole-v1,"CP-ppo-ac-NN(6,6)-(lr=1.0e-5)-(86-params)",classic_NN_6-6,40
51.0,51,251084,CartPole-v1,"CP-ppo-ac-NN(6,6)-(lr=1.0e-5)-(86-params)",classic_NN_6-6,40
35.0,35,251136,CartPole-v1,"CP-ppo-ac-NN(6,6)-(lr=1.0e-5)-(86-params)",classic_NN_6-6,40
42.0,42,251156,CartPole-v1,"CP-ppo-ac-NN(6,6)-(lr=1.0e-5)-(86-params)",classic_NN_6-6,40
38.0,38,251236,CartPole-v1,"CP-ppo-ac-NN(6,6)-(lr=1.0e-5)-(86-params)",classic_NN_6-6,40
22.0,22,251244,CartPole-v1,"CP-ppo-ac-NN(6,6)-(lr=1.0e-5)-(86-params)",classic_NN_6-6,40
30.0,30,251256,CartPole-v1,"CP-ppo-ac-NN(6,6)-(lr=1.0e-5)-(86-params)",classic_NN_6-6,40
48.0,48,251272,CartPole-v1,"CP-ppo-ac-NN(6,6)-(lr=1.0e-5)-(86-params)",classic_NN_6-6,40
11.0,11,251280,CartPole-v1,"CP-ppo-ac-NN(6,6)-(lr=1.0e-5)-(86-params)",classic_NN_6-6,40
14.0,14,251336,CartPole-v1,"CP-ppo-ac-NN(6,6)-(lr=1.0e-5)-(86-params)",classic_NN_6-6,40
27.0,27,251380,CartPole-v1,"CP-ppo-ac-NN(6,6)-(lr=1.0e-5)-(86-params)",classic_NN_6-6,40
46.0,46,251428,CartPole-v1,"CP-ppo-ac-NN(6,6)-(lr=1.0e-5)-(86-params)",classic_NN_6-6,40
54.0,54,251472,CartPole-v1,"CP-ppo-ac-NN(6,6)-(lr=1.0e-5)-(86-params)",classic_NN_6-6,40
27.0,27,251488,CartPole-v1,"CP-ppo-ac-NN(6,6)-(lr=1.0e-5)-(86-params)",classic_NN_6-6,40
16.0,16,251492,CartPole-v1,"CP-ppo-ac-NN(6,6)-(lr=1.0e-5)-(86-params)",classic_NN_6-6,40
47.0,47,251524,CartPole-v1,"CP-ppo-ac-NN(6,6)-(lr=1.0e-5)-(86-params)",classic_NN_6-6,40
14.0,14,251544,CartPole-v1,"CP-ppo-ac-NN(6,6)-(lr=1.0e-5)-(86-params)",classic_NN_6-6,40
36.0,36,251616,CartPole-v1,"CP-ppo-ac-NN(6,6)-(lr=1.0e-5)-(86-params)",classic_NN_6-6,40
37.0,37,251640,CartPole-v1,"CP-ppo-ac-NN(6,6)-(lr=1.0e-5)-(86-params)",classic_NN_6-6,40
19.0,19,251692,CartPole-v1,"CP-ppo-ac-NN(6,6)-(lr=1.0e-5)-(86-params)",classic_NN_6-6,40
15.0,15,251700,CartPole-v1,"CP-ppo-ac-NN(6,6)-(lr=1.0e-5)-(86-params)",classic_NN_6-6,40
9.0,9,251728,CartPole-v1,"CP-ppo-ac-NN(6,6)-(lr=1.0e-5)-(86-params)",classic_NN_6-6,40
51.0,51,251748,CartPole-v1,"CP-ppo-ac-NN(6,6)-(lr=1.0e-5)-(86-params)",classic_NN_6-6,40
22.0,22,251836,CartPole-v1,"CP-ppo-ac-NN(6,6)-(lr=1.0e-5)-(86-params)",classic_NN_6-6,40
78.0,78,251836,CartPole-v1,"CP-ppo-ac-NN(6,6)-(lr=1.0e-5)-(86-params)",classic_NN_6-6,40
37.0,37,251848,CartPole-v1,"CP-ppo-ac-NN(6,6)-(lr=1.0e-5)-(86-params)",classic_NN_6-6,40
49.0,49,251924,CartPole-v1,"CP-ppo-ac-NN(6,6)-(lr=1.0e-5)-(86-params)",classic_NN_6-6,40
32.0,32,251976,CartPole-v1,"CP-ppo-ac-NN(6,6)-(lr=1.0e-5)-(86-params)",classic_NN_6-6,40
20.0,20,252004,CartPole-v1,"CP-ppo-ac-NN(6,6)-(lr=1.0e-5)-(86-params)",classic_NN_6-6,40
17.0,17,252044,CartPole-v1,"CP-ppo-ac-NN(6,6)-(lr=1.0e-5)-(86-params)",classic_NN_6-6,40
54.0,54,252052,CartPole-v1,"CP-ppo-ac-NN(6,6)-(lr=1.0e-5)-(86-params)",classic_NN_6-6,40
12.0,12,252052,CartPole-v1,"CP-ppo-ac-NN(6,6)-(lr=1.0e-5)-(86-params)",classic_NN_6-6,40
13.0,13,252096,CartPole-v1,"CP-ppo-ac-NN(6,6)-(lr=1.0e-5)-(86-params)",classic_NN_6-6,40
66.0,66,252100,CartPole-v1,"CP-ppo-ac-NN(6,6)-(lr=1.0e-5)-(86-params)",classic_NN_6-6,40
14.0,14,252108,CartPole-v1,"CP-ppo-ac-NN(6,6)-(lr=1.0e-5)-(86-params)",classic_NN_6-6,40
15.0,15,252112,CartPole-v1,"CP-ppo-ac-NN(6,6)-(lr=1.0e-5)-(86-params)",classic_NN_6-6,40
10.0,10,252136,CartPole-v1,"CP-ppo-ac-NN(6,6)-(lr=1.0e-5)-(86-params)",classic_NN_6-6,40
13.0,13,252164,CartPole-v1,"CP-ppo-ac-NN(6,6)-(lr=1.0e-5)-(86-params)",classic_NN_6-6,40
14.0,14,252164,CartPole-v1,"CP-ppo-ac-NN(6,6)-(lr=1.0e-5)-(86-params)",classic_NN_6-6,40
21.0,21,252184,CartPole-v1,"CP-ppo-ac-NN(6,6)-(lr=1.0e-5)-(86-params)",classic_NN_6-6,40
14.0,14,252240,CartPole-v1,"CP-ppo-ac-NN(6,6)-(lr=1.0e-5)-(86-params)",classic_NN_6-6,40
21.0,21,252248,CartPole-v1,"CP-ppo-ac-NN(6,6)-(lr=1.0e-5)-(86-params)",classic_NN_6-6,40
12.0,12,252288,CartPole-v1,"CP-ppo-ac-NN(6,6)-(lr=1.0e-5)-(86-params)",classic_NN_6-6,40
42.0,42,252304,CartPole-v1,"CP-ppo-ac-NN(6,6)-(lr=1.0e-5)-(86-params)",classic_NN_6-6,40
39.0,39,252320,CartPole-v1,"CP-ppo-ac-NN(6,6)-(lr=1.0e-5)-(86-params)",classic_NN_6-6,40
11.0,11,252332,CartPole-v1,"CP-ppo-ac-NN(6,6)-(lr=1.0e-5)-(86-params)",classic_NN_6-6,40
22.0,22,252336,CartPole-v1,"CP-ppo-ac-NN(6,6)-(lr=1.0e-5)-(86-params)",classic_NN_6-6,40
13.0,13,252384,CartPole-v1,"CP-ppo-ac-NN(6,6)-(lr=1.0e-5)-(86-params)",classic_NN_6-6,40
24.0,24,252400,CartPole-v1,"CP-ppo-ac-NN(6,6)-(lr=1.0e-5)-(86-params)",classic_NN_6-6,40
19.0,19,252412,CartPole-v1,"CP-ppo-ac-NN(6,6)-(lr=1.0e-5)-(86-params)",classic_NN_6-6,40
26.0,26,252516,CartPole-v1,"CP-ppo-ac-NN(6,6)-(lr=1.0e-5)-(86-params)",classic_NN_6-6,40
32.0,32,252528,CartPole-v1,"CP-ppo-ac-NN(6,6)-(lr=1.0e-5)-(86-params)",classic_NN_6-6,40
15.0,15,252588,CartPole-v1,"CP-ppo-ac-NN(6,6)-(lr=1.0e-5)-(86-params)",classic_NN_6-6,40
20.0,20,252596,CartPole-v1,"CP-ppo-ac-NN(6,6)-(lr=1.0e-5)-(86-params)",classic_NN_6-6,40
57.0,57,252612,CartPole-v1,"CP-ppo-ac-NN(6,6)-(lr=1.0e-5)-(86-params)",classic_NN_6-6,40
83.0,83,252652,CartPole-v1,"CP-ppo-ac-NN(6,6)-(lr=1.0e-5)-(86-params)",classic_NN_6-6,40
19.0,19,252672,CartPole-v1,"CP-ppo-ac-NN(6,6)-(lr=1.0e-5)-(86-params)",classic_NN_6-6,40
39.0,39,252744,CartPole-v1,"CP-ppo-ac-NN(6,6)-(lr=1.0e-5)-(86-params)",classic_NN_6-6,40
28.0,28,252784,CartPole-v1,"CP-ppo-ac-NN(6,6)-(lr=1.0e-5)-(86-params)",classic_NN_6-6,40
11.0,11,252788,CartPole-v1,"CP-ppo-ac-NN(6,6)-(lr=1.0e-5)-(86-params)",classic_NN_6-6,40
48.0,48,252804,CartPole-v1,"CP-ppo-ac-NN(6,6)-(lr=1.0e-5)-(86-params)",classic_NN_6-6,40
41.0,41,252816,CartPole-v1,"CP-ppo-ac-NN(6,6)-(lr=1.0e-5)-(86-params)",classic_NN_6-6,40
11.0,11,252828,CartPole-v1,"CP-ppo-ac-NN(6,6)-(lr=1.0e-5)-(86-params)",classic_NN_6-6,40
17.0,17,252884,CartPole-v1,"CP-ppo-ac-NN(6,6)-(lr=1.0e-5)-(86-params)",classic_NN_6-6,40
25.0,25,252888,CartPole-v1,"CP-ppo-ac-NN(6,6)-(lr=1.0e-5)-(86-params)",classic_NN_6-6,40
9.0,9,252924,CartPole-v1,"CP-ppo-ac-NN(6,6)-(lr=1.0e-5)-(86-params)",classic_NN_6-6,40
28.0,28,252940,CartPole-v1,"CP-ppo-ac-NN(6,6)-(lr=1.0e-5)-(86-params)",classic_NN_6-6,40
36.0,36,252948,CartPole-v1,"CP-ppo-ac-NN(6,6)-(lr=1.0e-5)-(86-params)",classic_NN_6-6,40
23.0,23,252976,CartPole-v1,"CP-ppo-ac-NN(6,6)-(lr=1.0e-5)-(86-params)",classic_NN_6-6,40
13.0,13,253000,CartPole-v1,"CP-ppo-ac-NN(6,6)-(lr=1.0e-5)-(86-params)",classic_NN_6-6,40
20.0,20,253020,CartPole-v1,"CP-ppo-ac-NN(6,6)-(lr=1.0e-5)-(86-params)",classic_NN_6-6,40
25.0,25,253024,CartPole-v1,"CP-ppo-ac-NN(6,6)-(lr=1.0e-5)-(86-params)",classic_NN_6-6,40
18.0,18,253048,CartPole-v1,"CP-ppo-ac-NN(6,6)-(lr=1.0e-5)-(86-params)",classic_NN_6-6,40
18.0,18,253072,CartPole-v1,"CP-ppo-ac-NN(6,6)-(lr=1.0e-5)-(86-params)",classic_NN_6-6,40
21.0,21,253104,CartPole-v1,"CP-ppo-ac-NN(6,6)-(lr=1.0e-5)-(86-params)",classic_NN_6-6,40
14.0,14,253104,CartPole-v1,"CP-ppo-ac-NN(6,6)-(lr=1.0e-5)-(86-params)",classic_NN_6-6,40
17.0,17,253140,CartPole-v1,"CP-ppo-ac-NN(6,6)-(lr=1.0e-5)-(86-params)",classic_NN_6-6,40
10.0,10,253144,CartPole-v1,"CP-ppo-ac-NN(6,6)-(lr=1.0e-5)-(86-params)",classic_NN_6-6,40
35.0,35,253164,CartPole-v1,"CP-ppo-ac-NN(6,6)-(lr=1.0e-5)-(86-params)",classic_NN_6-6,40
15.0,15,253204,CartPole-v1,"CP-ppo-ac-NN(6,6)-(lr=1.0e-5)-(86-params)",classic_NN_6-6,40
38.0,38,253256,CartPole-v1,"CP-ppo-ac-NN(6,6)-(lr=1.0e-5)-(86-params)",classic_NN_6-6,40
16.0,16,253268,CartPole-v1,"CP-ppo-ac-NN(6,6)-(lr=1.0e-5)-(86-params)",classic_NN_6-6,40
39.0,39,253296,CartPole-v1,"CP-ppo-ac-NN(6,6)-(lr=1.0e-5)-(86-params)",classic_NN_6-6,40
21.0,21,253352,CartPole-v1,"CP-ppo-ac-NN(6,6)-(lr=1.0e-5)-(86-params)",classic_NN_6-6,40
48.0,48,253356,CartPole-v1,"CP-ppo-ac-NN(6,6)-(lr=1.0e-5)-(86-params)",classic_NN_6-6,40
33.0,33,253428,CartPole-v1,"CP-ppo-ac-NN(6,6)-(lr=1.0e-5)-(86-params)",classic_NN_6-6,40
30.0,30,253472,CartPole-v1,"CP-ppo-ac-NN(6,6)-(lr=1.0e-5)-(86-params)",classic_NN_6-6,40
56.0,56,253480,CartPole-v1,"CP-ppo-ac-NN(6,6)-(lr=1.0e-5)-(86-params)",classic_NN_6-6,40
13.0,13,253524,CartPole-v1,"CP-ppo-ac-NN(6,6)-(lr=1.0e-5)-(86-params)",classic_NN_6-6,40
47.0,47,253544,CartPole-v1,"CP-ppo-ac-NN(6,6)-(lr=1.0e-5)-(86-params)",classic_NN_6-6,40
26.0,26,253584,CartPole-v1,"CP-ppo-ac-NN(6,6)-(lr=1.0e-5)-(86-params)",classic_NN_6-6,40
22.0,22,253672,CartPole-v1,"CP-ppo-ac-NN(6,6)-(lr=1.0e-5)-(86-params)",classic_NN_6-6,40
39.0,39,253680,CartPole-v1,"CP-ppo-ac-NN(6,6)-(lr=1.0e-5)-(86-params)",classic_NN_6-6,40
72.0,72,253716,CartPole-v1,"CP-ppo-ac-NN(6,6)-(lr=1.0e-5)-(86-params)",classic_NN_6-6,40
46.0,46,253728,CartPole-v1,"CP-ppo-ac-NN(6,6)-(lr=1.0e-5)-(86-params)",classic_NN_6-6,40
13.0,13,253732,CartPole-v1,"CP-ppo-ac-NN(6,6)-(lr=1.0e-5)-(86-params)",classic_NN_6-6,40
19.0,19,253808,CartPole-v1,"CP-ppo-ac-NN(6,6)-(lr=1.0e-5)-(86-params)",classic_NN_6-6,40
28.0,28,253840,CartPole-v1,"CP-ppo-ac-NN(6,6)-(lr=1.0e-5)-(86-params)",classic_NN_6-6,40
15.0,15,253900,CartPole-v1,"CP-ppo-ac-NN(6,6)-(lr=1.0e-5)-(86-params)",classic_NN_6-6,40
64.0,64,253928,CartPole-v1,"CP-ppo-ac-NN(6,6)-(lr=1.0e-5)-(86-params)",classic_NN_6-6,40
13.0,13,253980,CartPole-v1,"CP-ppo-ac-NN(6,6)-(lr=1.0e-5)-(86-params)",classic_NN_6-6,40
57.0,57,254036,CartPole-v1,"CP-ppo-ac-NN(6,6)-(lr=1.0e-5)-(86-params)",classic_NN_6-6,40
42.0,42,254068,CartPole-v1,"CP-ppo-ac-NN(6,6)-(lr=1.0e-5)-(86-params)",classic_NN_6-6,40
93.0,93,254088,CartPole-v1,"CP-ppo-ac-NN(6,6)-(lr=1.0e-5)-(86-params)",classic_NN_6-6,40
32.0,32,254108,CartPole-v1,"CP-ppo-ac-NN(6,6)-(lr=1.0e-5)-(86-params)",classic_NN_6-6,40
21.0,21,254152,CartPole-v1,"CP-ppo-ac-NN(6,6)-(lr=1.0e-5)-(86-params)",classic_NN_6-6,40
34.0,34,254172,CartPole-v1,"CP-ppo-ac-NN(6,6)-(lr=1.0e-5)-(86-params)",classic_NN_6-6,40
22.0,22,254196,CartPole-v1,"CP-ppo-ac-NN(6,6)-(lr=1.0e-5)-(86-params)",classic_NN_6-6,40
39.0,39,254244,CartPole-v1,"CP-ppo-ac-NN(6,6)-(lr=1.0e-5)-(86-params)",classic_NN_6-6,40
25.0,25,254252,CartPole-v1,"CP-ppo-ac-NN(6,6)-(lr=1.0e-5)-(86-params)",classic_NN_6-6,40
27.0,27,254280,CartPole-v1,"CP-ppo-ac-NN(6,6)-(lr=1.0e-5)-(86-params)",classic_NN_6-6,40
23.0,23,254344,CartPole-v1,"CP-ppo-ac-NN(6,6)-(lr=1.0e-5)-(86-params)",classic_NN_6-6,40
39.0,39,254352,CartPole-v1,"CP-ppo-ac-NN(6,6)-(lr=1.0e-5)-(86-params)",classic_NN_6-6,40
36.0,36,254388,CartPole-v1,"CP-ppo-ac-NN(6,6)-(lr=1.0e-5)-(86-params)",classic_NN_6-6,40
28.0,28,254392,CartPole-v1,"CP-ppo-ac-NN(6,6)-(lr=1.0e-5)-(86-params)",classic_NN_6-6,40
18.0,18,254424,CartPole-v1,"CP-ppo-ac-NN(6,6)-(lr=1.0e-5)-(86-params)",classic_NN_6-6,40
27.0,27,254452,CartPole-v1,"CP-ppo-ac-NN(6,6)-(lr=1.0e-5)-(86-params)",classic_NN_6-6,40
36.0,36,254532,CartPole-v1,"CP-ppo-ac-NN(6,6)-(lr=1.0e-5)-(86-params)",classic_NN_6-6,40
31.0,31,254548,CartPole-v1,"CP-ppo-ac-NN(6,6)-(lr=1.0e-5)-(86-params)",classic_NN_6-6,40
24.0,24,254548,CartPole-v1,"CP-ppo-ac-NN(6,6)-(lr=1.0e-5)-(86-params)",classic_NN_6-6,40
53.0,53,254604,CartPole-v1,"CP-ppo-ac-NN(6,6)-(lr=1.0e-5)-(86-params)",classic_NN_6-6,40
21.0,21,254632,CartPole-v1,"CP-ppo-ac-NN(6,6)-(lr=1.0e-5)-(86-params)",classic_NN_6-6,40
34.0,34,254668,CartPole-v1,"CP-ppo-ac-NN(6,6)-(lr=1.0e-5)-(86-params)",classic_NN_6-6,40
38.0,38,254700,CartPole-v1,"CP-ppo-ac-NN(6,6)-(lr=1.0e-5)-(86-params)",classic_NN_6-6,40
17.0,17,254736,CartPole-v1,"CP-ppo-ac-NN(6,6)-(lr=1.0e-5)-(86-params)",classic_NN_6-6,40
35.0,35,254744,CartPole-v1,"CP-ppo-ac-NN(6,6)-(lr=1.0e-5)-(86-params)",classic_NN_6-6,40
38.0,38,254784,CartPole-v1,"CP-ppo-ac-NN(6,6)-(lr=1.0e-5)-(86-params)",classic_NN_6-6,40
26.0,26,254804,CartPole-v1,"CP-ppo-ac-NN(6,6)-(lr=1.0e-5)-(86-params)",classic_NN_6-6,40
30.0,30,254864,CartPole-v1,"CP-ppo-ac-NN(6,6)-(lr=1.0e-5)-(86-params)",classic_NN_6-6,40
21.0,21,254868,CartPole-v1,"CP-ppo-ac-NN(6,6)-(lr=1.0e-5)-(86-params)",classic_NN_6-6,40
26.0,26,254968,CartPole-v1,"CP-ppo-ac-NN(6,6)-(lr=1.0e-5)-(86-params)",classic_NN_6-6,40
52.0,52,255012,CartPole-v1,"CP-ppo-ac-NN(6,6)-(lr=1.0e-5)-(86-params)",classic_NN_6-6,40
76.0,76,255040,CartPole-v1,"CP-ppo-ac-NN(6,6)-(lr=1.0e-5)-(86-params)",classic_NN_6-6,40
12.0,12,255060,CartPole-v1,"CP-ppo-ac-NN(6,6)-(lr=1.0e-5)-(86-params)",classic_NN_6-6,40
55.0,55,255088,CartPole-v1,"CP-ppo-ac-NN(6,6)-(lr=1.0e-5)-(86-params)",classic_NN_6-6,40
16.0,16,255104,CartPole-v1,"CP-ppo-ac-NN(6,6)-(lr=1.0e-5)-(86-params)",classic_NN_6-6,40
38.0,38,255120,CartPole-v1,"CP-ppo-ac-NN(6,6)-(lr=1.0e-5)-(86-params)",classic_NN_6-6,40
28.0,28,255172,CartPole-v1,"CP-ppo-ac-NN(6,6)-(lr=1.0e-5)-(86-params)",classic_NN_6-6,40
29.0,29,255204,CartPole-v1,"CP-ppo-ac-NN(6,6)-(lr=1.0e-5)-(86-params)",classic_NN_6-6,40
32.0,32,255248,CartPole-v1,"CP-ppo-ac-NN(6,6)-(lr=1.0e-5)-(86-params)",classic_NN_6-6,40
36.0,36,255248,CartPole-v1,"CP-ppo-ac-NN(6,6)-(lr=1.0e-5)-(86-params)",classic_NN_6-6,40
37.0,37,255352,CartPole-v1,"CP-ppo-ac-NN(6,6)-(lr=1.0e-5)-(86-params)",classic_NN_6-6,40
32.0,32,255376,CartPole-v1,"CP-ppo-ac-NN(6,6)-(lr=1.0e-5)-(86-params)",classic_NN_6-6,40
65.0,65,255432,CartPole-v1,"CP-ppo-ac-NN(6,6)-(lr=1.0e-5)-(86-params)",classic_NN_6-6,40
33.0,33,255484,CartPole-v1,"CP-ppo-ac-NN(6,6)-(lr=1.0e-5)-(86-params)",classic_NN_6-6,40
65.0,65,255508,CartPole-v1,"CP-ppo-ac-NN(6,6)-(lr=1.0e-5)-(86-params)",classic_NN_6-6,40
28.0,28,255544,CartPole-v1,"CP-ppo-ac-NN(6,6)-(lr=1.0e-5)-(86-params)",classic_NN_6-6,40
53.0,53,255588,CartPole-v1,"CP-ppo-ac-NN(6,6)-(lr=1.0e-5)-(86-params)",classic_NN_6-6,40
29.0,29,255624,CartPole-v1,"CP-ppo-ac-NN(6,6)-(lr=1.0e-5)-(86-params)",classic_NN_6-6,40
27.0,27,255652,CartPole-v1,"CP-ppo-ac-NN(6,6)-(lr=1.0e-5)-(86-params)",classic_NN_6-6,40
25.0,25,255688,CartPole-v1,"CP-ppo-ac-NN(6,6)-(lr=1.0e-5)-(86-params)",classic_NN_6-6,40
17.0,17,255720,CartPole-v1,"CP-ppo-ac-NN(6,6)-(lr=1.0e-5)-(86-params)",classic_NN_6-6,40
30.0,30,255744,CartPole-v1,"CP-ppo-ac-NN(6,6)-(lr=1.0e-5)-(86-params)",classic_NN_6-6,40
24.0,24,255784,CartPole-v1,"CP-ppo-ac-NN(6,6)-(lr=1.0e-5)-(86-params)",classic_NN_6-6,40
75.0,75,255784,CartPole-v1,"CP-ppo-ac-NN(6,6)-(lr=1.0e-5)-(86-params)",classic_NN_6-6,40
21.0,21,255804,CartPole-v1,"CP-ppo-ac-NN(6,6)-(lr=1.0e-5)-(86-params)",classic_NN_6-6,40
20.0,20,255884,CartPole-v1,"CP-ppo-ac-NN(6,6)-(lr=1.0e-5)-(86-params)",classic_NN_6-6,40
36.0,36,255928,CartPole-v1,"CP-ppo-ac-NN(6,6)-(lr=1.0e-5)-(86-params)",classic_NN_6-6,40
12.0,12,255976,CartPole-v1,"CP-ppo-ac-NN(6,6)-(lr=1.0e-5)-(86-params)",classic_NN_6-6,40
51.0,51,255988,CartPole-v1,"CP-ppo-ac-NN(6,6)-(lr=1.0e-5)-(86-params)",classic_NN_6-6,40
13.0,13,256028,CartPole-v1,"CP-ppo-ac-NN(6,6)-(lr=1.0e-5)-(86-params)",classic_NN_6-6,40
76.0,76,256048,CartPole-v1,"CP-ppo-ac-NN(6,6)-(lr=1.0e-5)-(86-params)",classic_NN_6-6,40
42.0,42,256052,CartPole-v1,"CP-ppo-ac-NN(6,6)-(lr=1.0e-5)-(86-params)",classic_NN_6-6,40
10.0,10,256068,CartPole-v1,"CP-ppo-ac-NN(6,6)-(lr=1.0e-5)-(86-params)",classic_NN_6-6,40
21.0,21,256072,CartPole-v1,"CP-ppo-ac-NN(6,6)-(lr=1.0e-5)-(86-params)",classic_NN_6-6,40
15.0,15,256128,CartPole-v1,"CP-ppo-ac-NN(6,6)-(lr=1.0e-5)-(86-params)",classic_NN_6-6,40
20.0,20,256152,CartPole-v1,"CP-ppo-ac-NN(6,6)-(lr=1.0e-5)-(86-params)",classic_NN_6-6,40
35.0,35,256188,CartPole-v1,"CP-ppo-ac-NN(6,6)-(lr=1.0e-5)-(86-params)",classic_NN_6-6,40
47.0,47,256240,CartPole-v1,"CP-ppo-ac-NN(6,6)-(lr=1.0e-5)-(86-params)",classic_NN_6-6,40
35.0,35,256268,CartPole-v1,"CP-ppo-ac-NN(6,6)-(lr=1.0e-5)-(86-params)",classic_NN_6-6,40
37.0,37,256300,CartPole-v1,"CP-ppo-ac-NN(6,6)-(lr=1.0e-5)-(86-params)",classic_NN_6-6,40
18.0,18,256340,CartPole-v1,"CP-ppo-ac-NN(6,6)-(lr=1.0e-5)-(86-params)",classic_NN_6-6,40
26.0,26,256344,CartPole-v1,"CP-ppo-ac-NN(6,6)-(lr=1.0e-5)-(86-params)",classic_NN_6-6,40
41.0,41,256352,CartPole-v1,"CP-ppo-ac-NN(6,6)-(lr=1.0e-5)-(86-params)",classic_NN_6-6,40
27.0,27,256452,CartPole-v1,"CP-ppo-ac-NN(6,6)-(lr=1.0e-5)-(86-params)",classic_NN_6-6,40
47.0,47,256528,CartPole-v1,"CP-ppo-ac-NN(6,6)-(lr=1.0e-5)-(86-params)",classic_NN_6-6,40
63.0,63,256552,CartPole-v1,"CP-ppo-ac-NN(6,6)-(lr=1.0e-5)-(86-params)",classic_NN_6-6,40
22.0,22,256616,CartPole-v1,"CP-ppo-ac-NN(6,6)-(lr=1.0e-5)-(86-params)",classic_NN_6-6,40
42.0,42,256620,CartPole-v1,"CP-ppo-ac-NN(6,6)-(lr=1.0e-5)-(86-params)",classic_NN_6-6,40
21.0,21,256636,CartPole-v1,"CP-ppo-ac-NN(6,6)-(lr=1.0e-5)-(86-params)",classic_NN_6-6,40
9.0,9,256672,CartPole-v1,"CP-ppo-ac-NN(6,6)-(lr=1.0e-5)-(86-params)",classic_NN_6-6,40
18.0,18,256692,CartPole-v1,"CP-ppo-ac-NN(6,6)-(lr=1.0e-5)-(86-params)",classic_NN_6-6,40
20.0,20,256696,CartPole-v1,"CP-ppo-ac-NN(6,6)-(lr=1.0e-5)-(86-params)",classic_NN_6-6,40
93.0,93,256724,CartPole-v1,"CP-ppo-ac-NN(6,6)-(lr=1.0e-5)-(86-params)",classic_NN_6-6,40
19.0,19,256748,CartPole-v1,"CP-ppo-ac-NN(6,6)-(lr=1.0e-5)-(86-params)",classic_NN_6-6,40
18.0,18,256796,CartPole-v1,"CP-ppo-ac-NN(6,6)-(lr=1.0e-5)-(86-params)",classic_NN_6-6,40
31.0,31,256820,CartPole-v1,"CP-ppo-ac-NN(6,6)-(lr=1.0e-5)-(86-params)",classic_NN_6-6,40
18.0,18,256820,CartPole-v1,"CP-ppo-ac-NN(6,6)-(lr=1.0e-5)-(86-params)",classic_NN_6-6,40
53.0,53,256904,CartPole-v1,"CP-ppo-ac-NN(6,6)-(lr=1.0e-5)-(86-params)",classic_NN_6-6,40
31.0,31,256920,CartPole-v1,"CP-ppo-ac-NN(6,6)-(lr=1.0e-5)-(86-params)",classic_NN_6-6,40
31.0,31,256944,CartPole-v1,"CP-ppo-ac-NN(6,6)-(lr=1.0e-5)-(86-params)",classic_NN_6-6,40
14.0,14,256976,CartPole-v1,"CP-ppo-ac-NN(6,6)-(lr=1.0e-5)-(86-params)",classic_NN_6-6,40
41.0,41,256984,CartPole-v1,"CP-ppo-ac-NN(6,6)-(lr=1.0e-5)-(86-params)",classic_NN_6-6,40
17.0,17,257012,CartPole-v1,"CP-ppo-ac-NN(6,6)-(lr=1.0e-5)-(86-params)",classic_NN_6-6,40
27.0,27,257012,CartPole-v1,"CP-ppo-ac-NN(6,6)-(lr=1.0e-5)-(86-params)",classic_NN_6-6,40
17.0,17,257052,CartPole-v1,"CP-ppo-ac-NN(6,6)-(lr=1.0e-5)-(86-params)",classic_NN_6-6,40
26.0,26,257080,CartPole-v1,"CP-ppo-ac-NN(6,6)-(lr=1.0e-5)-(86-params)",classic_NN_6-6,40
16.0,16,257116,CartPole-v1,"CP-ppo-ac-NN(6,6)-(lr=1.0e-5)-(86-params)",classic_NN_6-6,40
19.0,19,257156,CartPole-v1,"CP-ppo-ac-NN(6,6)-(lr=1.0e-5)-(86-params)",classic_NN_6-6,40
42.0,42,257180,CartPole-v1,"CP-ppo-ac-NN(6,6)-(lr=1.0e-5)-(86-params)",classic_NN_6-6,40
31.0,31,257240,CartPole-v1,"CP-ppo-ac-NN(6,6)-(lr=1.0e-5)-(86-params)",classic_NN_6-6,40
22.0,22,257244,CartPole-v1,"CP-ppo-ac-NN(6,6)-(lr=1.0e-5)-(86-params)",classic_NN_6-6,40
23.0,23,257272,CartPole-v1,"CP-ppo-ac-NN(6,6)-(lr=1.0e-5)-(86-params)",classic_NN_6-6,40
67.0,67,257280,CartPole-v1,"CP-ppo-ac-NN(6,6)-(lr=1.0e-5)-(86-params)",classic_NN_6-6,40
19.0,19,257320,CartPole-v1,"CP-ppo-ac-NN(6,6)-(lr=1.0e-5)-(86-params)",classic_NN_6-6,40
14.0,14,257336,CartPole-v1,"CP-ppo-ac-NN(6,6)-(lr=1.0e-5)-(86-params)",classic_NN_6-6,40
31.0,31,257364,CartPole-v1,"CP-ppo-ac-NN(6,6)-(lr=1.0e-5)-(86-params)",classic_NN_6-6,40
33.0,33,257452,CartPole-v1,"CP-ppo-ac-NN(6,6)-(lr=1.0e-5)-(86-params)",classic_NN_6-6,40
31.0,31,257460,CartPole-v1,"CP-ppo-ac-NN(6,6)-(lr=1.0e-5)-(86-params)",classic_NN_6-6,40
44.0,44,257540,CartPole-v1,"CP-ppo-ac-NN(6,6)-(lr=1.0e-5)-(86-params)",classic_NN_6-6,40
24.0,24,257548,CartPole-v1,"CP-ppo-ac-NN(6,6)-(lr=1.0e-5)-(86-params)",classic_NN_6-6,40
24.0,24,257556,CartPole-v1,"CP-ppo-ac-NN(6,6)-(lr=1.0e-5)-(86-params)",classic_NN_6-6,40
82.0,82,257600,CartPole-v1,"CP-ppo-ac-NN(6,6)-(lr=1.0e-5)-(86-params)",classic_NN_6-6,40
13.0,13,257600,CartPole-v1,"CP-ppo-ac-NN(6,6)-(lr=1.0e-5)-(86-params)",classic_NN_6-6,40
12.0,12,257648,CartPole-v1,"CP-ppo-ac-NN(6,6)-(lr=1.0e-5)-(86-params)",classic_NN_6-6,40
14.0,14,257656,CartPole-v1,"CP-ppo-ac-NN(6,6)-(lr=1.0e-5)-(86-params)",classic_NN_6-6,40
29.0,29,257656,CartPole-v1,"CP-ppo-ac-NN(6,6)-(lr=1.0e-5)-(86-params)",classic_NN_6-6,40
16.0,16,257712,CartPole-v1,"CP-ppo-ac-NN(6,6)-(lr=1.0e-5)-(86-params)",classic_NN_6-6,40
44.0,44,257732,CartPole-v1,"CP-ppo-ac-NN(6,6)-(lr=1.0e-5)-(86-params)",classic_NN_6-6,40
38.0,38,257808,CartPole-v1,"CP-ppo-ac-NN(6,6)-(lr=1.0e-5)-(86-params)",classic_NN_6-6,40
46.0,46,257916,CartPole-v1,"CP-ppo-ac-NN(6,6)-(lr=1.0e-5)-(86-params)",classic_NN_6-6,40
54.0,54,257928,CartPole-v1,"CP-ppo-ac-NN(6,6)-(lr=1.0e-5)-(86-params)",classic_NN_6-6,40
30.0,30,257928,CartPole-v1,"CP-ppo-ac-NN(6,6)-(lr=1.0e-5)-(86-params)",classic_NN_6-6,40
12.0,12,257964,CartPole-v1,"CP-ppo-ac-NN(6,6)-(lr=1.0e-5)-(86-params)",classic_NN_6-6,40
16.0,16,257992,CartPole-v1,"CP-ppo-ac-NN(6,6)-(lr=1.0e-5)-(86-params)",classic_NN_6-6,40
8.0,8,257996,CartPole-v1,"CP-ppo-ac-NN(6,6)-(lr=1.0e-5)-(86-params)",classic_NN_6-6,40
19.0,19,258004,CartPole-v1,"CP-ppo-ac-NN(6,6)-(lr=1.0e-5)-(86-params)",classic_NN_6-6,40
92.0,92,258024,CartPole-v1,"CP-ppo-ac-NN(6,6)-(lr=1.0e-5)-(86-params)",classic_NN_6-6,40
24.0,24,258092,CartPole-v1,"CP-ppo-ac-NN(6,6)-(lr=1.0e-5)-(86-params)",classic_NN_6-6,40
29.0,29,258120,CartPole-v1,"CP-ppo-ac-NN(6,6)-(lr=1.0e-5)-(86-params)",classic_NN_6-6,40
10.0,10,258160,CartPole-v1,"CP-ppo-ac-NN(6,6)-(lr=1.0e-5)-(86-params)",classic_NN_6-6,40
23.0,23,258184,CartPole-v1,"CP-ppo-ac-NN(6,6)-(lr=1.0e-5)-(86-params)",classic_NN_6-6,40
55.0,55,258244,CartPole-v1,"CP-ppo-ac-NN(6,6)-(lr=1.0e-5)-(86-params)",classic_NN_6-6,40
29.0,29,258276,CartPole-v1,"CP-ppo-ac-NN(6,6)-(lr=1.0e-5)-(86-params)",classic_NN_6-6,40
29.0,29,258300,CartPole-v1,"CP-ppo-ac-NN(6,6)-(lr=1.0e-5)-(86-params)",classic_NN_6-6,40
20.0,20,258324,CartPole-v1,"CP-ppo-ac-NN(6,6)-(lr=1.0e-5)-(86-params)",classic_NN_6-6,40
16.0,16,258364,CartPole-v1,"CP-ppo-ac-NN(6,6)-(lr=1.0e-5)-(86-params)",classic_NN_6-6,40
31.0,31,258400,CartPole-v1,"CP-ppo-ac-NN(6,6)-(lr=1.0e-5)-(86-params)",classic_NN_6-6,40
111.0,111,258436,CartPole-v1,"CP-ppo-ac-NN(6,6)-(lr=1.0e-5)-(86-params)",classic_NN_6-6,40
30.0,30,258444,CartPole-v1,"CP-ppo-ac-NN(6,6)-(lr=1.0e-5)-(86-params)",classic_NN_6-6,40
21.0,21,258448,CartPole-v1,"CP-ppo-ac-NN(6,6)-(lr=1.0e-5)-(86-params)",classic_NN_6-6,40
12.0,12,258484,CartPole-v1,"CP-ppo-ac-NN(6,6)-(lr=1.0e-5)-(86-params)",classic_NN_6-6,40
23.0,23,258492,CartPole-v1,"CP-ppo-ac-NN(6,6)-(lr=1.0e-5)-(86-params)",classic_NN_6-6,40
16.0,16,258512,CartPole-v1,"CP-ppo-ac-NN(6,6)-(lr=1.0e-5)-(86-params)",classic_NN_6-6,40
14.0,14,258540,CartPole-v1,"CP-ppo-ac-NN(6,6)-(lr=1.0e-5)-(86-params)",classic_NN_6-6,40
14.0,14,258548,CartPole-v1,"CP-ppo-ac-NN(6,6)-(lr=1.0e-5)-(86-params)",classic_NN_6-6,40
32.0,32,258572,CartPole-v1,"CP-ppo-ac-NN(6,6)-(lr=1.0e-5)-(86-params)",classic_NN_6-6,40
26.0,26,258644,CartPole-v1,"CP-ppo-ac-NN(6,6)-(lr=1.0e-5)-(86-params)",classic_NN_6-6,40
37.0,37,258660,CartPole-v1,"CP-ppo-ac-NN(6,6)-(lr=1.0e-5)-(86-params)",classic_NN_6-6,40
11.0,11,258688,CartPole-v1,"CP-ppo-ac-NN(6,6)-(lr=1.0e-5)-(86-params)",classic_NN_6-6,40
14.0,14,258716,CartPole-v1,"CP-ppo-ac-NN(6,6)-(lr=1.0e-5)-(86-params)",classic_NN_6-6,40
48.0,48,258740,CartPole-v1,"CP-ppo-ac-NN(6,6)-(lr=1.0e-5)-(86-params)",classic_NN_6-6,40
46.0,46,258756,CartPole-v1,"CP-ppo-ac-NN(6,6)-(lr=1.0e-5)-(86-params)",classic_NN_6-6,40
21.0,21,258772,CartPole-v1,"CP-ppo-ac-NN(6,6)-(lr=1.0e-5)-(86-params)",classic_NN_6-6,40
24.0,24,258812,CartPole-v1,"CP-ppo-ac-NN(6,6)-(lr=1.0e-5)-(86-params)",classic_NN_6-6,40
22.0,22,258828,CartPole-v1,"CP-ppo-ac-NN(6,6)-(lr=1.0e-5)-(86-params)",classic_NN_6-6,40
18.0,18,258844,CartPole-v1,"CP-ppo-ac-NN(6,6)-(lr=1.0e-5)-(86-params)",classic_NN_6-6,40
32.0,32,258884,CartPole-v1,"CP-ppo-ac-NN(6,6)-(lr=1.0e-5)-(86-params)",classic_NN_6-6,40
14.0,14,258884,CartPole-v1,"CP-ppo-ac-NN(6,6)-(lr=1.0e-5)-(86-params)",classic_NN_6-6,40
12.0,12,258932,CartPole-v1,"CP-ppo-ac-NN(6,6)-(lr=1.0e-5)-(86-params)",classic_NN_6-6,40
38.0,38,258964,CartPole-v1,"CP-ppo-ac-NN(6,6)-(lr=1.0e-5)-(86-params)",classic_NN_6-6,40
32.0,32,258972,CartPole-v1,"CP-ppo-ac-NN(6,6)-(lr=1.0e-5)-(86-params)",classic_NN_6-6,40
29.0,29,259000,CartPole-v1,"CP-ppo-ac-NN(6,6)-(lr=1.0e-5)-(86-params)",classic_NN_6-6,40
32.0,32,259060,CartPole-v1,"CP-ppo-ac-NN(6,6)-(lr=1.0e-5)-(86-params)",classic_NN_6-6,40
17.0,17,259068,CartPole-v1,"CP-ppo-ac-NN(6,6)-(lr=1.0e-5)-(86-params)",classic_NN_6-6,40
27.0,27,259072,CartPole-v1,"CP-ppo-ac-NN(6,6)-(lr=1.0e-5)-(86-params)",classic_NN_6-6,40
37.0,37,259120,CartPole-v1,"CP-ppo-ac-NN(6,6)-(lr=1.0e-5)-(86-params)",classic_NN_6-6,40
25.0,25,259172,CartPole-v1,"CP-ppo-ac-NN(6,6)-(lr=1.0e-5)-(86-params)",classic_NN_6-6,40
35.0,35,259200,CartPole-v1,"CP-ppo-ac-NN(6,6)-(lr=1.0e-5)-(86-params)",classic_NN_6-6,40
21.0,21,259204,CartPole-v1,"CP-ppo-ac-NN(6,6)-(lr=1.0e-5)-(86-params)",classic_NN_6-6,40
39.0,39,259224,CartPole-v1,"CP-ppo-ac-NN(6,6)-(lr=1.0e-5)-(86-params)",classic_NN_6-6,40
16.0,16,259236,CartPole-v1,"CP-ppo-ac-NN(6,6)-(lr=1.0e-5)-(86-params)",classic_NN_6-6,40
10.0,10,259244,CartPole-v1,"CP-ppo-ac-NN(6,6)-(lr=1.0e-5)-(86-params)",classic_NN_6-6,40
17.0,17,259312,CartPole-v1,"CP-ppo-ac-NN(6,6)-(lr=1.0e-5)-(86-params)",classic_NN_6-6,40
34.0,34,259336,CartPole-v1,"CP-ppo-ac-NN(6,6)-(lr=1.0e-5)-(86-params)",classic_NN_6-6,40
29.0,29,259340,CartPole-v1,"CP-ppo-ac-NN(6,6)-(lr=1.0e-5)-(86-params)",classic_NN_6-6,40
15.0,15,259372,CartPole-v1,"CP-ppo-ac-NN(6,6)-(lr=1.0e-5)-(86-params)",classic_NN_6-6,40
9.0,9,259372,CartPole-v1,"CP-ppo-ac-NN(6,6)-(lr=1.0e-5)-(86-params)",classic_NN_6-6,40
49.0,49,259432,CartPole-v1,"CP-ppo-ac-NN(6,6)-(lr=1.0e-5)-(86-params)",classic_NN_6-6,40
29.0,29,259456,CartPole-v1,"CP-ppo-ac-NN(6,6)-(lr=1.0e-5)-(86-params)",classic_NN_6-6,40
19.0,19,259508,CartPole-v1,"CP-ppo-ac-NN(6,6)-(lr=1.0e-5)-(86-params)",classic_NN_6-6,40
35.0,35,259512,CartPole-v1,"CP-ppo-ac-NN(6,6)-(lr=1.0e-5)-(86-params)",classic_NN_6-6,40
43.0,43,259544,CartPole-v1,"CP-ppo-ac-NN(6,6)-(lr=1.0e-5)-(86-params)",classic_NN_6-6,40
22.0,22,259596,CartPole-v1,"CP-ppo-ac-NN(6,6)-(lr=1.0e-5)-(86-params)",classic_NN_6-6,40
39.0,39,259612,CartPole-v1,"CP-ppo-ac-NN(6,6)-(lr=1.0e-5)-(86-params)",classic_NN_6-6,40
22.0,22,259632,CartPole-v1,"CP-ppo-ac-NN(6,6)-(lr=1.0e-5)-(86-params)",classic_NN_6-6,40
10.0,10,259636,CartPole-v1,"CP-ppo-ac-NN(6,6)-(lr=1.0e-5)-(86-params)",classic_NN_6-6,40
16.0,16,259676,CartPole-v1,"CP-ppo-ac-NN(6,6)-(lr=1.0e-5)-(86-params)",classic_NN_6-6,40
42.0,42,259680,CartPole-v1,"CP-ppo-ac-NN(6,6)-(lr=1.0e-5)-(86-params)",classic_NN_6-6,40
25.0,25,259732,CartPole-v1,"CP-ppo-ac-NN(6,6)-(lr=1.0e-5)-(86-params)",classic_NN_6-6,40
28.0,28,259748,CartPole-v1,"CP-ppo-ac-NN(6,6)-(lr=1.0e-5)-(86-params)",classic_NN_6-6,40
11.0,11,259792,CartPole-v1,"CP-ppo-ac-NN(6,6)-(lr=1.0e-5)-(86-params)",classic_NN_6-6,40
30.0,30,259796,CartPole-v1,"CP-ppo-ac-NN(6,6)-(lr=1.0e-5)-(86-params)",classic_NN_6-6,40
47.0,47,259868,CartPole-v1,"CP-ppo-ac-NN(6,6)-(lr=1.0e-5)-(86-params)",classic_NN_6-6,40
29.0,29,259908,CartPole-v1,"CP-ppo-ac-NN(6,6)-(lr=1.0e-5)-(86-params)",classic_NN_6-6,40
55.0,55,259952,CartPole-v1,"CP-ppo-ac-NN(6,6)-(lr=1.0e-5)-(86-params)",classic_NN_6-6,40
40.0,40,259956,CartPole-v1,"CP-ppo-ac-NN(6,6)-(lr=1.0e-5)-(86-params)",classic_NN_6-6,40
28.0,28,259980,CartPole-v1,"CP-ppo-ac-NN(6,6)-(lr=1.0e-5)-(86-params)",classic_NN_6-6,40
17.0,17,260020,CartPole-v1,"CP-ppo-ac-NN(6,6)-(lr=1.0e-5)-(86-params)",classic_NN_6-6,40
31.0,31,260032,CartPole-v1,"CP-ppo-ac-NN(6,6)-(lr=1.0e-5)-(86-params)",classic_NN_6-6,40
22.0,22,260068,CartPole-v1,"CP-ppo-ac-NN(6,6)-(lr=1.0e-5)-(86-params)",classic_NN_6-6,40
18.0,18,260092,CartPole-v1,"CP-ppo-ac-NN(6,6)-(lr=1.0e-5)-(86-params)",classic_NN_6-6,40
13.0,13,260120,CartPole-v1,"CP-ppo-ac-NN(6,6)-(lr=1.0e-5)-(86-params)",classic_NN_6-6,40
33.0,33,260164,CartPole-v1,"CP-ppo-ac-NN(6,6)-(lr=1.0e-5)-(86-params)",classic_NN_6-6,40
20.0,20,260172,CartPole-v1,"CP-ppo-ac-NN(6,6)-(lr=1.0e-5)-(86-params)",classic_NN_6-6,40
56.0,56,260180,CartPole-v1,"CP-ppo-ac-NN(6,6)-(lr=1.0e-5)-(86-params)",classic_NN_6-6,40
22.0,22,260208,CartPole-v1,"CP-ppo-ac-NN(6,6)-(lr=1.0e-5)-(86-params)",classic_NN_6-6,40
32.0,32,260292,CartPole-v1,"CP-ppo-ac-NN(6,6)-(lr=1.0e-5)-(86-params)",classic_NN_6-6,40
29.0,29,260324,CartPole-v1,"CP-ppo-ac-NN(6,6)-(lr=1.0e-5)-(86-params)",classic_NN_6-6,40
47.0,47,260360,CartPole-v1,"CP-ppo-ac-NN(6,6)-(lr=1.0e-5)-(86-params)",classic_NN_6-6,40
13.0,13,260376,CartPole-v1,"CP-ppo-ac-NN(6,6)-(lr=1.0e-5)-(86-params)",classic_NN_6-6,40
55.0,55,260400,CartPole-v1,"CP-ppo-ac-NN(6,6)-(lr=1.0e-5)-(86-params)",classic_NN_6-6,40
30.0,30,260480,CartPole-v1,"CP-ppo-ac-NN(6,6)-(lr=1.0e-5)-(86-params)",classic_NN_6-6,40
57.0,57,260520,CartPole-v1,"CP-ppo-ac-NN(6,6)-(lr=1.0e-5)-(86-params)",classic_NN_6-6,40
38.0,38,260528,CartPole-v1,"CP-ppo-ac-NN(6,6)-(lr=1.0e-5)-(86-params)",classic_NN_6-6,40
20.0,20,260560,CartPole-v1,"CP-ppo-ac-NN(6,6)-(lr=1.0e-5)-(86-params)",classic_NN_6-6,40
17.0,17,260596,CartPole-v1,"CP-ppo-ac-NN(6,6)-(lr=1.0e-5)-(86-params)",classic_NN_6-6,40
23.0,23,260652,CartPole-v1,"CP-ppo-ac-NN(6,6)-(lr=1.0e-5)-(86-params)",classic_NN_6-6,40
15.0,15,260656,CartPole-v1,"CP-ppo-ac-NN(6,6)-(lr=1.0e-5)-(86-params)",classic_NN_6-6,40
73.0,73,260692,CartPole-v1,"CP-ppo-ac-NN(6,6)-(lr=1.0e-5)-(86-params)",classic_NN_6-6,40
28.0,28,260768,CartPole-v1,"CP-ppo-ac-NN(6,6)-(lr=1.0e-5)-(86-params)",classic_NN_6-6,40
19.0,19,260768,CartPole-v1,"CP-ppo-ac-NN(6,6)-(lr=1.0e-5)-(86-params)",classic_NN_6-6,40
30.0,30,260772,CartPole-v1,"CP-ppo-ac-NN(6,6)-(lr=1.0e-5)-(86-params)",classic_NN_6-6,40
68.0,68,260792,CartPole-v1,"CP-ppo-ac-NN(6,6)-(lr=1.0e-5)-(86-params)",classic_NN_6-6,40
30.0,30,260888,CartPole-v1,"CP-ppo-ac-NN(6,6)-(lr=1.0e-5)-(86-params)",classic_NN_6-6,40
31.0,31,260892,CartPole-v1,"CP-ppo-ac-NN(6,6)-(lr=1.0e-5)-(86-params)",classic_NN_6-6,40
26.0,26,260896,CartPole-v1,"CP-ppo-ac-NN(6,6)-(lr=1.0e-5)-(86-params)",classic_NN_6-6,40
13.0,13,260940,CartPole-v1,"CP-ppo-ac-NN(6,6)-(lr=1.0e-5)-(86-params)",classic_NN_6-6,40
13.0,13,260948,CartPole-v1,"CP-ppo-ac-NN(6,6)-(lr=1.0e-5)-(86-params)",classic_NN_6-6,40
11.0,11,260984,CartPole-v1,"CP-ppo-ac-NN(6,6)-(lr=1.0e-5)-(86-params)",classic_NN_6-6,40
9.0,9,261020,CartPole-v1,"CP-ppo-ac-NN(6,6)-(lr=1.0e-5)-(86-params)",classic_NN_6-6,40
64.0,64,261028,CartPole-v1,"CP-ppo-ac-NN(6,6)-(lr=1.0e-5)-(86-params)",classic_NN_6-6,40
22.0,22,261036,CartPole-v1,"CP-ppo-ac-NN(6,6)-(lr=1.0e-5)-(86-params)",classic_NN_6-6,40
18.0,18,261108,CartPole-v1,"CP-ppo-ac-NN(6,6)-(lr=1.0e-5)-(86-params)",classic_NN_6-6,40
54.0,54,261108,CartPole-v1,"CP-ppo-ac-NN(6,6)-(lr=1.0e-5)-(86-params)",classic_NN_6-6,40
26.0,26,261124,CartPole-v1,"CP-ppo-ac-NN(6,6)-(lr=1.0e-5)-(86-params)",classic_NN_6-6,40
44.0,44,261204,CartPole-v1,"CP-ppo-ac-NN(6,6)-(lr=1.0e-5)-(86-params)",classic_NN_6-6,40
24.0,24,261204,CartPole-v1,"CP-ppo-ac-NN(6,6)-(lr=1.0e-5)-(86-params)",classic_NN_6-6,40
35.0,35,261248,CartPole-v1,"CP-ppo-ac-NN(6,6)-(lr=1.0e-5)-(86-params)",classic_NN_6-6,40
40.0,40,261284,CartPole-v1,"CP-ppo-ac-NN(6,6)-(lr=1.0e-5)-(86-params)",classic_NN_6-6,40
28.0,28,261316,CartPole-v1,"CP-ppo-ac-NN(6,6)-(lr=1.0e-5)-(86-params)",classic_NN_6-6,40
31.0,31,261328,CartPole-v1,"CP-ppo-ac-NN(6,6)-(lr=1.0e-5)-(86-params)",classic_NN_6-6,40
26.0,26,261352,CartPole-v1,"CP-ppo-ac-NN(6,6)-(lr=1.0e-5)-(86-params)",classic_NN_6-6,40
16.0,16,261392,CartPole-v1,"CP-ppo-ac-NN(6,6)-(lr=1.0e-5)-(86-params)",classic_NN_6-6,40
29.0,29,261400,CartPole-v1,"CP-ppo-ac-NN(6,6)-(lr=1.0e-5)-(86-params)",classic_NN_6-6,40
12.0,12,261448,CartPole-v1,"CP-ppo-ac-NN(6,6)-(lr=1.0e-5)-(86-params)",classic_NN_6-6,40
27.0,27,261460,CartPole-v1,"CP-ppo-ac-NN(6,6)-(lr=1.0e-5)-(86-params)",classic_NN_6-6,40
23.0,23,261484,CartPole-v1,"CP-ppo-ac-NN(6,6)-(lr=1.0e-5)-(86-params)",classic_NN_6-6,40
48.0,48,261508,CartPole-v1,"CP-ppo-ac-NN(6,6)-(lr=1.0e-5)-(86-params)",classic_NN_6-6,40
20.0,20,261528,CartPole-v1,"CP-ppo-ac-NN(6,6)-(lr=1.0e-5)-(86-params)",classic_NN_6-6,40
16.0,16,261548,CartPole-v1,"CP-ppo-ac-NN(6,6)-(lr=1.0e-5)-(86-params)",classic_NN_6-6,40
11.0,11,261572,CartPole-v1,"CP-ppo-ac-NN(6,6)-(lr=1.0e-5)-(86-params)",classic_NN_6-6,40
34.0,34,261596,CartPole-v1,"CP-ppo-ac-NN(6,6)-(lr=1.0e-5)-(86-params)",classic_NN_6-6,40
33.0,33,261640,CartPole-v1,"CP-ppo-ac-NN(6,6)-(lr=1.0e-5)-(86-params)",classic_NN_6-6,40
18.0,18,261644,CartPole-v1,"CP-ppo-ac-NN(6,6)-(lr=1.0e-5)-(86-params)",classic_NN_6-6,40
23.0,23,261688,CartPole-v1,"CP-ppo-ac-NN(6,6)-(lr=1.0e-5)-(86-params)",classic_NN_6-6,40
24.0,24,261740,CartPole-v1,"CP-ppo-ac-NN(6,6)-(lr=1.0e-5)-(86-params)",classic_NN_6-6,40
48.0,48,261740,CartPole-v1,"CP-ppo-ac-NN(6,6)-(lr=1.0e-5)-(86-params)",classic_NN_6-6,40
17.0,17,261756,CartPole-v1,"CP-ppo-ac-NN(6,6)-(lr=1.0e-5)-(86-params)",classic_NN_6-6,40
34.0,34,261776,CartPole-v1,"CP-ppo-ac-NN(6,6)-(lr=1.0e-5)-(86-params)",classic_NN_6-6,40
15.0,15,261800,CartPole-v1,"CP-ppo-ac-NN(6,6)-(lr=1.0e-5)-(86-params)",classic_NN_6-6,40
28.0,28,261852,CartPole-v1,"CP-ppo-ac-NN(6,6)-(lr=1.0e-5)-(86-params)",classic_NN_6-6,40
32.0,32,261884,CartPole-v1,"CP-ppo-ac-NN(6,6)-(lr=1.0e-5)-(86-params)",classic_NN_6-6,40
16.0,16,261948,CartPole-v1,"CP-ppo-ac-NN(6,6)-(lr=1.0e-5)-(86-params)",classic_NN_6-6,40
51.0,51,261980,CartPole-v1,"CP-ppo-ac-NN(6,6)-(lr=1.0e-5)-(86-params)",classic_NN_6-6,40
35.0,35,261992,CartPole-v1,"CP-ppo-ac-NN(6,6)-(lr=1.0e-5)-(86-params)",classic_NN_6-6,40
56.0,56,262024,CartPole-v1,"CP-ppo-ac-NN(6,6)-(lr=1.0e-5)-(86-params)",classic_NN_6-6,40
25.0,25,262048,CartPole-v1,"CP-ppo-ac-NN(6,6)-(lr=1.0e-5)-(86-params)",classic_NN_6-6,40
11.0,11,262068,CartPole-v1,"CP-ppo-ac-NN(6,6)-(lr=1.0e-5)-(86-params)",classic_NN_6-6,40
18.0,18,262120,CartPole-v1,"CP-ppo-ac-NN(6,6)-(lr=1.0e-5)-(86-params)",classic_NN_6-6,40
36.0,36,262124,CartPole-v1,"CP-ppo-ac-NN(6,6)-(lr=1.0e-5)-(86-params)",classic_NN_6-6,40
35.0,35,262132,CartPole-v1,"CP-ppo-ac-NN(6,6)-(lr=1.0e-5)-(86-params)",classic_NN_6-6,40
27.0,27,262232,CartPole-v1,"CP-ppo-ac-NN(6,6)-(lr=1.0e-5)-(86-params)",classic_NN_6-6,40
28.0,28,262232,CartPole-v1,"CP-ppo-ac-NN(6,6)-(lr=1.0e-5)-(86-params)",classic_NN_6-6,40
55.0,55,262288,CartPole-v1,"CP-ppo-ac-NN(6,6)-(lr=1.0e-5)-(86-params)",classic_NN_6-6,40
51.0,51,262336,CartPole-v1,"CP-ppo-ac-NN(6,6)-(lr=1.0e-5)-(86-params)",classic_NN_6-6,40
27.0,27,262340,CartPole-v1,"CP-ppo-ac-NN(6,6)-(lr=1.0e-5)-(86-params)",classic_NN_6-6,40
12.0,12,262388,CartPole-v1,"CP-ppo-ac-NN(6,6)-(lr=1.0e-5)-(86-params)",classic_NN_6-6,40
31.0,31,262412,CartPole-v1,"CP-ppo-ac-NN(6,6)-(lr=1.0e-5)-(86-params)",classic_NN_6-6,40
27.0,27,262444,CartPole-v1,"CP-ppo-ac-NN(6,6)-(lr=1.0e-5)-(86-params)",classic_NN_6-6,40
9.0,9,262480,CartPole-v1,"CP-ppo-ac-NN(6,6)-(lr=1.0e-5)-(86-params)",classic_NN_6-6,40
40.0,40,262572,CartPole-v1,"CP-ppo-ac-NN(6,6)-(lr=1.0e-5)-(86-params)",classic_NN_6-6,40
59.0,59,262624,CartPole-v1,"CP-ppo-ac-NN(6,6)-(lr=1.0e-5)-(86-params)",classic_NN_6-6,40
109.0,109,262668,CartPole-v1,"CP-ppo-ac-NN(6,6)-(lr=1.0e-5)-(86-params)",classic_NN_6-6,40
48.0,48,262672,CartPole-v1,"CP-ppo-ac-NN(6,6)-(lr=1.0e-5)-(86-params)",classic_NN_6-6,40
45.0,45,262752,CartPole-v1,"CP-ppo-ac-NN(6,6)-(lr=1.0e-5)-(86-params)",classic_NN_6-6,40
34.0,34,262760,CartPole-v1,"CP-ppo-ac-NN(6,6)-(lr=1.0e-5)-(86-params)",classic_NN_6-6,40
32.0,32,262800,CartPole-v1,"CP-ppo-ac-NN(6,6)-(lr=1.0e-5)-(86-params)",classic_NN_6-6,40
37.0,37,262816,CartPole-v1,"CP-ppo-ac-NN(6,6)-(lr=1.0e-5)-(86-params)",classic_NN_6-6,40
25.0,25,262852,CartPole-v1,"CP-ppo-ac-NN(6,6)-(lr=1.0e-5)-(86-params)",classic_NN_6-6,40
16.0,16,262880,CartPole-v1,"CP-ppo-ac-NN(6,6)-(lr=1.0e-5)-(86-params)",classic_NN_6-6,40
21.0,21,262884,CartPole-v1,"CP-ppo-ac-NN(6,6)-(lr=1.0e-5)-(86-params)",classic_NN_6-6,40
44.0,44,262936,CartPole-v1,"CP-ppo-ac-NN(6,6)-(lr=1.0e-5)-(86-params)",classic_NN_6-6,40
18.0,18,262952,CartPole-v1,"CP-ppo-ac-NN(6,6)-(lr=1.0e-5)-(86-params)",classic_NN_6-6,40
21.0,21,262968,CartPole-v1,"CP-ppo-ac-NN(6,6)-(lr=1.0e-5)-(86-params)",classic_NN_6-6,40
32.0,32,262980,CartPole-v1,"CP-ppo-ac-NN(6,6)-(lr=1.0e-5)-(86-params)",classic_NN_6-6,40
19.0,19,263012,CartPole-v1,"CP-ppo-ac-NN(6,6)-(lr=1.0e-5)-(86-params)",classic_NN_6-6,40
14.0,14,263036,CartPole-v1,"CP-ppo-ac-NN(6,6)-(lr=1.0e-5)-(86-params)",classic_NN_6-6,40
26.0,26,263056,CartPole-v1,"CP-ppo-ac-NN(6,6)-(lr=1.0e-5)-(86-params)",classic_NN_6-6,40
18.0,18,263084,CartPole-v1,"CP-ppo-ac-NN(6,6)-(lr=1.0e-5)-(86-params)",classic_NN_6-6,40
35.0,35,263108,CartPole-v1,"CP-ppo-ac-NN(6,6)-(lr=1.0e-5)-(86-params)",classic_NN_6-6,40
21.0,21,263120,CartPole-v1,"CP-ppo-ac-NN(6,6)-(lr=1.0e-5)-(86-params)",classic_NN_6-6,40
9.0,9,263144,CartPole-v1,"CP-ppo-ac-NN(6,6)-(lr=1.0e-5)-(86-params)",classic_NN_6-6,40
21.0,21,263168,CartPole-v1,"CP-ppo-ac-NN(6,6)-(lr=1.0e-5)-(86-params)",classic_NN_6-6,40
16.0,16,263208,CartPole-v1,"CP-ppo-ac-NN(6,6)-(lr=1.0e-5)-(86-params)",classic_NN_6-6,40
22.0,22,263256,CartPole-v1,"CP-ppo-ac-NN(6,6)-(lr=1.0e-5)-(86-params)",classic_NN_6-6,40
34.0,34,263256,CartPole-v1,"CP-ppo-ac-NN(6,6)-(lr=1.0e-5)-(86-params)",classic_NN_6-6,40
19.0,19,263284,CartPole-v1,"CP-ppo-ac-NN(6,6)-(lr=1.0e-5)-(86-params)",classic_NN_6-6,40
61.0,61,263300,CartPole-v1,"CP-ppo-ac-NN(6,6)-(lr=1.0e-5)-(86-params)",classic_NN_6-6,40
14.0,14,263312,CartPole-v1,"CP-ppo-ac-NN(6,6)-(lr=1.0e-5)-(86-params)",classic_NN_6-6,40
20.0,20,263336,CartPole-v1,"CP-ppo-ac-NN(6,6)-(lr=1.0e-5)-(86-params)",classic_NN_6-6,40
20.0,20,263364,CartPole-v1,"CP-ppo-ac-NN(6,6)-(lr=1.0e-5)-(86-params)",classic_NN_6-6,40
18.0,18,263372,CartPole-v1,"CP-ppo-ac-NN(6,6)-(lr=1.0e-5)-(86-params)",classic_NN_6-6,40
10.0,10,263404,CartPole-v1,"CP-ppo-ac-NN(6,6)-(lr=1.0e-5)-(86-params)",classic_NN_6-6,40
15.0,15,263432,CartPole-v1,"CP-ppo-ac-NN(6,6)-(lr=1.0e-5)-(86-params)",classic_NN_6-6,40
44.0,44,263488,CartPole-v1,"CP-ppo-ac-NN(6,6)-(lr=1.0e-5)-(86-params)",classic_NN_6-6,40
26.0,26,263508,CartPole-v1,"CP-ppo-ac-NN(6,6)-(lr=1.0e-5)-(86-params)",classic_NN_6-6,40
46.0,46,263520,CartPole-v1,"CP-ppo-ac-NN(6,6)-(lr=1.0e-5)-(86-params)",classic_NN_6-6,40
11.0,11,263532,CartPole-v1,"CP-ppo-ac-NN(6,6)-(lr=1.0e-5)-(86-params)",classic_NN_6-6,40
25.0,25,263532,CartPole-v1,"CP-ppo-ac-NN(6,6)-(lr=1.0e-5)-(86-params)",classic_NN_6-6,40
17.0,17,263588,CartPole-v1,"CP-ppo-ac-NN(6,6)-(lr=1.0e-5)-(86-params)",classic_NN_6-6,40
16.0,16,263596,CartPole-v1,"CP-ppo-ac-NN(6,6)-(lr=1.0e-5)-(86-params)",classic_NN_6-6,40
27.0,27,263616,CartPole-v1,"CP-ppo-ac-NN(6,6)-(lr=1.0e-5)-(86-params)",classic_NN_6-6,40
26.0,26,263636,CartPole-v1,"CP-ppo-ac-NN(6,6)-(lr=1.0e-5)-(86-params)",classic_NN_6-6,40
15.0,15,263648,CartPole-v1,"CP-ppo-ac-NN(6,6)-(lr=1.0e-5)-(86-params)",classic_NN_6-6,40
20.0,20,263696,CartPole-v1,"CP-ppo-ac-NN(6,6)-(lr=1.0e-5)-(86-params)",classic_NN_6-6,40
28.0,28,263748,CartPole-v1,"CP-ppo-ac-NN(6,6)-(lr=1.0e-5)-(86-params)",classic_NN_6-6,40
17.0,17,263764,CartPole-v1,"CP-ppo-ac-NN(6,6)-(lr=1.0e-5)-(86-params)",classic_NN_6-6,40
34.0,34,263784,CartPole-v1,"CP-ppo-ac-NN(6,6)-(lr=1.0e-5)-(86-params)",classic_NN_6-6,40
49.0,49,263792,CartPole-v1,"CP-ppo-ac-NN(6,6)-(lr=1.0e-5)-(86-params)",classic_NN_6-6,40
20.0,20,263844,CartPole-v1,"CP-ppo-ac-NN(6,6)-(lr=1.0e-5)-(86-params)",classic_NN_6-6,40
15.0,15,263844,CartPole-v1,"CP-ppo-ac-NN(6,6)-(lr=1.0e-5)-(86-params)",classic_NN_6-6,40
16.0,16,263856,CartPole-v1,"CP-ppo-ac-NN(6,6)-(lr=1.0e-5)-(86-params)",classic_NN_6-6,40
30.0,30,263868,CartPole-v1,"CP-ppo-ac-NN(6,6)-(lr=1.0e-5)-(86-params)",classic_NN_6-6,40
14.0,14,263900,CartPole-v1,"CP-ppo-ac-NN(6,6)-(lr=1.0e-5)-(86-params)",classic_NN_6-6,40
17.0,17,263936,CartPole-v1,"CP-ppo-ac-NN(6,6)-(lr=1.0e-5)-(86-params)",classic_NN_6-6,40
16.0,16,263964,CartPole-v1,"CP-ppo-ac-NN(6,6)-(lr=1.0e-5)-(86-params)",classic_NN_6-6,40
40.0,40,264004,CartPole-v1,"CP-ppo-ac-NN(6,6)-(lr=1.0e-5)-(86-params)",classic_NN_6-6,40
16.0,16,264028,CartPole-v1,"CP-ppo-ac-NN(6,6)-(lr=1.0e-5)-(86-params)",classic_NN_6-6,40
47.0,47,264044,CartPole-v1,"CP-ppo-ac-NN(6,6)-(lr=1.0e-5)-(86-params)",classic_NN_6-6,40
11.0,11,264048,CartPole-v1,"CP-ppo-ac-NN(6,6)-(lr=1.0e-5)-(86-params)",classic_NN_6-6,40
15.0,15,264108,CartPole-v1,"CP-ppo-ac-NN(6,6)-(lr=1.0e-5)-(86-params)",classic_NN_6-6,40
47.0,47,264124,CartPole-v1,"CP-ppo-ac-NN(6,6)-(lr=1.0e-5)-(86-params)",classic_NN_6-6,40
29.0,29,264144,CartPole-v1,"CP-ppo-ac-NN(6,6)-(lr=1.0e-5)-(86-params)",classic_NN_6-6,40
27.0,27,264152,CartPole-v1,"CP-ppo-ac-NN(6,6)-(lr=1.0e-5)-(86-params)",classic_NN_6-6,40
21.0,21,264192,CartPole-v1,"CP-ppo-ac-NN(6,6)-(lr=1.0e-5)-(86-params)",classic_NN_6-6,40
25.0,25,264252,CartPole-v1,"CP-ppo-ac-NN(6,6)-(lr=1.0e-5)-(86-params)",classic_NN_6-6,40
41.0,41,264288,CartPole-v1,"CP-ppo-ac-NN(6,6)-(lr=1.0e-5)-(86-params)",classic_NN_6-6,40
25.0,25,264292,CartPole-v1,"CP-ppo-ac-NN(6,6)-(lr=1.0e-5)-(86-params)",classic_NN_6-6,40
40.0,40,264304,CartPole-v1,"CP-ppo-ac-NN(6,6)-(lr=1.0e-5)-(86-params)",classic_NN_6-6,40
15.0,15,264312,CartPole-v1,"CP-ppo-ac-NN(6,6)-(lr=1.0e-5)-(86-params)",classic_NN_6-6,40
12.0,12,264340,CartPole-v1,"CP-ppo-ac-NN(6,6)-(lr=1.0e-5)-(86-params)",classic_NN_6-6,40
15.0,15,264372,CartPole-v1,"CP-ppo-ac-NN(6,6)-(lr=1.0e-5)-(86-params)",classic_NN_6-6,40
21.0,21,264372,CartPole-v1,"CP-ppo-ac-NN(6,6)-(lr=1.0e-5)-(86-params)",classic_NN_6-6,40
23.0,23,264396,CartPole-v1,"CP-ppo-ac-NN(6,6)-(lr=1.0e-5)-(86-params)",classic_NN_6-6,40
14.0,14,264428,CartPole-v1,"CP-ppo-ac-NN(6,6)-(lr=1.0e-5)-(86-params)",classic_NN_6-6,40
20.0,20,264452,CartPole-v1,"CP-ppo-ac-NN(6,6)-(lr=1.0e-5)-(86-params)",classic_NN_6-6,40
34.0,34,264476,CartPole-v1,"CP-ppo-ac-NN(6,6)-(lr=1.0e-5)-(86-params)",classic_NN_6-6,40
17.0,17,264496,CartPole-v1,"CP-ppo-ac-NN(6,6)-(lr=1.0e-5)-(86-params)",classic_NN_6-6,40
15.0,15,264536,CartPole-v1,"CP-ppo-ac-NN(6,6)-(lr=1.0e-5)-(86-params)",classic_NN_6-6,40
35.0,35,264536,CartPole-v1,"CP-ppo-ac-NN(6,6)-(lr=1.0e-5)-(86-params)",classic_NN_6-6,40
24.0,24,264548,CartPole-v1,"CP-ppo-ac-NN(6,6)-(lr=1.0e-5)-(86-params)",classic_NN_6-6,40
23.0,23,264588,CartPole-v1,"CP-ppo-ac-NN(6,6)-(lr=1.0e-5)-(86-params)",classic_NN_6-6,40
11.0,11,264592,CartPole-v1,"CP-ppo-ac-NN(6,6)-(lr=1.0e-5)-(86-params)",classic_NN_6-6,40
26.0,26,264640,CartPole-v1,"CP-ppo-ac-NN(6,6)-(lr=1.0e-5)-(86-params)",classic_NN_6-6,40
34.0,34,264672,CartPole-v1,"CP-ppo-ac-NN(6,6)-(lr=1.0e-5)-(86-params)",classic_NN_6-6,40
34.0,34,264724,CartPole-v1,"CP-ppo-ac-NN(6,6)-(lr=1.0e-5)-(86-params)",classic_NN_6-6,40
23.0,23,264732,CartPole-v1,"CP-ppo-ac-NN(6,6)-(lr=1.0e-5)-(86-params)",classic_NN_6-6,40
27.0,27,264780,CartPole-v1,"CP-ppo-ac-NN(6,6)-(lr=1.0e-5)-(86-params)",classic_NN_6-6,40
24.0,24,264820,CartPole-v1,"CP-ppo-ac-NN(6,6)-(lr=1.0e-5)-(86-params)",classic_NN_6-6,40
21.0,21,264864,CartPole-v1,"CP-ppo-ac-NN(6,6)-(lr=1.0e-5)-(86-params)",classic_NN_6-6,40
73.0,73,264884,CartPole-v1,"CP-ppo-ac-NN(6,6)-(lr=1.0e-5)-(86-params)",classic_NN_6-6,40
16.0,16,264884,CartPole-v1,"CP-ppo-ac-NN(6,6)-(lr=1.0e-5)-(86-params)",classic_NN_6-6,40
12.0,12,264932,CartPole-v1,"CP-ppo-ac-NN(6,6)-(lr=1.0e-5)-(86-params)",classic_NN_6-6,40
13.0,13,264936,CartPole-v1,"CP-ppo-ac-NN(6,6)-(lr=1.0e-5)-(86-params)",classic_NN_6-6,40
51.0,51,264936,CartPole-v1,"CP-ppo-ac-NN(6,6)-(lr=1.0e-5)-(86-params)",classic_NN_6-6,40
32.0,32,264992,CartPole-v1,"CP-ppo-ac-NN(6,6)-(lr=1.0e-5)-(86-params)",classic_NN_6-6,40
18.0,18,265008,CartPole-v1,"CP-ppo-ac-NN(6,6)-(lr=1.0e-5)-(86-params)",classic_NN_6-6,40
19.0,19,265008,CartPole-v1,"CP-ppo-ac-NN(6,6)-(lr=1.0e-5)-(86-params)",classic_NN_6-6,40
14.0,14,265064,CartPole-v1,"CP-ppo-ac-NN(6,6)-(lr=1.0e-5)-(86-params)",classic_NN_6-6,40
34.0,34,265072,CartPole-v1,"CP-ppo-ac-NN(6,6)-(lr=1.0e-5)-(86-params)",classic_NN_6-6,40
41.0,41,265172,CartPole-v1,"CP-ppo-ac-NN(6,6)-(lr=1.0e-5)-(86-params)",classic_NN_6-6,40
46.0,46,265176,CartPole-v1,"CP-ppo-ac-NN(6,6)-(lr=1.0e-5)-(86-params)",classic_NN_6-6,40
16.0,16,265236,CartPole-v1,"CP-ppo-ac-NN(6,6)-(lr=1.0e-5)-(86-params)",classic_NN_6-6,40
41.0,41,265236,CartPole-v1,"CP-ppo-ac-NN(6,6)-(lr=1.0e-5)-(86-params)",classic_NN_6-6,40
16.0,16,265300,CartPole-v1,"CP-ppo-ac-NN(6,6)-(lr=1.0e-5)-(86-params)",classic_NN_6-6,40
62.0,62,265312,CartPole-v1,"CP-ppo-ac-NN(6,6)-(lr=1.0e-5)-(86-params)",classic_NN_6-6,40
23.0,23,265328,CartPole-v1,"CP-ppo-ac-NN(6,6)-(lr=1.0e-5)-(86-params)",classic_NN_6-6,40
39.0,39,265332,CartPole-v1,"CP-ppo-ac-NN(6,6)-(lr=1.0e-5)-(86-params)",classic_NN_6-6,40
19.0,19,265376,CartPole-v1,"CP-ppo-ac-NN(6,6)-(lr=1.0e-5)-(86-params)",classic_NN_6-6,40
14.0,14,265388,CartPole-v1,"CP-ppo-ac-NN(6,6)-(lr=1.0e-5)-(86-params)",classic_NN_6-6,40
22.0,22,265400,CartPole-v1,"CP-ppo-ac-NN(6,6)-(lr=1.0e-5)-(86-params)",classic_NN_6-6,40
26.0,26,265432,CartPole-v1,"CP-ppo-ac-NN(6,6)-(lr=1.0e-5)-(86-params)",classic_NN_6-6,40
18.0,18,265472,CartPole-v1,"CP-ppo-ac-NN(6,6)-(lr=1.0e-5)-(86-params)",classic_NN_6-6,40
24.0,24,265528,CartPole-v1,"CP-ppo-ac-NN(6,6)-(lr=1.0e-5)-(86-params)",classic_NN_6-6,40
41.0,41,265540,CartPole-v1,"CP-ppo-ac-NN(6,6)-(lr=1.0e-5)-(86-params)",classic_NN_6-6,40
40.0,40,265548,CartPole-v1,"CP-ppo-ac-NN(6,6)-(lr=1.0e-5)-(86-params)",classic_NN_6-6,40
12.0,12,265588,CartPole-v1,"CP-ppo-ac-NN(6,6)-(lr=1.0e-5)-(86-params)",classic_NN_6-6,40
34.0,34,265608,CartPole-v1,"CP-ppo-ac-NN(6,6)-(lr=1.0e-5)-(86-params)",classic_NN_6-6,40
22.0,22,265636,CartPole-v1,"CP-ppo-ac-NN(6,6)-(lr=1.0e-5)-(86-params)",classic_NN_6-6,40
14.0,14,265644,CartPole-v1,"CP-ppo-ac-NN(6,6)-(lr=1.0e-5)-(86-params)",classic_NN_6-6,40
12.0,12,265656,CartPole-v1,"CP-ppo-ac-NN(6,6)-(lr=1.0e-5)-(86-params)",classic_NN_6-6,40
49.0,49,265724,CartPole-v1,"CP-ppo-ac-NN(6,6)-(lr=1.0e-5)-(86-params)",classic_NN_6-6,40
34.0,34,265780,CartPole-v1,"CP-ppo-ac-NN(6,6)-(lr=1.0e-5)-(86-params)",classic_NN_6-6,40
17.0,17,265792,CartPole-v1,"CP-ppo-ac-NN(6,6)-(lr=1.0e-5)-(86-params)",classic_NN_6-6,40
16.0,16,265844,CartPole-v1,"CP-ppo-ac-NN(6,6)-(lr=1.0e-5)-(86-params)",classic_NN_6-6,40
48.0,48,265848,CartPole-v1,"CP-ppo-ac-NN(6,6)-(lr=1.0e-5)-(86-params)",classic_NN_6-6,40
14.0,14,265848,CartPole-v1,"CP-ppo-ac-NN(6,6)-(lr=1.0e-5)-(86-params)",classic_NN_6-6,40
11.0,11,265892,CartPole-v1,"CP-ppo-ac-NN(6,6)-(lr=1.0e-5)-(86-params)",classic_NN_6-6,40
69.0,69,265912,CartPole-v1,"CP-ppo-ac-NN(6,6)-(lr=1.0e-5)-(86-params)",classic_NN_6-6,40
18.0,18,265920,CartPole-v1,"CP-ppo-ac-NN(6,6)-(lr=1.0e-5)-(86-params)",classic_NN_6-6,40
16.0,16,265956,CartPole-v1,"CP-ppo-ac-NN(6,6)-(lr=1.0e-5)-(86-params)",classic_NN_6-6,40
29.0,29,265960,CartPole-v1,"CP-ppo-ac-NN(6,6)-(lr=1.0e-5)-(86-params)",classic_NN_6-6,40
15.0,15,265972,CartPole-v1,"CP-ppo-ac-NN(6,6)-(lr=1.0e-5)-(86-params)",classic_NN_6-6,40
32.0,32,266048,CartPole-v1,"CP-ppo-ac-NN(6,6)-(lr=1.0e-5)-(86-params)",classic_NN_6-6,40
33.0,33,266092,CartPole-v1,"CP-ppo-ac-NN(6,6)-(lr=1.0e-5)-(86-params)",classic_NN_6-6,40
37.0,37,266120,CartPole-v1,"CP-ppo-ac-NN(6,6)-(lr=1.0e-5)-(86-params)",classic_NN_6-6,40
19.0,19,266168,CartPole-v1,"CP-ppo-ac-NN(6,6)-(lr=1.0e-5)-(86-params)",classic_NN_6-6,40
53.0,53,266168,CartPole-v1,"CP-ppo-ac-NN(6,6)-(lr=1.0e-5)-(86-params)",classic_NN_6-6,40
15.0,15,266180,CartPole-v1,"CP-ppo-ac-NN(6,6)-(lr=1.0e-5)-(86-params)",classic_NN_6-6,40
36.0,36,266192,CartPole-v1,"CP-ppo-ac-NN(6,6)-(lr=1.0e-5)-(86-params)",classic_NN_6-6,40
19.0,19,266244,CartPole-v1,"CP-ppo-ac-NN(6,6)-(lr=1.0e-5)-(86-params)",classic_NN_6-6,40
24.0,24,266288,CartPole-v1,"CP-ppo-ac-NN(6,6)-(lr=1.0e-5)-(86-params)",classic_NN_6-6,40
28.0,28,266292,CartPole-v1,"CP-ppo-ac-NN(6,6)-(lr=1.0e-5)-(86-params)",classic_NN_6-6,40
13.0,13,266296,CartPole-v1,"CP-ppo-ac-NN(6,6)-(lr=1.0e-5)-(86-params)",classic_NN_6-6,40
18.0,18,266360,CartPole-v1,"CP-ppo-ac-NN(6,6)-(lr=1.0e-5)-(86-params)",classic_NN_6-6,40
53.0,53,266380,CartPole-v1,"CP-ppo-ac-NN(6,6)-(lr=1.0e-5)-(86-params)",classic_NN_6-6,40
22.0,22,266384,CartPole-v1,"CP-ppo-ac-NN(6,6)-(lr=1.0e-5)-(86-params)",classic_NN_6-6,40
33.0,33,266424,CartPole-v1,"CP-ppo-ac-NN(6,6)-(lr=1.0e-5)-(86-params)",classic_NN_6-6,40
15.0,15,266444,CartPole-v1,"CP-ppo-ac-NN(6,6)-(lr=1.0e-5)-(86-params)",classic_NN_6-6,40
25.0,25,266460,CartPole-v1,"CP-ppo-ac-NN(6,6)-(lr=1.0e-5)-(86-params)",classic_NN_6-6,40
29.0,29,266560,CartPole-v1,"CP-ppo-ac-NN(6,6)-(lr=1.0e-5)-(86-params)",classic_NN_6-6,40
26.0,26,266564,CartPole-v1,"CP-ppo-ac-NN(6,6)-(lr=1.0e-5)-(86-params)",classic_NN_6-6,40
73.0,73,266672,CartPole-v1,"CP-ppo-ac-NN(6,6)-(lr=1.0e-5)-(86-params)",classic_NN_6-6,40
33.0,33,266692,CartPole-v1,"CP-ppo-ac-NN(6,6)-(lr=1.0e-5)-(86-params)",classic_NN_6-6,40
67.0,67,266692,CartPole-v1,"CP-ppo-ac-NN(6,6)-(lr=1.0e-5)-(86-params)",classic_NN_6-6,40
26.0,26,266776,CartPole-v1,"CP-ppo-ac-NN(6,6)-(lr=1.0e-5)-(86-params)",classic_NN_6-6,40
24.0,24,266788,CartPole-v1,"CP-ppo-ac-NN(6,6)-(lr=1.0e-5)-(86-params)",classic_NN_6-6,40
30.0,30,266812,CartPole-v1,"CP-ppo-ac-NN(6,6)-(lr=1.0e-5)-(86-params)",classic_NN_6-6,40
70.0,70,266844,CartPole-v1,"CP-ppo-ac-NN(6,6)-(lr=1.0e-5)-(86-params)",classic_NN_6-6,40
24.0,24,266908,CartPole-v1,"CP-ppo-ac-NN(6,6)-(lr=1.0e-5)-(86-params)",classic_NN_6-6,40
32.0,32,266916,CartPole-v1,"CP-ppo-ac-NN(6,6)-(lr=1.0e-5)-(86-params)",classic_NN_6-6,40
37.0,37,266924,CartPole-v1,"CP-ppo-ac-NN(6,6)-(lr=1.0e-5)-(86-params)",classic_NN_6-6,40
15.0,15,266984,CartPole-v1,"CP-ppo-ac-NN(6,6)-(lr=1.0e-5)-(86-params)",classic_NN_6-6,40
29.0,29,267032,CartPole-v1,"CP-ppo-ac-NN(6,6)-(lr=1.0e-5)-(86-params)",classic_NN_6-6,40
31.0,31,267032,CartPole-v1,"CP-ppo-ac-NN(6,6)-(lr=1.0e-5)-(86-params)",classic_NN_6-6,40
54.0,54,267060,CartPole-v1,"CP-ppo-ac-NN(6,6)-(lr=1.0e-5)-(86-params)",classic_NN_6-6,40
10.0,10,267100,CartPole-v1,"CP-ppo-ac-NN(6,6)-(lr=1.0e-5)-(86-params)",classic_NN_6-6,40
30.0,30,267104,CartPole-v1,"CP-ppo-ac-NN(6,6)-(lr=1.0e-5)-(86-params)",classic_NN_6-6,40
26.0,26,267136,CartPole-v1,"CP-ppo-ac-NN(6,6)-(lr=1.0e-5)-(86-params)",classic_NN_6-6,40
17.0,17,267168,CartPole-v1,"CP-ppo-ac-NN(6,6)-(lr=1.0e-5)-(86-params)",classic_NN_6-6,40
41.0,41,267196,CartPole-v1,"CP-ppo-ac-NN(6,6)-(lr=1.0e-5)-(86-params)",classic_NN_6-6,40
18.0,18,267240,CartPole-v1,"CP-ppo-ac-NN(6,6)-(lr=1.0e-5)-(86-params)",classic_NN_6-6,40
30.0,30,267256,CartPole-v1,"CP-ppo-ac-NN(6,6)-(lr=1.0e-5)-(86-params)",classic_NN_6-6,40
42.0,42,267272,CartPole-v1,"CP-ppo-ac-NN(6,6)-(lr=1.0e-5)-(86-params)",classic_NN_6-6,40
24.0,24,267292,CartPole-v1,"CP-ppo-ac-NN(6,6)-(lr=1.0e-5)-(86-params)",classic_NN_6-6,40
10.0,10,267296,CartPole-v1,"CP-ppo-ac-NN(6,6)-(lr=1.0e-5)-(86-params)",classic_NN_6-6,40
18.0,18,267344,CartPole-v1,"CP-ppo-ac-NN(6,6)-(lr=1.0e-5)-(86-params)",classic_NN_6-6,40
21.0,21,267376,CartPole-v1,"CP-ppo-ac-NN(6,6)-(lr=1.0e-5)-(86-params)",classic_NN_6-6,40
9.0,9,267380,CartPole-v1,"CP-ppo-ac-NN(6,6)-(lr=1.0e-5)-(86-params)",classic_NN_6-6,40
28.0,28,267408,CartPole-v1,"CP-ppo-ac-NN(6,6)-(lr=1.0e-5)-(86-params)",classic_NN_6-6,40
15.0,15,267436,CartPole-v1,"CP-ppo-ac-NN(6,6)-(lr=1.0e-5)-(86-params)",classic_NN_6-6,40
57.0,57,267468,CartPole-v1,"CP-ppo-ac-NN(6,6)-(lr=1.0e-5)-(86-params)",classic_NN_6-6,40
24.0,24,267476,CartPole-v1,"CP-ppo-ac-NN(6,6)-(lr=1.0e-5)-(86-params)",classic_NN_6-6,40
12.0,12,267524,CartPole-v1,"CP-ppo-ac-NN(6,6)-(lr=1.0e-5)-(86-params)",classic_NN_6-6,40
48.0,48,267600,CartPole-v1,"CP-ppo-ac-NN(6,6)-(lr=1.0e-5)-(86-params)",classic_NN_6-6,40
45.0,45,267616,CartPole-v1,"CP-ppo-ac-NN(6,6)-(lr=1.0e-5)-(86-params)",classic_NN_6-6,40
9.0,9,267636,CartPole-v1,"CP-ppo-ac-NN(6,6)-(lr=1.0e-5)-(86-params)",classic_NN_6-6,40
28.0,28,267636,CartPole-v1,"CP-ppo-ac-NN(6,6)-(lr=1.0e-5)-(86-params)",classic_NN_6-6,40
21.0,21,267720,CartPole-v1,"CP-ppo-ac-NN(6,6)-(lr=1.0e-5)-(86-params)",classic_NN_6-6,40
25.0,25,267736,CartPole-v1,"CP-ppo-ac-NN(6,6)-(lr=1.0e-5)-(86-params)",classic_NN_6-6,40
34.0,34,267752,CartPole-v1,"CP-ppo-ac-NN(6,6)-(lr=1.0e-5)-(86-params)",classic_NN_6-6,40
75.0,75,267768,CartPole-v1,"CP-ppo-ac-NN(6,6)-(lr=1.0e-5)-(86-params)",classic_NN_6-6,40
15.0,15,267796,CartPole-v1,"CP-ppo-ac-NN(6,6)-(lr=1.0e-5)-(86-params)",classic_NN_6-6,40
11.0,11,267796,CartPole-v1,"CP-ppo-ac-NN(6,6)-(lr=1.0e-5)-(86-params)",classic_NN_6-6,40
31.0,31,267844,CartPole-v1,"CP-ppo-ac-NN(6,6)-(lr=1.0e-5)-(86-params)",classic_NN_6-6,40
18.0,18,267868,CartPole-v1,"CP-ppo-ac-NN(6,6)-(lr=1.0e-5)-(86-params)",classic_NN_6-6,40
43.0,43,267940,CartPole-v1,"CP-ppo-ac-NN(6,6)-(lr=1.0e-5)-(86-params)",classic_NN_6-6,40
33.0,33,267976,CartPole-v1,"CP-ppo-ac-NN(6,6)-(lr=1.0e-5)-(86-params)",classic_NN_6-6,40
46.0,46,267980,CartPole-v1,"CP-ppo-ac-NN(6,6)-(lr=1.0e-5)-(86-params)",classic_NN_6-6,40
26.0,26,268084,CartPole-v1,"CP-ppo-ac-NN(6,6)-(lr=1.0e-5)-(86-params)",classic_NN_6-6,40
73.0,73,268160,CartPole-v1,"CP-ppo-ac-NN(6,6)-(lr=1.0e-5)-(86-params)",classic_NN_6-6,40
51.0,51,268180,CartPole-v1,"CP-ppo-ac-NN(6,6)-(lr=1.0e-5)-(86-params)",classic_NN_6-6,40
60.0,60,268180,CartPole-v1,"CP-ppo-ac-NN(6,6)-(lr=1.0e-5)-(86-params)",classic_NN_6-6,40
29.0,29,268296,CartPole-v1,"CP-ppo-ac-NN(6,6)-(lr=1.0e-5)-(86-params)",classic_NN_6-6,40
54.0,54,268300,CartPole-v1,"CP-ppo-ac-NN(6,6)-(lr=1.0e-5)-(86-params)",classic_NN_6-6,40
38.0,38,268312,CartPole-v1,"CP-ppo-ac-NN(6,6)-(lr=1.0e-5)-(86-params)",classic_NN_6-6,40
12.0,12,268348,CartPole-v1,"CP-ppo-ac-NN(6,6)-(lr=1.0e-5)-(86-params)",classic_NN_6-6,40
54.0,54,268396,CartPole-v1,"CP-ppo-ac-NN(6,6)-(lr=1.0e-5)-(86-params)",classic_NN_6-6,40
28.0,28,268424,CartPole-v1,"CP-ppo-ac-NN(6,6)-(lr=1.0e-5)-(86-params)",classic_NN_6-6,40
44.0,44,268472,CartPole-v1,"CP-ppo-ac-NN(6,6)-(lr=1.0e-5)-(86-params)",classic_NN_6-6,40
28.0,28,268536,CartPole-v1,"CP-ppo-ac-NN(6,6)-(lr=1.0e-5)-(86-params)",classic_NN_6-6,40
48.0,48,268540,CartPole-v1,"CP-ppo-ac-NN(6,6)-(lr=1.0e-5)-(86-params)",classic_NN_6-6,40
20.0,20,268552,CartPole-v1,"CP-ppo-ac-NN(6,6)-(lr=1.0e-5)-(86-params)",classic_NN_6-6,40
24.0,24,268632,CartPole-v1,"CP-ppo-ac-NN(6,6)-(lr=1.0e-5)-(86-params)",classic_NN_6-6,40
61.0,61,268640,CartPole-v1,"CP-ppo-ac-NN(6,6)-(lr=1.0e-5)-(86-params)",classic_NN_6-6,40
27.0,27,268648,CartPole-v1,"CP-ppo-ac-NN(6,6)-(lr=1.0e-5)-(86-params)",classic_NN_6-6,40
24.0,24,268648,CartPole-v1,"CP-ppo-ac-NN(6,6)-(lr=1.0e-5)-(86-params)",classic_NN_6-6,40
17.0,17,268716,CartPole-v1,"CP-ppo-ac-NN(6,6)-(lr=1.0e-5)-(86-params)",classic_NN_6-6,40
23.0,23,268732,CartPole-v1,"CP-ppo-ac-NN(6,6)-(lr=1.0e-5)-(86-params)",classic_NN_6-6,40
32.0,32,268760,CartPole-v1,"CP-ppo-ac-NN(6,6)-(lr=1.0e-5)-(86-params)",classic_NN_6-6,40
15.0,15,268792,CartPole-v1,"CP-ppo-ac-NN(6,6)-(lr=1.0e-5)-(86-params)",classic_NN_6-6,40
19.0,19,268868,CartPole-v1,"CP-ppo-ac-NN(6,6)-(lr=1.0e-5)-(86-params)",classic_NN_6-6,40
30.0,30,268880,CartPole-v1,"CP-ppo-ac-NN(6,6)-(lr=1.0e-5)-(86-params)",classic_NN_6-6,40
44.0,44,268892,CartPole-v1,"CP-ppo-ac-NN(6,6)-(lr=1.0e-5)-(86-params)",classic_NN_6-6,40
63.0,63,268900,CartPole-v1,"CP-ppo-ac-NN(6,6)-(lr=1.0e-5)-(86-params)",classic_NN_6-6,40
15.0,15,268928,CartPole-v1,"CP-ppo-ac-NN(6,6)-(lr=1.0e-5)-(86-params)",classic_NN_6-6,40
17.0,17,268948,CartPole-v1,"CP-ppo-ac-NN(6,6)-(lr=1.0e-5)-(86-params)",classic_NN_6-6,40
20.0,20,268972,CartPole-v1,"CP-ppo-ac-NN(6,6)-(lr=1.0e-5)-(86-params)",classic_NN_6-6,40
28.0,28,269012,CartPole-v1,"CP-ppo-ac-NN(6,6)-(lr=1.0e-5)-(86-params)",classic_NN_6-6,40
31.0,31,269052,CartPole-v1,"CP-ppo-ac-NN(6,6)-(lr=1.0e-5)-(86-params)",classic_NN_6-6,40
14.0,14,269068,CartPole-v1,"CP-ppo-ac-NN(6,6)-(lr=1.0e-5)-(86-params)",classic_NN_6-6,40
31.0,31,269096,CartPole-v1,"CP-ppo-ac-NN(6,6)-(lr=1.0e-5)-(86-params)",classic_NN_6-6,40
42.0,42,269116,CartPole-v1,"CP-ppo-ac-NN(6,6)-(lr=1.0e-5)-(86-params)",classic_NN_6-6,40
18.0,18,269168,CartPole-v1,"CP-ppo-ac-NN(6,6)-(lr=1.0e-5)-(86-params)",classic_NN_6-6,40
30.0,30,269172,CartPole-v1,"CP-ppo-ac-NN(6,6)-(lr=1.0e-5)-(86-params)",classic_NN_6-6,40
19.0,19,269192,CartPole-v1,"CP-ppo-ac-NN(6,6)-(lr=1.0e-5)-(86-params)",classic_NN_6-6,40
13.0,13,269224,CartPole-v1,"CP-ppo-ac-NN(6,6)-(lr=1.0e-5)-(86-params)",classic_NN_6-6,40
44.0,44,269244,CartPole-v1,"CP-ppo-ac-NN(6,6)-(lr=1.0e-5)-(86-params)",classic_NN_6-6,40
20.0,20,269272,CartPole-v1,"CP-ppo-ac-NN(6,6)-(lr=1.0e-5)-(86-params)",classic_NN_6-6,40
36.0,36,269312,CartPole-v1,"CP-ppo-ac-NN(6,6)-(lr=1.0e-5)-(86-params)",classic_NN_6-6,40
17.0,17,269312,CartPole-v1,"CP-ppo-ac-NN(6,6)-(lr=1.0e-5)-(86-params)",classic_NN_6-6,40
15.0,15,269332,CartPole-v1,"CP-ppo-ac-NN(6,6)-(lr=1.0e-5)-(86-params)",classic_NN_6-6,40
15.0,15,269372,CartPole-v1,"CP-ppo-ac-NN(6,6)-(lr=1.0e-5)-(86-params)",classic_NN_6-6,40
16.0,16,269376,CartPole-v1,"CP-ppo-ac-NN(6,6)-(lr=1.0e-5)-(86-params)",classic_NN_6-6,40
17.0,17,269400,CartPole-v1,"CP-ppo-ac-NN(6,6)-(lr=1.0e-5)-(86-params)",classic_NN_6-6,40
10.0,10,269440,CartPole-v1,"CP-ppo-ac-NN(6,6)-(lr=1.0e-5)-(86-params)",classic_NN_6-6,40
17.0,17,269444,CartPole-v1,"CP-ppo-ac-NN(6,6)-(lr=1.0e-5)-(86-params)",classic_NN_6-6,40
62.0,62,269472,CartPole-v1,"CP-ppo-ac-NN(6,6)-(lr=1.0e-5)-(86-params)",classic_NN_6-6,40
28.0,28,269484,CartPole-v1,"CP-ppo-ac-NN(6,6)-(lr=1.0e-5)-(86-params)",classic_NN_6-6,40
16.0,16,269504,CartPole-v1,"CP-ppo-ac-NN(6,6)-(lr=1.0e-5)-(86-params)",classic_NN_6-6,40
11.0,11,269516,CartPole-v1,"CP-ppo-ac-NN(6,6)-(lr=1.0e-5)-(86-params)",classic_NN_6-6,40
11.0,11,269560,CartPole-v1,"CP-ppo-ac-NN(6,6)-(lr=1.0e-5)-(86-params)",classic_NN_6-6,40
21.0,21,269568,CartPole-v1,"CP-ppo-ac-NN(6,6)-(lr=1.0e-5)-(86-params)",classic_NN_6-6,40
24.0,24,269600,CartPole-v1,"CP-ppo-ac-NN(6,6)-(lr=1.0e-5)-(86-params)",classic_NN_6-6,40
11.0,11,269644,CartPole-v1,"CP-ppo-ac-NN(6,6)-(lr=1.0e-5)-(86-params)",classic_NN_6-6,40
31.0,31,269692,CartPole-v1,"CP-ppo-ac-NN(6,6)-(lr=1.0e-5)-(86-params)",classic_NN_6-6,40
64.0,64,269700,CartPole-v1,"CP-ppo-ac-NN(6,6)-(lr=1.0e-5)-(86-params)",classic_NN_6-6,40
19.0,19,269720,CartPole-v1,"CP-ppo-ac-NN(6,6)-(lr=1.0e-5)-(86-params)",classic_NN_6-6,40
12.0,12,269748,CartPole-v1,"CP-ppo-ac-NN(6,6)-(lr=1.0e-5)-(86-params)",classic_NN_6-6,40
19.0,19,269768,CartPole-v1,"CP-ppo-ac-NN(6,6)-(lr=1.0e-5)-(86-params)",classic_NN_6-6,40
54.0,54,269776,CartPole-v1,"CP-ppo-ac-NN(6,6)-(lr=1.0e-5)-(86-params)",classic_NN_6-6,40
20.0,20,269800,CartPole-v1,"CP-ppo-ac-NN(6,6)-(lr=1.0e-5)-(86-params)",classic_NN_6-6,40
14.0,14,269804,CartPole-v1,"CP-ppo-ac-NN(6,6)-(lr=1.0e-5)-(86-params)",classic_NN_6-6,40
11.0,11,269848,CartPole-v1,"CP-ppo-ac-NN(6,6)-(lr=1.0e-5)-(86-params)",classic_NN_6-6,40
31.0,31,269900,CartPole-v1,"CP-ppo-ac-NN(6,6)-(lr=1.0e-5)-(86-params)",classic_NN_6-6,40
46.0,46,269952,CartPole-v1,"CP-ppo-ac-NN(6,6)-(lr=1.0e-5)-(86-params)",classic_NN_6-6,40
42.0,42,269968,CartPole-v1,"CP-ppo-ac-NN(6,6)-(lr=1.0e-5)-(86-params)",classic_NN_6-6,40
20.0,20,270032,CartPole-v1,"CP-ppo-ac-NN(6,6)-(lr=1.0e-5)-(86-params)",classic_NN_6-6,40
49.0,49,270096,CartPole-v1,"CP-ppo-ac-NN(6,6)-(lr=1.0e-5)-(86-params)",classic_NN_6-6,40
27.0,27,270140,CartPole-v1,"CP-ppo-ac-NN(6,6)-(lr=1.0e-5)-(86-params)",classic_NN_6-6,40
74.0,74,270144,CartPole-v1,"CP-ppo-ac-NN(6,6)-(lr=1.0e-5)-(86-params)",classic_NN_6-6,40
12.0,12,270192,CartPole-v1,"CP-ppo-ac-NN(6,6)-(lr=1.0e-5)-(86-params)",classic_NN_6-6,40
26.0,26,270244,CartPole-v1,"CP-ppo-ac-NN(6,6)-(lr=1.0e-5)-(86-params)",classic_NN_6-6,40
72.0,72,270256,CartPole-v1,"CP-ppo-ac-NN(6,6)-(lr=1.0e-5)-(86-params)",classic_NN_6-6,40
15.0,15,270304,CartPole-v1,"CP-ppo-ac-NN(6,6)-(lr=1.0e-5)-(86-params)",classic_NN_6-6,40
56.0,56,270320,CartPole-v1,"CP-ppo-ac-NN(6,6)-(lr=1.0e-5)-(86-params)",classic_NN_6-6,40
37.0,37,270340,CartPole-v1,"CP-ppo-ac-NN(6,6)-(lr=1.0e-5)-(86-params)",classic_NN_6-6,40
28.0,28,270368,CartPole-v1,"CP-ppo-ac-NN(6,6)-(lr=1.0e-5)-(86-params)",classic_NN_6-6,40
10.0,10,270380,CartPole-v1,"CP-ppo-ac-NN(6,6)-(lr=1.0e-5)-(86-params)",classic_NN_6-6,40
28.0,28,270416,CartPole-v1,"CP-ppo-ac-NN(6,6)-(lr=1.0e-5)-(86-params)",classic_NN_6-6,40
17.0,17,270436,CartPole-v1,"CP-ppo-ac-NN(6,6)-(lr=1.0e-5)-(86-params)",classic_NN_6-6,40
21.0,21,270464,CartPole-v1,"CP-ppo-ac-NN(6,6)-(lr=1.0e-5)-(86-params)",classic_NN_6-6,40
17.0,17,270484,CartPole-v1,"CP-ppo-ac-NN(6,6)-(lr=1.0e-5)-(86-params)",classic_NN_6-6,40
17.0,17,270532,CartPole-v1,"CP-ppo-ac-NN(6,6)-(lr=1.0e-5)-(86-params)",classic_NN_6-6,40
12.0,12,270532,CartPole-v1,"CP-ppo-ac-NN(6,6)-(lr=1.0e-5)-(86-params)",classic_NN_6-6,40
29.0,29,270552,CartPole-v1,"CP-ppo-ac-NN(6,6)-(lr=1.0e-5)-(86-params)",classic_NN_6-6,40
19.0,19,270608,CartPole-v1,"CP-ppo-ac-NN(6,6)-(lr=1.0e-5)-(86-params)",classic_NN_6-6,40
76.0,76,270624,CartPole-v1,"CP-ppo-ac-NN(6,6)-(lr=1.0e-5)-(86-params)",classic_NN_6-6,40
30.0,30,270672,CartPole-v1,"CP-ppo-ac-NN(6,6)-(lr=1.0e-5)-(86-params)",classic_NN_6-6,40
36.0,36,270676,CartPole-v1,"CP-ppo-ac-NN(6,6)-(lr=1.0e-5)-(86-params)",classic_NN_6-6,40
20.0,20,270688,CartPole-v1,"CP-ppo-ac-NN(6,6)-(lr=1.0e-5)-(86-params)",classic_NN_6-6,40
22.0,22,270760,CartPole-v1,"CP-ppo-ac-NN(6,6)-(lr=1.0e-5)-(86-params)",classic_NN_6-6,40
36.0,36,270768,CartPole-v1,"CP-ppo-ac-NN(6,6)-(lr=1.0e-5)-(86-params)",classic_NN_6-6,40
27.0,27,270784,CartPole-v1,"CP-ppo-ac-NN(6,6)-(lr=1.0e-5)-(86-params)",classic_NN_6-6,40
30.0,30,270808,CartPole-v1,"CP-ppo-ac-NN(6,6)-(lr=1.0e-5)-(86-params)",classic_NN_6-6,40
30.0,30,270880,CartPole-v1,"CP-ppo-ac-NN(6,6)-(lr=1.0e-5)-(86-params)",classic_NN_6-6,40
36.0,36,270928,CartPole-v1,"CP-ppo-ac-NN(6,6)-(lr=1.0e-5)-(86-params)",classic_NN_6-6,40
19.0,19,270956,CartPole-v1,"CP-ppo-ac-NN(6,6)-(lr=1.0e-5)-(86-params)",classic_NN_6-6,40
14.0,14,270984,CartPole-v1,"CP-ppo-ac-NN(6,6)-(lr=1.0e-5)-(86-params)",classic_NN_6-6,40
15.0,15,271016,CartPole-v1,"CP-ppo-ac-NN(6,6)-(lr=1.0e-5)-(86-params)",classic_NN_6-6,40
74.0,74,271064,CartPole-v1,"CP-ppo-ac-NN(6,6)-(lr=1.0e-5)-(86-params)",classic_NN_6-6,40
40.0,40,271176,CartPole-v1,"CP-ppo-ac-NN(6,6)-(lr=1.0e-5)-(86-params)",classic_NN_6-6,40
99.0,99,271204,CartPole-v1,"CP-ppo-ac-NN(6,6)-(lr=1.0e-5)-(86-params)",classic_NN_6-6,40
57.0,57,271212,CartPole-v1,"CP-ppo-ac-NN(6,6)-(lr=1.0e-5)-(86-params)",classic_NN_6-6,40
44.0,44,271240,CartPole-v1,"CP-ppo-ac-NN(6,6)-(lr=1.0e-5)-(86-params)",classic_NN_6-6,40
39.0,39,271332,CartPole-v1,"CP-ppo-ac-NN(6,6)-(lr=1.0e-5)-(86-params)",classic_NN_6-6,40
14.0,14,271388,CartPole-v1,"CP-ppo-ac-NN(6,6)-(lr=1.0e-5)-(86-params)",classic_NN_6-6,40
56.0,56,271436,CartPole-v1,"CP-ppo-ac-NN(6,6)-(lr=1.0e-5)-(86-params)",classic_NN_6-6,40
50.0,50,271440,CartPole-v1,"CP-ppo-ac-NN(6,6)-(lr=1.0e-5)-(86-params)",classic_NN_6-6,40
60.0,60,271444,CartPole-v1,"CP-ppo-ac-NN(6,6)-(lr=1.0e-5)-(86-params)",classic_NN_6-6,40
25.0,25,271488,CartPole-v1,"CP-ppo-ac-NN(6,6)-(lr=1.0e-5)-(86-params)",classic_NN_6-6,40
16.0,16,271500,CartPole-v1,"CP-ppo-ac-NN(6,6)-(lr=1.0e-5)-(86-params)",classic_NN_6-6,40
18.0,18,271516,CartPole-v1,"CP-ppo-ac-NN(6,6)-(lr=1.0e-5)-(86-params)",classic_NN_6-6,40
27.0,27,271548,CartPole-v1,"CP-ppo-ac-NN(6,6)-(lr=1.0e-5)-(86-params)",classic_NN_6-6,40
19.0,19,271592,CartPole-v1,"CP-ppo-ac-NN(6,6)-(lr=1.0e-5)-(86-params)",classic_NN_6-6,40
27.0,27,271596,CartPole-v1,"CP-ppo-ac-NN(6,6)-(lr=1.0e-5)-(86-params)",classic_NN_6-6,40
32.0,32,271628,CartPole-v1,"CP-ppo-ac-NN(6,6)-(lr=1.0e-5)-(86-params)",classic_NN_6-6,40
29.0,29,271664,CartPole-v1,"CP-ppo-ac-NN(6,6)-(lr=1.0e-5)-(86-params)",classic_NN_6-6,40
21.0,21,271712,CartPole-v1,"CP-ppo-ac-NN(6,6)-(lr=1.0e-5)-(86-params)",classic_NN_6-6,40
14.0,14,271720,CartPole-v1,"CP-ppo-ac-NN(6,6)-(lr=1.0e-5)-(86-params)",classic_NN_6-6,40
39.0,39,271748,CartPole-v1,"CP-ppo-ac-NN(6,6)-(lr=1.0e-5)-(86-params)",classic_NN_6-6,40
52.0,52,271804,CartPole-v1,"CP-ppo-ac-NN(6,6)-(lr=1.0e-5)-(86-params)",classic_NN_6-6,40
22.0,22,271808,CartPole-v1,"CP-ppo-ac-NN(6,6)-(lr=1.0e-5)-(86-params)",classic_NN_6-6,40
31.0,31,271836,CartPole-v1,"CP-ppo-ac-NN(6,6)-(lr=1.0e-5)-(86-params)",classic_NN_6-6,40
18.0,18,271876,CartPole-v1,"CP-ppo-ac-NN(6,6)-(lr=1.0e-5)-(86-params)",classic_NN_6-6,40
36.0,36,271892,CartPole-v1,"CP-ppo-ac-NN(6,6)-(lr=1.0e-5)-(86-params)",classic_NN_6-6,40
15.0,15,271896,CartPole-v1,"CP-ppo-ac-NN(6,6)-(lr=1.0e-5)-(86-params)",classic_NN_6-6,40
36.0,36,271952,CartPole-v1,"CP-ppo-ac-NN(6,6)-(lr=1.0e-5)-(86-params)",classic_NN_6-6,40
18.0,18,271964,CartPole-v1,"CP-ppo-ac-NN(6,6)-(lr=1.0e-5)-(86-params)",classic_NN_6-6,40
41.0,41,272040,CartPole-v1,"CP-ppo-ac-NN(6,6)-(lr=1.0e-5)-(86-params)",classic_NN_6-6,40
36.0,36,272040,CartPole-v1,"CP-ppo-ac-NN(6,6)-(lr=1.0e-5)-(86-params)",classic_NN_6-6,40
34.0,34,272100,CartPole-v1,"CP-ppo-ac-NN(6,6)-(lr=1.0e-5)-(86-params)",classic_NN_6-6,40
20.0,20,272120,CartPole-v1,"CP-ppo-ac-NN(6,6)-(lr=1.0e-5)-(86-params)",classic_NN_6-6,40
10.0,10,272140,CartPole-v1,"CP-ppo-ac-NN(6,6)-(lr=1.0e-5)-(86-params)",classic_NN_6-6,40
48.0,48,272144,CartPole-v1,"CP-ppo-ac-NN(6,6)-(lr=1.0e-5)-(86-params)",classic_NN_6-6,40
24.0,24,272216,CartPole-v1,"CP-ppo-ac-NN(6,6)-(lr=1.0e-5)-(86-params)",classic_NN_6-6,40
28.0,28,272252,CartPole-v1,"CP-ppo-ac-NN(6,6)-(lr=1.0e-5)-(86-params)",classic_NN_6-6,40
27.0,27,272252,CartPole-v1,"CP-ppo-ac-NN(6,6)-(lr=1.0e-5)-(86-params)",classic_NN_6-6,40
28.0,28,272328,CartPole-v1,"CP-ppo-ac-NN(6,6)-(lr=1.0e-5)-(86-params)",classic_NN_6-6,40
23.0,23,272344,CartPole-v1,"CP-ppo-ac-NN(6,6)-(lr=1.0e-5)-(86-params)",classic_NN_6-6,40
31.0,31,272376,CartPole-v1,"CP-ppo-ac-NN(6,6)-(lr=1.0e-5)-(86-params)",classic_NN_6-6,40
89.0,89,272396,CartPole-v1,"CP-ppo-ac-NN(6,6)-(lr=1.0e-5)-(86-params)",classic_NN_6-6,40
21.0,21,272412,CartPole-v1,"CP-ppo-ac-NN(6,6)-(lr=1.0e-5)-(86-params)",classic_NN_6-6,40
27.0,27,272504,CartPole-v1,"CP-ppo-ac-NN(6,6)-(lr=1.0e-5)-(86-params)",classic_NN_6-6,40
39.0,39,272532,CartPole-v1,"CP-ppo-ac-NN(6,6)-(lr=1.0e-5)-(86-params)",classic_NN_6-6,40
39.0,39,272568,CartPole-v1,"CP-ppo-ac-NN(6,6)-(lr=1.0e-5)-(86-params)",classic_NN_6-6,40
16.0,16,272568,CartPole-v1,"CP-ppo-ac-NN(6,6)-(lr=1.0e-5)-(86-params)",classic_NN_6-6,40
17.0,17,272600,CartPole-v1,"CP-ppo-ac-NN(6,6)-(lr=1.0e-5)-(86-params)",classic_NN_6-6,40
20.0,20,272648,CartPole-v1,"CP-ppo-ac-NN(6,6)-(lr=1.0e-5)-(86-params)",classic_NN_6-6,40
77.0,77,272652,CartPole-v1,"CP-ppo-ac-NN(6,6)-(lr=1.0e-5)-(86-params)",classic_NN_6-6,40
30.0,30,272720,CartPole-v1,"CP-ppo-ac-NN(6,6)-(lr=1.0e-5)-(86-params)",classic_NN_6-6,40
23.0,23,272740,CartPole-v1,"CP-ppo-ac-NN(6,6)-(lr=1.0e-5)-(86-params)",classic_NN_6-6,40
18.0,18,272792,CartPole-v1,"CP-ppo-ac-NN(6,6)-(lr=1.0e-5)-(86-params)",classic_NN_6-6,40
17.0,17,272808,CartPole-v1,"CP-ppo-ac-NN(6,6)-(lr=1.0e-5)-(86-params)",classic_NN_6-6,40
48.0,48,272844,CartPole-v1,"CP-ppo-ac-NN(6,6)-(lr=1.0e-5)-(86-params)",classic_NN_6-6,40
72.0,72,272856,CartPole-v1,"CP-ppo-ac-NN(6,6)-(lr=1.0e-5)-(86-params)",classic_NN_6-6,40
20.0,20,272872,CartPole-v1,"CP-ppo-ac-NN(6,6)-(lr=1.0e-5)-(86-params)",classic_NN_6-6,40
34.0,34,272944,CartPole-v1,"CP-ppo-ac-NN(6,6)-(lr=1.0e-5)-(86-params)",classic_NN_6-6,40
32.0,32,273000,CartPole-v1,"CP-ppo-ac-NN(6,6)-(lr=1.0e-5)-(86-params)",classic_NN_6-6,40
45.0,45,273024,CartPole-v1,"CP-ppo-ac-NN(6,6)-(lr=1.0e-5)-(86-params)",classic_NN_6-6,40
44.0,44,273032,CartPole-v1,"CP-ppo-ac-NN(6,6)-(lr=1.0e-5)-(86-params)",classic_NN_6-6,40
11.0,11,273044,CartPole-v1,"CP-ppo-ac-NN(6,6)-(lr=1.0e-5)-(86-params)",classic_NN_6-6,40
13.0,13,273084,CartPole-v1,"CP-ppo-ac-NN(6,6)-(lr=1.0e-5)-(86-params)",classic_NN_6-6,40
42.0,42,273112,CartPole-v1,"CP-ppo-ac-NN(6,6)-(lr=1.0e-5)-(86-params)",classic_NN_6-6,40
27.0,27,273132,CartPole-v1,"CP-ppo-ac-NN(6,6)-(lr=1.0e-5)-(86-params)",classic_NN_6-6,40
19.0,19,273160,CartPole-v1,"CP-ppo-ac-NN(6,6)-(lr=1.0e-5)-(86-params)",classic_NN_6-6,40
18.0,18,273184,CartPole-v1,"CP-ppo-ac-NN(6,6)-(lr=1.0e-5)-(86-params)",classic_NN_6-6,40
22.0,22,273220,CartPole-v1,"CP-ppo-ac-NN(6,6)-(lr=1.0e-5)-(86-params)",classic_NN_6-6,40
19.0,19,273236,CartPole-v1,"CP-ppo-ac-NN(6,6)-(lr=1.0e-5)-(86-params)",classic_NN_6-6,40
16.0,16,273248,CartPole-v1,"CP-ppo-ac-NN(6,6)-(lr=1.0e-5)-(86-params)",classic_NN_6-6,40
62.0,62,273292,CartPole-v1,"CP-ppo-ac-NN(6,6)-(lr=1.0e-5)-(86-params)",classic_NN_6-6,40
22.0,22,273324,CartPole-v1,"CP-ppo-ac-NN(6,6)-(lr=1.0e-5)-(86-params)",classic_NN_6-6,40
20.0,20,273404,CartPole-v1,"CP-ppo-ac-NN(6,6)-(lr=1.0e-5)-(86-params)",classic_NN_6-6,40
34.0,34,273428,CartPole-v1,"CP-ppo-ac-NN(6,6)-(lr=1.0e-5)-(86-params)",classic_NN_6-6,40
53.0,53,273432,CartPole-v1,"CP-ppo-ac-NN(6,6)-(lr=1.0e-5)-(86-params)",classic_NN_6-6,40
14.0,14,273484,CartPole-v1,"CP-ppo-ac-NN(6,6)-(lr=1.0e-5)-(86-params)",classic_NN_6-6,40
60.0,60,273488,CartPole-v1,"CP-ppo-ac-NN(6,6)-(lr=1.0e-5)-(86-params)",classic_NN_6-6,40
29.0,29,273520,CartPole-v1,"CP-ppo-ac-NN(6,6)-(lr=1.0e-5)-(86-params)",classic_NN_6-6,40
25.0,25,273532,CartPole-v1,"CP-ppo-ac-NN(6,6)-(lr=1.0e-5)-(86-params)",classic_NN_6-6,40
16.0,16,273548,CartPole-v1,"CP-ppo-ac-NN(6,6)-(lr=1.0e-5)-(86-params)",classic_NN_6-6,40
26.0,26,273592,CartPole-v1,"CP-ppo-ac-NN(6,6)-(lr=1.0e-5)-(86-params)",classic_NN_6-6,40
17.0,17,273600,CartPole-v1,"CP-ppo-ac-NN(6,6)-(lr=1.0e-5)-(86-params)",classic_NN_6-6,40
31.0,31,273672,CartPole-v1,"CP-ppo-ac-NN(6,6)-(lr=1.0e-5)-(86-params)",classic_NN_6-6,40
19.0,19,273676,CartPole-v1,"CP-ppo-ac-NN(6,6)-(lr=1.0e-5)-(86-params)",classic_NN_6-6,40
41.0,41,273684,CartPole-v1,"CP-ppo-ac-NN(6,6)-(lr=1.0e-5)-(86-params)",classic_NN_6-6,40
12.0,12,273720,CartPole-v1,"CP-ppo-ac-NN(6,6)-(lr=1.0e-5)-(86-params)",classic_NN_6-6,40
26.0,26,273788,CartPole-v1,"CP-ppo-ac-NN(6,6)-(lr=1.0e-5)-(86-params)",classic_NN_6-6,40
60.0,60,273832,CartPole-v1,"CP-ppo-ac-NN(6,6)-(lr=1.0e-5)-(86-params)",classic_NN_6-6,40
12.0,12,273880,CartPole-v1,"CP-ppo-ac-NN(6,6)-(lr=1.0e-5)-(86-params)",classic_NN_6-6,40
51.0,51,273924,CartPole-v1,"CP-ppo-ac-NN(6,6)-(lr=1.0e-5)-(86-params)",classic_NN_6-6,40
35.0,35,273928,CartPole-v1,"CP-ppo-ac-NN(6,6)-(lr=1.0e-5)-(86-params)",classic_NN_6-6,40
70.0,70,273956,CartPole-v1,"CP-ppo-ac-NN(6,6)-(lr=1.0e-5)-(86-params)",classic_NN_6-6,40
13.0,13,273980,CartPole-v1,"CP-ppo-ac-NN(6,6)-(lr=1.0e-5)-(86-params)",classic_NN_6-6,40
42.0,42,274048,CartPole-v1,"CP-ppo-ac-NN(6,6)-(lr=1.0e-5)-(86-params)",classic_NN_6-6,40
38.0,38,274108,CartPole-v1,"CP-ppo-ac-NN(6,6)-(lr=1.0e-5)-(86-params)",classic_NN_6-6,40
35.0,35,274120,CartPole-v1,"CP-ppo-ac-NN(6,6)-(lr=1.0e-5)-(86-params)",classic_NN_6-6,40
50.0,50,274124,CartPole-v1,"CP-ppo-ac-NN(6,6)-(lr=1.0e-5)-(86-params)",classic_NN_6-6,40
34.0,34,274184,CartPole-v1,"CP-ppo-ac-NN(6,6)-(lr=1.0e-5)-(86-params)",classic_NN_6-6,40
37.0,37,274272,CartPole-v1,"CP-ppo-ac-NN(6,6)-(lr=1.0e-5)-(86-params)",classic_NN_6-6,40
33.0,33,274316,CartPole-v1,"CP-ppo-ac-NN(6,6)-(lr=1.0e-5)-(86-params)",classic_NN_6-6,40
50.0,50,274320,CartPole-v1,"CP-ppo-ac-NN(6,6)-(lr=1.0e-5)-(86-params)",classic_NN_6-6,40
67.0,67,274376,CartPole-v1,"CP-ppo-ac-NN(6,6)-(lr=1.0e-5)-(86-params)",classic_NN_6-6,40
16.0,16,274384,CartPole-v1,"CP-ppo-ac-NN(6,6)-(lr=1.0e-5)-(86-params)",classic_NN_6-6,40
17.0,17,274384,CartPole-v1,"CP-ppo-ac-NN(6,6)-(lr=1.0e-5)-(86-params)",classic_NN_6-6,40
34.0,34,274408,CartPole-v1,"CP-ppo-ac-NN(6,6)-(lr=1.0e-5)-(86-params)",classic_NN_6-6,40
16.0,16,274440,CartPole-v1,"CP-ppo-ac-NN(6,6)-(lr=1.0e-5)-(86-params)",classic_NN_6-6,40
17.0,17,274476,CartPole-v1,"CP-ppo-ac-NN(6,6)-(lr=1.0e-5)-(86-params)",classic_NN_6-6,40
29.0,29,274500,CartPole-v1,"CP-ppo-ac-NN(6,6)-(lr=1.0e-5)-(86-params)",classic_NN_6-6,40
50.0,50,274584,CartPole-v1,"CP-ppo-ac-NN(6,6)-(lr=1.0e-5)-(86-params)",classic_NN_6-6,40
23.0,23,274592,CartPole-v1,"CP-ppo-ac-NN(6,6)-(lr=1.0e-5)-(86-params)",classic_NN_6-6,40
35.0,35,274616,CartPole-v1,"CP-ppo-ac-NN(6,6)-(lr=1.0e-5)-(86-params)",classic_NN_6-6,40
49.0,49,274636,CartPole-v1,"CP-ppo-ac-NN(6,6)-(lr=1.0e-5)-(86-params)",classic_NN_6-6,40
27.0,27,274692,CartPole-v1,"CP-ppo-ac-NN(6,6)-(lr=1.0e-5)-(86-params)",classic_NN_6-6,40
31.0,31,274716,CartPole-v1,"CP-ppo-ac-NN(6,6)-(lr=1.0e-5)-(86-params)",classic_NN_6-6,40
26.0,26,274720,CartPole-v1,"CP-ppo-ac-NN(6,6)-(lr=1.0e-5)-(86-params)",classic_NN_6-6,40
47.0,47,274824,CartPole-v1,"CP-ppo-ac-NN(6,6)-(lr=1.0e-5)-(86-params)",classic_NN_6-6,40
30.0,30,274836,CartPole-v1,"CP-ppo-ac-NN(6,6)-(lr=1.0e-5)-(86-params)",classic_NN_6-6,40
36.0,36,274836,CartPole-v1,"CP-ppo-ac-NN(6,6)-(lr=1.0e-5)-(86-params)",classic_NN_6-6,40
34.0,34,274856,CartPole-v1,"CP-ppo-ac-NN(6,6)-(lr=1.0e-5)-(86-params)",classic_NN_6-6,40
17.0,17,274892,CartPole-v1,"CP-ppo-ac-NN(6,6)-(lr=1.0e-5)-(86-params)",classic_NN_6-6,40
16.0,16,274900,CartPole-v1,"CP-ppo-ac-NN(6,6)-(lr=1.0e-5)-(86-params)",classic_NN_6-6,40
13.0,13,274908,CartPole-v1,"CP-ppo-ac-NN(6,6)-(lr=1.0e-5)-(86-params)",classic_NN_6-6,40
15.0,15,274968,CartPole-v1,"CP-ppo-ac-NN(6,6)-(lr=1.0e-5)-(86-params)",classic_NN_6-6,40
37.0,37,274984,CartPole-v1,"CP-ppo-ac-NN(6,6)-(lr=1.0e-5)-(86-params)",classic_NN_6-6,40
30.0,30,275020,CartPole-v1,"CP-ppo-ac-NN(6,6)-(lr=1.0e-5)-(86-params)",classic_NN_6-6,40
12.0,12,275032,CartPole-v1,"CP-ppo-ac-NN(6,6)-(lr=1.0e-5)-(86-params)",classic_NN_6-6,40
47.0,47,275080,CartPole-v1,"CP-ppo-ac-NN(6,6)-(lr=1.0e-5)-(86-params)",classic_NN_6-6,40
23.0,23,275124,CartPole-v1,"CP-ppo-ac-NN(6,6)-(lr=1.0e-5)-(86-params)",classic_NN_6-6,40
28.0,28,275132,CartPole-v1,"CP-ppo-ac-NN(6,6)-(lr=1.0e-5)-(86-params)",classic_NN_6-6,40
43.0,43,275140,CartPole-v1,"CP-ppo-ac-NN(6,6)-(lr=1.0e-5)-(86-params)",classic_NN_6-6,40
22.0,22,275220,CartPole-v1,"CP-ppo-ac-NN(6,6)-(lr=1.0e-5)-(86-params)",classic_NN_6-6,40
29.0,29,275256,CartPole-v1,"CP-ppo-ac-NN(6,6)-(lr=1.0e-5)-(86-params)",classic_NN_6-6,40
47.0,47,275268,CartPole-v1,"CP-ppo-ac-NN(6,6)-(lr=1.0e-5)-(86-params)",classic_NN_6-6,40
26.0,26,275324,CartPole-v1,"CP-ppo-ac-NN(6,6)-(lr=1.0e-5)-(86-params)",classic_NN_6-6,40
57.0,57,275352,CartPole-v1,"CP-ppo-ac-NN(6,6)-(lr=1.0e-5)-(86-params)",classic_NN_6-6,40
25.0,25,275356,CartPole-v1,"CP-ppo-ac-NN(6,6)-(lr=1.0e-5)-(86-params)",classic_NN_6-6,40
24.0,24,275420,CartPole-v1,"CP-ppo-ac-NN(6,6)-(lr=1.0e-5)-(86-params)",classic_NN_6-6,40
18.0,18,275424,CartPole-v1,"CP-ppo-ac-NN(6,6)-(lr=1.0e-5)-(86-params)",classic_NN_6-6,40
26.0,26,275460,CartPole-v1,"CP-ppo-ac-NN(6,6)-(lr=1.0e-5)-(86-params)",classic_NN_6-6,40
49.0,49,275464,CartPole-v1,"CP-ppo-ac-NN(6,6)-(lr=1.0e-5)-(86-params)",classic_NN_6-6,40
13.0,13,275472,CartPole-v1,"CP-ppo-ac-NN(6,6)-(lr=1.0e-5)-(86-params)",classic_NN_6-6,40
15.0,15,275520,CartPole-v1,"CP-ppo-ac-NN(6,6)-(lr=1.0e-5)-(86-params)",classic_NN_6-6,40
31.0,31,275596,CartPole-v1,"CP-ppo-ac-NN(6,6)-(lr=1.0e-5)-(86-params)",classic_NN_6-6,40
42.0,42,275632,CartPole-v1,"CP-ppo-ac-NN(6,6)-(lr=1.0e-5)-(86-params)",classic_NN_6-6,40
18.0,18,275668,CartPole-v1,"CP-ppo-ac-NN(6,6)-(lr=1.0e-5)-(86-params)",classic_NN_6-6,40
42.0,42,275688,CartPole-v1,"CP-ppo-ac-NN(6,6)-(lr=1.0e-5)-(86-params)",classic_NN_6-6,40
20.0,20,275712,CartPole-v1,"CP-ppo-ac-NN(6,6)-(lr=1.0e-5)-(86-params)",classic_NN_6-6,40
16.0,16,275732,CartPole-v1,"CP-ppo-ac-NN(6,6)-(lr=1.0e-5)-(86-params)",classic_NN_6-6,40
11.0,11,275732,CartPole-v1,"CP-ppo-ac-NN(6,6)-(lr=1.0e-5)-(86-params)",classic_NN_6-6,40
86.0,86,275768,CartPole-v1,"CP-ppo-ac-NN(6,6)-(lr=1.0e-5)-(86-params)",classic_NN_6-6,40
13.0,13,275784,CartPole-v1,"CP-ppo-ac-NN(6,6)-(lr=1.0e-5)-(86-params)",classic_NN_6-6,40
32.0,32,275840,CartPole-v1,"CP-ppo-ac-NN(6,6)-(lr=1.0e-5)-(86-params)",classic_NN_6-6,40
30.0,30,275852,CartPole-v1,"CP-ppo-ac-NN(6,6)-(lr=1.0e-5)-(86-params)",classic_NN_6-6,40
18.0,18,275856,CartPole-v1,"CP-ppo-ac-NN(6,6)-(lr=1.0e-5)-(86-params)",classic_NN_6-6,40
30.0,30,275888,CartPole-v1,"CP-ppo-ac-NN(6,6)-(lr=1.0e-5)-(86-params)",classic_NN_6-6,40
17.0,17,275920,CartPole-v1,"CP-ppo-ac-NN(6,6)-(lr=1.0e-5)-(86-params)",classic_NN_6-6,40
28.0,28,275952,CartPole-v1,"CP-ppo-ac-NN(6,6)-(lr=1.0e-5)-(86-params)",classic_NN_6-6,40
9.0,9,275956,CartPole-v1,"CP-ppo-ac-NN(6,6)-(lr=1.0e-5)-(86-params)",classic_NN_6-6,40
34.0,34,276088,CartPole-v1,"CP-ppo-ac-NN(6,6)-(lr=1.0e-5)-(86-params)",classic_NN_6-6,40
34.0,34,276092,CartPole-v1,"CP-ppo-ac-NN(6,6)-(lr=1.0e-5)-(86-params)",classic_NN_6-6,40
69.0,69,276164,CartPole-v1,"CP-ppo-ac-NN(6,6)-(lr=1.0e-5)-(86-params)",classic_NN_6-6,40
82.0,82,276184,CartPole-v1,"CP-ppo-ac-NN(6,6)-(lr=1.0e-5)-(86-params)",classic_NN_6-6,40
15.0,15,276224,CartPole-v1,"CP-ppo-ac-NN(6,6)-(lr=1.0e-5)-(86-params)",classic_NN_6-6,40
44.0,44,276268,CartPole-v1,"CP-ppo-ac-NN(6,6)-(lr=1.0e-5)-(86-params)",classic_NN_6-6,40
50.0,50,276288,CartPole-v1,"CP-ppo-ac-NN(6,6)-(lr=1.0e-5)-(86-params)",classic_NN_6-6,40
25.0,25,276324,CartPole-v1,"CP-ppo-ac-NN(6,6)-(lr=1.0e-5)-(86-params)",classic_NN_6-6,40
17.0,17,276336,CartPole-v1,"CP-ppo-ac-NN(6,6)-(lr=1.0e-5)-(86-params)",classic_NN_6-6,40
48.0,48,276376,CartPole-v1,"CP-ppo-ac-NN(6,6)-(lr=1.0e-5)-(86-params)",classic_NN_6-6,40
18.0,18,276408,CartPole-v1,"CP-ppo-ac-NN(6,6)-(lr=1.0e-5)-(86-params)",classic_NN_6-6,40
16.0,16,276440,CartPole-v1,"CP-ppo-ac-NN(6,6)-(lr=1.0e-5)-(86-params)",classic_NN_6-6,40
15.0,15,276468,CartPole-v1,"CP-ppo-ac-NN(6,6)-(lr=1.0e-5)-(86-params)",classic_NN_6-6,40
41.0,41,276488,CartPole-v1,"CP-ppo-ac-NN(6,6)-(lr=1.0e-5)-(86-params)",classic_NN_6-6,40
21.0,21,276552,CartPole-v1,"CP-ppo-ac-NN(6,6)-(lr=1.0e-5)-(86-params)",classic_NN_6-6,40
68.0,68,276560,CartPole-v1,"CP-ppo-ac-NN(6,6)-(lr=1.0e-5)-(86-params)",classic_NN_6-6,40
41.0,41,276604,CartPole-v1,"CP-ppo-ac-NN(6,6)-(lr=1.0e-5)-(86-params)",classic_NN_6-6,40
26.0,26,276656,CartPole-v1,"CP-ppo-ac-NN(6,6)-(lr=1.0e-5)-(86-params)",classic_NN_6-6,40
44.0,44,276664,CartPole-v1,"CP-ppo-ac-NN(6,6)-(lr=1.0e-5)-(86-params)",classic_NN_6-6,40
29.0,29,276676,CartPole-v1,"CP-ppo-ac-NN(6,6)-(lr=1.0e-5)-(86-params)",classic_NN_6-6,40
16.0,16,276728,CartPole-v1,"CP-ppo-ac-NN(6,6)-(lr=1.0e-5)-(86-params)",classic_NN_6-6,40
19.0,19,276732,CartPole-v1,"CP-ppo-ac-NN(6,6)-(lr=1.0e-5)-(86-params)",classic_NN_6-6,40
42.0,42,276772,CartPole-v1,"CP-ppo-ac-NN(6,6)-(lr=1.0e-5)-(86-params)",classic_NN_6-6,40
12.0,12,276776,CartPole-v1,"CP-ppo-ac-NN(6,6)-(lr=1.0e-5)-(86-params)",classic_NN_6-6,40
34.0,34,276812,CartPole-v1,"CP-ppo-ac-NN(6,6)-(lr=1.0e-5)-(86-params)",classic_NN_6-6,40
18.0,18,276844,CartPole-v1,"CP-ppo-ac-NN(6,6)-(lr=1.0e-5)-(86-params)",classic_NN_6-6,40
18.0,18,276848,CartPole-v1,"CP-ppo-ac-NN(6,6)-(lr=1.0e-5)-(86-params)",classic_NN_6-6,40
36.0,36,276876,CartPole-v1,"CP-ppo-ac-NN(6,6)-(lr=1.0e-5)-(86-params)",classic_NN_6-6,40
25.0,25,276944,CartPole-v1,"CP-ppo-ac-NN(6,6)-(lr=1.0e-5)-(86-params)",classic_NN_6-6,40
29.0,29,276992,CartPole-v1,"CP-ppo-ac-NN(6,6)-(lr=1.0e-5)-(86-params)",classic_NN_6-6,40
48.0,48,277004,CartPole-v1,"CP-ppo-ac-NN(6,6)-(lr=1.0e-5)-(86-params)",classic_NN_6-6,40
50.0,50,277144,CartPole-v1,"CP-ppo-ac-NN(6,6)-(lr=1.0e-5)-(86-params)",classic_NN_6-6,40
74.0,74,277144,CartPole-v1,"CP-ppo-ac-NN(6,6)-(lr=1.0e-5)-(86-params)",classic_NN_6-6,40
37.0,37,277152,CartPole-v1,"CP-ppo-ac-NN(6,6)-(lr=1.0e-5)-(86-params)",classic_NN_6-6,40
42.0,42,277160,CartPole-v1,"CP-ppo-ac-NN(6,6)-(lr=1.0e-5)-(86-params)",classic_NN_6-6,40
21.0,21,277228,CartPole-v1,"CP-ppo-ac-NN(6,6)-(lr=1.0e-5)-(86-params)",classic_NN_6-6,40
25.0,25,277260,CartPole-v1,"CP-ppo-ac-NN(6,6)-(lr=1.0e-5)-(86-params)",classic_NN_6-6,40
22.0,22,277316,CartPole-v1,"CP-ppo-ac-NN(6,6)-(lr=1.0e-5)-(86-params)",classic_NN_6-6,40
17.0,17,277328,CartPole-v1,"CP-ppo-ac-NN(6,6)-(lr=1.0e-5)-(86-params)",classic_NN_6-6,40
46.0,46,277328,CartPole-v1,"CP-ppo-ac-NN(6,6)-(lr=1.0e-5)-(86-params)",classic_NN_6-6,40
67.0,67,277420,CartPole-v1,"CP-ppo-ac-NN(6,6)-(lr=1.0e-5)-(86-params)",classic_NN_6-6,40
45.0,45,277508,CartPole-v1,"CP-ppo-ac-NN(6,6)-(lr=1.0e-5)-(86-params)",classic_NN_6-6,40
24.0,24,277516,CartPole-v1,"CP-ppo-ac-NN(6,6)-(lr=1.0e-5)-(86-params)",classic_NN_6-6,40
49.0,49,277524,CartPole-v1,"CP-ppo-ac-NN(6,6)-(lr=1.0e-5)-(86-params)",classic_NN_6-6,40
53.0,53,277528,CartPole-v1,"CP-ppo-ac-NN(6,6)-(lr=1.0e-5)-(86-params)",classic_NN_6-6,40
17.0,17,277592,CartPole-v1,"CP-ppo-ac-NN(6,6)-(lr=1.0e-5)-(86-params)",classic_NN_6-6,40
18.0,18,277600,CartPole-v1,"CP-ppo-ac-NN(6,6)-(lr=1.0e-5)-(86-params)",classic_NN_6-6,40
30.0,30,277636,CartPole-v1,"CP-ppo-ac-NN(6,6)-(lr=1.0e-5)-(86-params)",classic_NN_6-6,40
38.0,38,277660,CartPole-v1,"CP-ppo-ac-NN(6,6)-(lr=1.0e-5)-(86-params)",classic_NN_6-6,40
16.0,16,277664,CartPole-v1,"CP-ppo-ac-NN(6,6)-(lr=1.0e-5)-(86-params)",classic_NN_6-6,40
22.0,22,277680,CartPole-v1,"CP-ppo-ac-NN(6,6)-(lr=1.0e-5)-(86-params)",classic_NN_6-6,40
13.0,13,277688,CartPole-v1,"CP-ppo-ac-NN(6,6)-(lr=1.0e-5)-(86-params)",classic_NN_6-6,40
15.0,15,277724,CartPole-v1,"CP-ppo-ac-NN(6,6)-(lr=1.0e-5)-(86-params)",classic_NN_6-6,40
15.0,15,277748,CartPole-v1,"CP-ppo-ac-NN(6,6)-(lr=1.0e-5)-(86-params)",classic_NN_6-6,40
41.0,41,277824,CartPole-v1,"CP-ppo-ac-NN(6,6)-(lr=1.0e-5)-(86-params)",classic_NN_6-6,40
40.0,40,277840,CartPole-v1,"CP-ppo-ac-NN(6,6)-(lr=1.0e-5)-(86-params)",classic_NN_6-6,40
23.0,23,277840,CartPole-v1,"CP-ppo-ac-NN(6,6)-(lr=1.0e-5)-(86-params)",classic_NN_6-6,40
18.0,18,277912,CartPole-v1,"CP-ppo-ac-NN(6,6)-(lr=1.0e-5)-(86-params)",classic_NN_6-6,40
21.0,21,277924,CartPole-v1,"CP-ppo-ac-NN(6,6)-(lr=1.0e-5)-(86-params)",classic_NN_6-6,40
51.0,51,277928,CartPole-v1,"CP-ppo-ac-NN(6,6)-(lr=1.0e-5)-(86-params)",classic_NN_6-6,40
47.0,47,278012,CartPole-v1,"CP-ppo-ac-NN(6,6)-(lr=1.0e-5)-(86-params)",classic_NN_6-6,40
32.0,32,278052,CartPole-v1,"CP-ppo-ac-NN(6,6)-(lr=1.0e-5)-(86-params)",classic_NN_6-6,40
39.0,39,278084,CartPole-v1,"CP-ppo-ac-NN(6,6)-(lr=1.0e-5)-(86-params)",classic_NN_6-6,40
44.0,44,278088,CartPole-v1,"CP-ppo-ac-NN(6,6)-(lr=1.0e-5)-(86-params)",classic_NN_6-6,40
13.0,13,278104,CartPole-v1,"CP-ppo-ac-NN(6,6)-(lr=1.0e-5)-(86-params)",classic_NN_6-6,40
30.0,30,278132,CartPole-v1,"CP-ppo-ac-NN(6,6)-(lr=1.0e-5)-(86-params)",classic_NN_6-6,40
29.0,29,278200,CartPole-v1,"CP-ppo-ac-NN(6,6)-(lr=1.0e-5)-(86-params)",classic_NN_6-6,40
31.0,31,278228,CartPole-v1,"CP-ppo-ac-NN(6,6)-(lr=1.0e-5)-(86-params)",classic_NN_6-6,40
43.0,43,278260,CartPole-v1,"CP-ppo-ac-NN(6,6)-(lr=1.0e-5)-(86-params)",classic_NN_6-6,40
14.0,14,278316,CartPole-v1,"CP-ppo-ac-NN(6,6)-(lr=1.0e-5)-(86-params)",classic_NN_6-6,40
30.0,30,278320,CartPole-v1,"CP-ppo-ac-NN(6,6)-(lr=1.0e-5)-(86-params)",classic_NN_6-6,40
64.0,64,278388,CartPole-v1,"CP-ppo-ac-NN(6,6)-(lr=1.0e-5)-(86-params)",classic_NN_6-6,40
20.0,20,278396,CartPole-v1,"CP-ppo-ac-NN(6,6)-(lr=1.0e-5)-(86-params)",classic_NN_6-6,40
43.0,43,278400,CartPole-v1,"CP-ppo-ac-NN(6,6)-(lr=1.0e-5)-(86-params)",classic_NN_6-6,40
21.0,21,278404,CartPole-v1,"CP-ppo-ac-NN(6,6)-(lr=1.0e-5)-(86-params)",classic_NN_6-6,40
12.0,12,278444,CartPole-v1,"CP-ppo-ac-NN(6,6)-(lr=1.0e-5)-(86-params)",classic_NN_6-6,40
20.0,20,278468,CartPole-v1,"CP-ppo-ac-NN(6,6)-(lr=1.0e-5)-(86-params)",classic_NN_6-6,40
27.0,27,278512,CartPole-v1,"CP-ppo-ac-NN(6,6)-(lr=1.0e-5)-(86-params)",classic_NN_6-6,40
25.0,25,278544,CartPole-v1,"CP-ppo-ac-NN(6,6)-(lr=1.0e-5)-(86-params)",classic_NN_6-6,40
21.0,21,278552,CartPole-v1,"CP-ppo-ac-NN(6,6)-(lr=1.0e-5)-(86-params)",classic_NN_6-6,40
52.0,52,278608,CartPole-v1,"CP-ppo-ac-NN(6,6)-(lr=1.0e-5)-(86-params)",classic_NN_6-6,40
22.0,22,278632,CartPole-v1,"CP-ppo-ac-NN(6,6)-(lr=1.0e-5)-(86-params)",classic_NN_6-6,40
32.0,32,278640,CartPole-v1,"CP-ppo-ac-NN(6,6)-(lr=1.0e-5)-(86-params)",classic_NN_6-6,40
26.0,26,278656,CartPole-v1,"CP-ppo-ac-NN(6,6)-(lr=1.0e-5)-(86-params)",classic_NN_6-6,40
13.0,13,278692,CartPole-v1,"CP-ppo-ac-NN(6,6)-(lr=1.0e-5)-(86-params)",classic_NN_6-6,40
17.0,17,278700,CartPole-v1,"CP-ppo-ac-NN(6,6)-(lr=1.0e-5)-(86-params)",classic_NN_6-6,40
24.0,24,278704,CartPole-v1,"CP-ppo-ac-NN(6,6)-(lr=1.0e-5)-(86-params)",classic_NN_6-6,40
14.0,14,278748,CartPole-v1,"CP-ppo-ac-NN(6,6)-(lr=1.0e-5)-(86-params)",classic_NN_6-6,40
14.0,14,278756,CartPole-v1,"CP-ppo-ac-NN(6,6)-(lr=1.0e-5)-(86-params)",classic_NN_6-6,40
25.0,25,278804,CartPole-v1,"CP-ppo-ac-NN(6,6)-(lr=1.0e-5)-(86-params)",classic_NN_6-6,40
19.0,19,278832,CartPole-v1,"CP-ppo-ac-NN(6,6)-(lr=1.0e-5)-(86-params)",classic_NN_6-6,40
47.0,47,278844,CartPole-v1,"CP-ppo-ac-NN(6,6)-(lr=1.0e-5)-(86-params)",classic_NN_6-6,40
21.0,21,278888,CartPole-v1,"CP-ppo-ac-NN(6,6)-(lr=1.0e-5)-(86-params)",classic_NN_6-6,40
47.0,47,278936,CartPole-v1,"CP-ppo-ac-NN(6,6)-(lr=1.0e-5)-(86-params)",classic_NN_6-6,40
30.0,30,278964,CartPole-v1,"CP-ppo-ac-NN(6,6)-(lr=1.0e-5)-(86-params)",classic_NN_6-6,40
24.0,24,278984,CartPole-v1,"CP-ppo-ac-NN(6,6)-(lr=1.0e-5)-(86-params)",classic_NN_6-6,40
41.0,41,278996,CartPole-v1,"CP-ppo-ac-NN(6,6)-(lr=1.0e-5)-(86-params)",classic_NN_6-6,40
19.0,19,279040,CartPole-v1,"CP-ppo-ac-NN(6,6)-(lr=1.0e-5)-(86-params)",classic_NN_6-6,40
18.0,18,279056,CartPole-v1,"CP-ppo-ac-NN(6,6)-(lr=1.0e-5)-(86-params)",classic_NN_6-6,40
35.0,35,279076,CartPole-v1,"CP-ppo-ac-NN(6,6)-(lr=1.0e-5)-(86-params)",classic_NN_6-6,40
25.0,25,279096,CartPole-v1,"CP-ppo-ac-NN(6,6)-(lr=1.0e-5)-(86-params)",classic_NN_6-6,40
28.0,28,279152,CartPole-v1,"CP-ppo-ac-NN(6,6)-(lr=1.0e-5)-(86-params)",classic_NN_6-6,40
26.0,26,279200,CartPole-v1,"CP-ppo-ac-NN(6,6)-(lr=1.0e-5)-(86-params)",classic_NN_6-6,40
36.0,36,279200,CartPole-v1,"CP-ppo-ac-NN(6,6)-(lr=1.0e-5)-(86-params)",classic_NN_6-6,40
36.0,36,279220,CartPole-v1,"CP-ppo-ac-NN(6,6)-(lr=1.0e-5)-(86-params)",classic_NN_6-6,40
11.0,11,279244,CartPole-v1,"CP-ppo-ac-NN(6,6)-(lr=1.0e-5)-(86-params)",classic_NN_6-6,40
29.0,29,279268,CartPole-v1,"CP-ppo-ac-NN(6,6)-(lr=1.0e-5)-(86-params)",classic_NN_6-6,40
18.0,18,279272,CartPole-v1,"CP-ppo-ac-NN(6,6)-(lr=1.0e-5)-(86-params)",classic_NN_6-6,40
26.0,26,279348,CartPole-v1,"CP-ppo-ac-NN(6,6)-(lr=1.0e-5)-(86-params)",classic_NN_6-6,40
22.0,22,279356,CartPole-v1,"CP-ppo-ac-NN(6,6)-(lr=1.0e-5)-(86-params)",classic_NN_6-6,40
28.0,28,279384,CartPole-v1,"CP-ppo-ac-NN(6,6)-(lr=1.0e-5)-(86-params)",classic_NN_6-6,40
15.0,15,279416,CartPole-v1,"CP-ppo-ac-NN(6,6)-(lr=1.0e-5)-(86-params)",classic_NN_6-6,40
15.0,15,279444,CartPole-v1,"CP-ppo-ac-NN(6,6)-(lr=1.0e-5)-(86-params)",classic_NN_6-6,40
56.0,56,279444,CartPole-v1,"CP-ppo-ac-NN(6,6)-(lr=1.0e-5)-(86-params)",classic_NN_6-6,40
23.0,23,279536,CartPole-v1,"CP-ppo-ac-NN(6,6)-(lr=1.0e-5)-(86-params)",classic_NN_6-6,40
24.0,24,279540,CartPole-v1,"CP-ppo-ac-NN(6,6)-(lr=1.0e-5)-(86-params)",classic_NN_6-6,40
31.0,31,279540,CartPole-v1,"CP-ppo-ac-NN(6,6)-(lr=1.0e-5)-(86-params)",classic_NN_6-6,40
57.0,57,279576,CartPole-v1,"CP-ppo-ac-NN(6,6)-(lr=1.0e-5)-(86-params)",classic_NN_6-6,40
19.0,19,279652,CartPole-v1,"CP-ppo-ac-NN(6,6)-(lr=1.0e-5)-(86-params)",classic_NN_6-6,40
30.0,30,279656,CartPole-v1,"CP-ppo-ac-NN(6,6)-(lr=1.0e-5)-(86-params)",classic_NN_6-6,40
29.0,29,279656,CartPole-v1,"CP-ppo-ac-NN(6,6)-(lr=1.0e-5)-(86-params)",classic_NN_6-6,40
30.0,30,279660,CartPole-v1,"CP-ppo-ac-NN(6,6)-(lr=1.0e-5)-(86-params)",classic_NN_6-6,40
21.0,21,279740,CartPole-v1,"CP-ppo-ac-NN(6,6)-(lr=1.0e-5)-(86-params)",classic_NN_6-6,40
23.0,23,279752,CartPole-v1,"CP-ppo-ac-NN(6,6)-(lr=1.0e-5)-(86-params)",classic_NN_6-6,40
29.0,29,279768,CartPole-v1,"CP-ppo-ac-NN(6,6)-(lr=1.0e-5)-(86-params)",classic_NN_6-6,40
20.0,20,279820,CartPole-v1,"CP-ppo-ac-NN(6,6)-(lr=1.0e-5)-(86-params)",classic_NN_6-6,40
21.0,21,279836,CartPole-v1,"CP-ppo-ac-NN(6,6)-(lr=1.0e-5)-(86-params)",classic_NN_6-6,40
54.0,54,279872,CartPole-v1,"CP-ppo-ac-NN(6,6)-(lr=1.0e-5)-(86-params)",classic_NN_6-6,40
19.0,19,279948,CartPole-v1,"CP-ppo-ac-NN(6,6)-(lr=1.0e-5)-(86-params)",classic_NN_6-6,40
32.0,32,279964,CartPole-v1,"CP-ppo-ac-NN(6,6)-(lr=1.0e-5)-(86-params)",classic_NN_6-6,40
39.0,39,279976,CartPole-v1,"CP-ppo-ac-NN(6,6)-(lr=1.0e-5)-(86-params)",classic_NN_6-6,40
53.0,53,279980,CartPole-v1,"CP-ppo-ac-NN(6,6)-(lr=1.0e-5)-(86-params)",classic_NN_6-6,40
10.0,10,280016,CartPole-v1,"CP-ppo-ac-NN(6,6)-(lr=1.0e-5)-(86-params)",classic_NN_6-6,40
18.0,18,280020,CartPole-v1,"CP-ppo-ac-NN(6,6)-(lr=1.0e-5)-(86-params)",classic_NN_6-6,40
12.0,12,280068,CartPole-v1,"CP-ppo-ac-NN(6,6)-(lr=1.0e-5)-(86-params)",classic_NN_6-6,40
27.0,27,280088,CartPole-v1,"CP-ppo-ac-NN(6,6)-(lr=1.0e-5)-(86-params)",classic_NN_6-6,40
36.0,36,280108,CartPole-v1,"CP-ppo-ac-NN(6,6)-(lr=1.0e-5)-(86-params)",classic_NN_6-6,40
37.0,37,280164,CartPole-v1,"CP-ppo-ac-NN(6,6)-(lr=1.0e-5)-(86-params)",classic_NN_6-6,40
23.0,23,280180,CartPole-v1,"CP-ppo-ac-NN(6,6)-(lr=1.0e-5)-(86-params)",classic_NN_6-6,40
31.0,31,280192,CartPole-v1,"CP-ppo-ac-NN(6,6)-(lr=1.0e-5)-(86-params)",classic_NN_6-6,40
23.0,23,280200,CartPole-v1,"CP-ppo-ac-NN(6,6)-(lr=1.0e-5)-(86-params)",classic_NN_6-6,40
13.0,13,280216,CartPole-v1,"CP-ppo-ac-NN(6,6)-(lr=1.0e-5)-(86-params)",classic_NN_6-6,40
12.0,12,280248,CartPole-v1,"CP-ppo-ac-NN(6,6)-(lr=1.0e-5)-(86-params)",classic_NN_6-6,40
21.0,21,280276,CartPole-v1,"CP-ppo-ac-NN(6,6)-(lr=1.0e-5)-(86-params)",classic_NN_6-6,40
20.0,20,280296,CartPole-v1,"CP-ppo-ac-NN(6,6)-(lr=1.0e-5)-(86-params)",classic_NN_6-6,40
24.0,24,280344,CartPole-v1,"CP-ppo-ac-NN(6,6)-(lr=1.0e-5)-(86-params)",classic_NN_6-6,40
20.0,20,280356,CartPole-v1,"CP-ppo-ac-NN(6,6)-(lr=1.0e-5)-(86-params)",classic_NN_6-6,40
25.0,25,280396,CartPole-v1,"CP-ppo-ac-NN(6,6)-(lr=1.0e-5)-(86-params)",classic_NN_6-6,40
18.0,18,280428,CartPole-v1,"CP-ppo-ac-NN(6,6)-(lr=1.0e-5)-(86-params)",classic_NN_6-6,40
14.0,14,280452,CartPole-v1,"CP-ppo-ac-NN(6,6)-(lr=1.0e-5)-(86-params)",classic_NN_6-6,40
76.0,76,280484,CartPole-v1,"CP-ppo-ac-NN(6,6)-(lr=1.0e-5)-(86-params)",classic_NN_6-6,40
37.0,37,280492,CartPole-v1,"CP-ppo-ac-NN(6,6)-(lr=1.0e-5)-(86-params)",classic_NN_6-6,40
17.0,17,280496,CartPole-v1,"CP-ppo-ac-NN(6,6)-(lr=1.0e-5)-(86-params)",classic_NN_6-6,40
14.0,14,280508,CartPole-v1,"CP-ppo-ac-NN(6,6)-(lr=1.0e-5)-(86-params)",classic_NN_6-6,40
19.0,19,280568,CartPole-v1,"CP-ppo-ac-NN(6,6)-(lr=1.0e-5)-(86-params)",classic_NN_6-6,40
20.0,20,280576,CartPole-v1,"CP-ppo-ac-NN(6,6)-(lr=1.0e-5)-(86-params)",classic_NN_6-6,40
21.0,21,280592,CartPole-v1,"CP-ppo-ac-NN(6,6)-(lr=1.0e-5)-(86-params)",classic_NN_6-6,40
11.0,11,280636,CartPole-v1,"CP-ppo-ac-NN(6,6)-(lr=1.0e-5)-(86-params)",classic_NN_6-6,40
51.0,51,280688,CartPole-v1,"CP-ppo-ac-NN(6,6)-(lr=1.0e-5)-(86-params)",classic_NN_6-6,40
39.0,39,280724,CartPole-v1,"CP-ppo-ac-NN(6,6)-(lr=1.0e-5)-(86-params)",classic_NN_6-6,40
38.0,38,280728,CartPole-v1,"CP-ppo-ac-NN(6,6)-(lr=1.0e-5)-(86-params)",classic_NN_6-6,40
38.0,38,280840,CartPole-v1,"CP-ppo-ac-NN(6,6)-(lr=1.0e-5)-(86-params)",classic_NN_6-6,40
57.0,57,280864,CartPole-v1,"CP-ppo-ac-NN(6,6)-(lr=1.0e-5)-(86-params)",classic_NN_6-6,40
40.0,40,280888,CartPole-v1,"CP-ppo-ac-NN(6,6)-(lr=1.0e-5)-(86-params)",classic_NN_6-6,40
19.0,19,280940,CartPole-v1,"CP-ppo-ac-NN(6,6)-(lr=1.0e-5)-(86-params)",classic_NN_6-6,40
26.0,26,280944,CartPole-v1,"CP-ppo-ac-NN(6,6)-(lr=1.0e-5)-(86-params)",classic_NN_6-6,40
60.0,60,280964,CartPole-v1,"CP-ppo-ac-NN(6,6)-(lr=1.0e-5)-(86-params)",classic_NN_6-6,40
21.0,21,280972,CartPole-v1,"CP-ppo-ac-NN(6,6)-(lr=1.0e-5)-(86-params)",classic_NN_6-6,40
16.0,16,281028,CartPole-v1,"CP-ppo-ac-NN(6,6)-(lr=1.0e-5)-(86-params)",classic_NN_6-6,40
17.0,17,281040,CartPole-v1,"CP-ppo-ac-NN(6,6)-(lr=1.0e-5)-(86-params)",classic_NN_6-6,40
31.0,31,281064,CartPole-v1,"CP-ppo-ac-NN(6,6)-(lr=1.0e-5)-(86-params)",classic_NN_6-6,40
14.0,14,281084,CartPole-v1,"CP-ppo-ac-NN(6,6)-(lr=1.0e-5)-(86-params)",classic_NN_6-6,40
37.0,37,281092,CartPole-v1,"CP-ppo-ac-NN(6,6)-(lr=1.0e-5)-(86-params)",classic_NN_6-6,40
14.0,14,281120,CartPole-v1,"CP-ppo-ac-NN(6,6)-(lr=1.0e-5)-(86-params)",classic_NN_6-6,40
23.0,23,281132,CartPole-v1,"CP-ppo-ac-NN(6,6)-(lr=1.0e-5)-(86-params)",classic_NN_6-6,40
10.0,10,281172,CartPole-v1,"CP-ppo-ac-NN(6,6)-(lr=1.0e-5)-(86-params)",classic_NN_6-6,40
30.0,30,281204,CartPole-v1,"CP-ppo-ac-NN(6,6)-(lr=1.0e-5)-(86-params)",classic_NN_6-6,40
25.0,25,281220,CartPole-v1,"CP-ppo-ac-NN(6,6)-(lr=1.0e-5)-(86-params)",classic_NN_6-6,40
46.0,46,281276,CartPole-v1,"CP-ppo-ac-NN(6,6)-(lr=1.0e-5)-(86-params)",classic_NN_6-6,40
17.0,17,281344,CartPole-v1,"CP-ppo-ac-NN(6,6)-(lr=1.0e-5)-(86-params)",classic_NN_6-6,40
38.0,38,281372,CartPole-v1,"CP-ppo-ac-NN(6,6)-(lr=1.0e-5)-(86-params)",classic_NN_6-6,40
51.0,51,281376,CartPole-v1,"CP-ppo-ac-NN(6,6)-(lr=1.0e-5)-(86-params)",classic_NN_6-6,40
20.0,20,281424,CartPole-v1,"CP-ppo-ac-NN(6,6)-(lr=1.0e-5)-(86-params)",classic_NN_6-6,40
57.0,57,281432,CartPole-v1,"CP-ppo-ac-NN(6,6)-(lr=1.0e-5)-(86-params)",classic_NN_6-6,40
17.0,17,281444,CartPole-v1,"CP-ppo-ac-NN(6,6)-(lr=1.0e-5)-(86-params)",classic_NN_6-6,40
21.0,21,281508,CartPole-v1,"CP-ppo-ac-NN(6,6)-(lr=1.0e-5)-(86-params)",classic_NN_6-6,40
21.0,21,281516,CartPole-v1,"CP-ppo-ac-NN(6,6)-(lr=1.0e-5)-(86-params)",classic_NN_6-6,40
41.0,41,281536,CartPole-v1,"CP-ppo-ac-NN(6,6)-(lr=1.0e-5)-(86-params)",classic_NN_6-6,40
10.0,10,281556,CartPole-v1,"CP-ppo-ac-NN(6,6)-(lr=1.0e-5)-(86-params)",classic_NN_6-6,40
18.0,18,281608,CartPole-v1,"CP-ppo-ac-NN(6,6)-(lr=1.0e-5)-(86-params)",classic_NN_6-6,40
29.0,29,281624,CartPole-v1,"CP-ppo-ac-NN(6,6)-(lr=1.0e-5)-(86-params)",classic_NN_6-6,40
31.0,31,281680,CartPole-v1,"CP-ppo-ac-NN(6,6)-(lr=1.0e-5)-(86-params)",classic_NN_6-6,40
19.0,19,281700,CartPole-v1,"CP-ppo-ac-NN(6,6)-(lr=1.0e-5)-(86-params)",classic_NN_6-6,40
31.0,31,281732,CartPole-v1,"CP-ppo-ac-NN(6,6)-(lr=1.0e-5)-(86-params)",classic_NN_6-6,40
20.0,20,281780,CartPole-v1,"CP-ppo-ac-NN(6,6)-(lr=1.0e-5)-(86-params)",classic_NN_6-6,40
33.0,33,281812,CartPole-v1,"CP-ppo-ac-NN(6,6)-(lr=1.0e-5)-(86-params)",classic_NN_6-6,40
111.0,111,281888,CartPole-v1,"CP-ppo-ac-NN(6,6)-(lr=1.0e-5)-(86-params)",classic_NN_6-6,40
38.0,38,281932,CartPole-v1,"CP-ppo-ac-NN(6,6)-(lr=1.0e-5)-(86-params)",classic_NN_6-6,40
34.0,34,281948,CartPole-v1,"CP-ppo-ac-NN(6,6)-(lr=1.0e-5)-(86-params)",classic_NN_6-6,40
61.0,61,281976,CartPole-v1,"CP-ppo-ac-NN(6,6)-(lr=1.0e-5)-(86-params)",classic_NN_6-6,40
24.0,24,281984,CartPole-v1,"CP-ppo-ac-NN(6,6)-(lr=1.0e-5)-(86-params)",classic_NN_6-6,40
19.0,19,282024,CartPole-v1,"CP-ppo-ac-NN(6,6)-(lr=1.0e-5)-(86-params)",classic_NN_6-6,40
35.0,35,282116,CartPole-v1,"CP-ppo-ac-NN(6,6)-(lr=1.0e-5)-(86-params)",classic_NN_6-6,40
33.0,33,282116,CartPole-v1,"CP-ppo-ac-NN(6,6)-(lr=1.0e-5)-(86-params)",classic_NN_6-6,40
53.0,53,282144,CartPole-v1,"CP-ppo-ac-NN(6,6)-(lr=1.0e-5)-(86-params)",classic_NN_6-6,40
18.0,18,282188,CartPole-v1,"CP-ppo-ac-NN(6,6)-(lr=1.0e-5)-(86-params)",classic_NN_6-6,40
22.0,22,282204,CartPole-v1,"CP-ppo-ac-NN(6,6)-(lr=1.0e-5)-(86-params)",classic_NN_6-6,40
51.0,51,282228,CartPole-v1,"CP-ppo-ac-NN(6,6)-(lr=1.0e-5)-(86-params)",classic_NN_6-6,40
41.0,41,282308,CartPole-v1,"CP-ppo-ac-NN(6,6)-(lr=1.0e-5)-(86-params)",classic_NN_6-6,40
39.0,39,282360,CartPole-v1,"CP-ppo-ac-NN(6,6)-(lr=1.0e-5)-(86-params)",classic_NN_6-6,40
36.0,36,282372,CartPole-v1,"CP-ppo-ac-NN(6,6)-(lr=1.0e-5)-(86-params)",classic_NN_6-6,40
61.0,61,282432,CartPole-v1,"CP-ppo-ac-NN(6,6)-(lr=1.0e-5)-(86-params)",classic_NN_6-6,40
34.0,34,282508,CartPole-v1,"CP-ppo-ac-NN(6,6)-(lr=1.0e-5)-(86-params)",classic_NN_6-6,40
12.0,12,282556,CartPole-v1,"CP-ppo-ac-NN(6,6)-(lr=1.0e-5)-(86-params)",classic_NN_6-6,40
50.0,50,282560,CartPole-v1,"CP-ppo-ac-NN(6,6)-(lr=1.0e-5)-(86-params)",classic_NN_6-6,40
64.0,64,282564,CartPole-v1,"CP-ppo-ac-NN(6,6)-(lr=1.0e-5)-(86-params)",classic_NN_6-6,40
18.0,18,282636,CartPole-v1,"CP-ppo-ac-NN(6,6)-(lr=1.0e-5)-(86-params)",classic_NN_6-6,40
57.0,57,282660,CartPole-v1,"CP-ppo-ac-NN(6,6)-(lr=1.0e-5)-(86-params)",classic_NN_6-6,40
39.0,39,282712,CartPole-v1,"CP-ppo-ac-NN(6,6)-(lr=1.0e-5)-(86-params)",classic_NN_6-6,40
38.0,38,282712,CartPole-v1,"CP-ppo-ac-NN(6,6)-(lr=1.0e-5)-(86-params)",classic_NN_6-6,40
24.0,24,282732,CartPole-v1,"CP-ppo-ac-NN(6,6)-(lr=1.0e-5)-(86-params)",classic_NN_6-6,40
14.0,14,282768,CartPole-v1,"CP-ppo-ac-NN(6,6)-(lr=1.0e-5)-(86-params)",classic_NN_6-6,40
22.0,22,282800,CartPole-v1,"CP-ppo-ac-NN(6,6)-(lr=1.0e-5)-(86-params)",classic_NN_6-6,40
34.0,34,282868,CartPole-v1,"CP-ppo-ac-NN(6,6)-(lr=1.0e-5)-(86-params)",classic_NN_6-6,40
28.0,28,282880,CartPole-v1,"CP-ppo-ac-NN(6,6)-(lr=1.0e-5)-(86-params)",classic_NN_6-6,40
61.0,61,282904,CartPole-v1,"CP-ppo-ac-NN(6,6)-(lr=1.0e-5)-(86-params)",classic_NN_6-6,40
30.0,30,282920,CartPole-v1,"CP-ppo-ac-NN(6,6)-(lr=1.0e-5)-(86-params)",classic_NN_6-6,40
28.0,28,282980,CartPole-v1,"CP-ppo-ac-NN(6,6)-(lr=1.0e-5)-(86-params)",classic_NN_6-6,40
26.0,26,283008,CartPole-v1,"CP-ppo-ac-NN(6,6)-(lr=1.0e-5)-(86-params)",classic_NN_6-6,40
32.0,32,283048,CartPole-v1,"CP-ppo-ac-NN(6,6)-(lr=1.0e-5)-(86-params)",classic_NN_6-6,40
45.0,45,283060,CartPole-v1,"CP-ppo-ac-NN(6,6)-(lr=1.0e-5)-(86-params)",classic_NN_6-6,40
26.0,26,283112,CartPole-v1,"CP-ppo-ac-NN(6,6)-(lr=1.0e-5)-(86-params)",classic_NN_6-6,40
37.0,37,283128,CartPole-v1,"CP-ppo-ac-NN(6,6)-(lr=1.0e-5)-(86-params)",classic_NN_6-6,40
23.0,23,283140,CartPole-v1,"CP-ppo-ac-NN(6,6)-(lr=1.0e-5)-(86-params)",classic_NN_6-6,40
18.0,18,283184,CartPole-v1,"CP-ppo-ac-NN(6,6)-(lr=1.0e-5)-(86-params)",classic_NN_6-6,40
17.0,17,283208,CartPole-v1,"CP-ppo-ac-NN(6,6)-(lr=1.0e-5)-(86-params)",classic_NN_6-6,40
40.0,40,283368,CartPole-v1,"CP-ppo-ac-NN(6,6)-(lr=1.0e-5)-(86-params)",classic_NN_6-6,40
78.0,78,283372,CartPole-v1,"CP-ppo-ac-NN(6,6)-(lr=1.0e-5)-(86-params)",classic_NN_6-6,40
12.0,12,283416,CartPole-v1,"CP-ppo-ac-NN(6,6)-(lr=1.0e-5)-(86-params)",classic_NN_6-6,40
12.0,12,283420,CartPole-v1,"CP-ppo-ac-NN(6,6)-(lr=1.0e-5)-(86-params)",classic_NN_6-6,40
73.0,73,283420,CartPole-v1,"CP-ppo-ac-NN(6,6)-(lr=1.0e-5)-(86-params)",classic_NN_6-6,40
19.0,19,283492,CartPole-v1,"CP-ppo-ac-NN(6,6)-(lr=1.0e-5)-(86-params)",classic_NN_6-6,40
13.0,13,283544,CartPole-v1,"CP-ppo-ac-NN(6,6)-(lr=1.0e-5)-(86-params)",classic_NN_6-6,40
33.0,33,283552,CartPole-v1,"CP-ppo-ac-NN(6,6)-(lr=1.0e-5)-(86-params)",classic_NN_6-6,40
34.0,34,283556,CartPole-v1,"CP-ppo-ac-NN(6,6)-(lr=1.0e-5)-(86-params)",classic_NN_6-6,40
94.0,94,283560,CartPole-v1,"CP-ppo-ac-NN(6,6)-(lr=1.0e-5)-(86-params)",classic_NN_6-6,40
37.0,37,283708,CartPole-v1,"CP-ppo-ac-NN(6,6)-(lr=1.0e-5)-(86-params)",classic_NN_6-6,40
39.0,39,283712,CartPole-v1,"CP-ppo-ac-NN(6,6)-(lr=1.0e-5)-(86-params)",classic_NN_6-6,40
44.0,44,283728,CartPole-v1,"CP-ppo-ac-NN(6,6)-(lr=1.0e-5)-(86-params)",classic_NN_6-6,40
18.0,18,283784,CartPole-v1,"CP-ppo-ac-NN(6,6)-(lr=1.0e-5)-(86-params)",classic_NN_6-6,40
61.0,61,283788,CartPole-v1,"CP-ppo-ac-NN(6,6)-(lr=1.0e-5)-(86-params)",classic_NN_6-6,40
23.0,23,283820,CartPole-v1,"CP-ppo-ac-NN(6,6)-(lr=1.0e-5)-(86-params)",classic_NN_6-6,40
23.0,23,283876,CartPole-v1,"CP-ppo-ac-NN(6,6)-(lr=1.0e-5)-(86-params)",classic_NN_6-6,40
24.0,24,283884,CartPole-v1,"CP-ppo-ac-NN(6,6)-(lr=1.0e-5)-(86-params)",classic_NN_6-6,40
46.0,46,283892,CartPole-v1,"CP-ppo-ac-NN(6,6)-(lr=1.0e-5)-(86-params)",classic_NN_6-6,40
14.0,14,283948,CartPole-v1,"CP-ppo-ac-NN(6,6)-(lr=1.0e-5)-(86-params)",classic_NN_6-6,40
35.0,35,283960,CartPole-v1,"CP-ppo-ac-NN(6,6)-(lr=1.0e-5)-(86-params)",classic_NN_6-6,40
29.0,29,283992,CartPole-v1,"CP-ppo-ac-NN(6,6)-(lr=1.0e-5)-(86-params)",classic_NN_6-6,40
19.0,19,284024,CartPole-v1,"CP-ppo-ac-NN(6,6)-(lr=1.0e-5)-(86-params)",classic_NN_6-6,40
49.0,49,284080,CartPole-v1,"CP-ppo-ac-NN(6,6)-(lr=1.0e-5)-(86-params)",classic_NN_6-6,40
38.0,38,284112,CartPole-v1,"CP-ppo-ac-NN(6,6)-(lr=1.0e-5)-(86-params)",classic_NN_6-6,40
35.0,35,284132,CartPole-v1,"CP-ppo-ac-NN(6,6)-(lr=1.0e-5)-(86-params)",classic_NN_6-6,40
19.0,19,284156,CartPole-v1,"CP-ppo-ac-NN(6,6)-(lr=1.0e-5)-(86-params)",classic_NN_6-6,40
25.0,25,284212,CartPole-v1,"CP-ppo-ac-NN(6,6)-(lr=1.0e-5)-(86-params)",classic_NN_6-6,40
31.0,31,284256,CartPole-v1,"CP-ppo-ac-NN(6,6)-(lr=1.0e-5)-(86-params)",classic_NN_6-6,40
25.0,25,284356,CartPole-v1,"CP-ppo-ac-NN(6,6)-(lr=1.0e-5)-(86-params)",classic_NN_6-6,40
50.0,50,284412,CartPole-v1,"CP-ppo-ac-NN(6,6)-(lr=1.0e-5)-(86-params)",classic_NN_6-6,40
71.0,71,284440,CartPole-v1,"CP-ppo-ac-NN(6,6)-(lr=1.0e-5)-(86-params)",classic_NN_6-6,40
109.0,109,284460,CartPole-v1,"CP-ppo-ac-NN(6,6)-(lr=1.0e-5)-(86-params)",classic_NN_6-6,40
30.0,30,284476,CartPole-v1,"CP-ppo-ac-NN(6,6)-(lr=1.0e-5)-(86-params)",classic_NN_6-6,40
45.0,45,284592,CartPole-v1,"CP-ppo-ac-NN(6,6)-(lr=1.0e-5)-(86-params)",classic_NN_6-6,40
41.0,41,284624,CartPole-v1,"CP-ppo-ac-NN(6,6)-(lr=1.0e-5)-(86-params)",classic_NN_6-6,40
39.0,39,284632,CartPole-v1,"CP-ppo-ac-NN(6,6)-(lr=1.0e-5)-(86-params)",classic_NN_6-6,40
19.0,19,284668,CartPole-v1,"CP-ppo-ac-NN(6,6)-(lr=1.0e-5)-(86-params)",classic_NN_6-6,40
20.0,20,284712,CartPole-v1,"CP-ppo-ac-NN(6,6)-(lr=1.0e-5)-(86-params)",classic_NN_6-6,40
77.0,77,284748,CartPole-v1,"CP-ppo-ac-NN(6,6)-(lr=1.0e-5)-(86-params)",classic_NN_6-6,40
37.0,37,284816,CartPole-v1,"CP-ppo-ac-NN(6,6)-(lr=1.0e-5)-(86-params)",classic_NN_6-6,40
63.0,63,284876,CartPole-v1,"CP-ppo-ac-NN(6,6)-(lr=1.0e-5)-(86-params)",classic_NN_6-6,40
19.0,19,284892,CartPole-v1,"CP-ppo-ac-NN(6,6)-(lr=1.0e-5)-(86-params)",classic_NN_6-6,40
40.0,40,284908,CartPole-v1,"CP-ppo-ac-NN(6,6)-(lr=1.0e-5)-(86-params)",classic_NN_6-6,40
57.0,57,284940,CartPole-v1,"CP-ppo-ac-NN(6,6)-(lr=1.0e-5)-(86-params)",classic_NN_6-6,40
22.0,22,284996,CartPole-v1,"CP-ppo-ac-NN(6,6)-(lr=1.0e-5)-(86-params)",classic_NN_6-6,40
35.0,35,285032,CartPole-v1,"CP-ppo-ac-NN(6,6)-(lr=1.0e-5)-(86-params)",classic_NN_6-6,40
24.0,24,285036,CartPole-v1,"CP-ppo-ac-NN(6,6)-(lr=1.0e-5)-(86-params)",classic_NN_6-6,40
15.0,15,285056,CartPole-v1,"CP-ppo-ac-NN(6,6)-(lr=1.0e-5)-(86-params)",classic_NN_6-6,40
51.0,51,285080,CartPole-v1,"CP-ppo-ac-NN(6,6)-(lr=1.0e-5)-(86-params)",classic_NN_6-6,40
18.0,18,285108,CartPole-v1,"CP-ppo-ac-NN(6,6)-(lr=1.0e-5)-(86-params)",classic_NN_6-6,40
15.0,15,285140,CartPole-v1,"CP-ppo-ac-NN(6,6)-(lr=1.0e-5)-(86-params)",classic_NN_6-6,40
10.0,10,285148,CartPole-v1,"CP-ppo-ac-NN(6,6)-(lr=1.0e-5)-(86-params)",classic_NN_6-6,40
17.0,17,285208,CartPole-v1,"CP-ppo-ac-NN(6,6)-(lr=1.0e-5)-(86-params)",classic_NN_6-6,40
16.0,16,285212,CartPole-v1,"CP-ppo-ac-NN(6,6)-(lr=1.0e-5)-(86-params)",classic_NN_6-6,40
22.0,22,285296,CartPole-v1,"CP-ppo-ac-NN(6,6)-(lr=1.0e-5)-(86-params)",classic_NN_6-6,40
22.0,22,285300,CartPole-v1,"CP-ppo-ac-NN(6,6)-(lr=1.0e-5)-(86-params)",classic_NN_6-6,40
64.0,64,285312,CartPole-v1,"CP-ppo-ac-NN(6,6)-(lr=1.0e-5)-(86-params)",classic_NN_6-6,40
21.0,21,285384,CartPole-v1,"CP-ppo-ac-NN(6,6)-(lr=1.0e-5)-(86-params)",classic_NN_6-6,40
32.0,32,285424,CartPole-v1,"CP-ppo-ac-NN(6,6)-(lr=1.0e-5)-(86-params)",classic_NN_6-6,40
104.0,104,285448,CartPole-v1,"CP-ppo-ac-NN(6,6)-(lr=1.0e-5)-(86-params)",classic_NN_6-6,40
19.0,19,285460,CartPole-v1,"CP-ppo-ac-NN(6,6)-(lr=1.0e-5)-(86-params)",classic_NN_6-6,40
48.0,48,285504,CartPole-v1,"CP-ppo-ac-NN(6,6)-(lr=1.0e-5)-(86-params)",classic_NN_6-6,40
27.0,27,285532,CartPole-v1,"CP-ppo-ac-NN(6,6)-(lr=1.0e-5)-(86-params)",classic_NN_6-6,40
22.0,22,285592,CartPole-v1,"CP-ppo-ac-NN(6,6)-(lr=1.0e-5)-(86-params)",classic_NN_6-6,40
35.0,35,285600,CartPole-v1,"CP-ppo-ac-NN(6,6)-(lr=1.0e-5)-(86-params)",classic_NN_6-6,40
47.0,47,285636,CartPole-v1,"CP-ppo-ac-NN(6,6)-(lr=1.0e-5)-(86-params)",classic_NN_6-6,40
26.0,26,285636,CartPole-v1,"CP-ppo-ac-NN(6,6)-(lr=1.0e-5)-(86-params)",classic_NN_6-6,40
21.0,21,285684,CartPole-v1,"CP-ppo-ac-NN(6,6)-(lr=1.0e-5)-(86-params)",classic_NN_6-6,40
30.0,30,285712,CartPole-v1,"CP-ppo-ac-NN(6,6)-(lr=1.0e-5)-(86-params)",classic_NN_6-6,40
12.0,12,285732,CartPole-v1,"CP-ppo-ac-NN(6,6)-(lr=1.0e-5)-(86-params)",classic_NN_6-6,40
17.0,17,285800,CartPole-v1,"CP-ppo-ac-NN(6,6)-(lr=1.0e-5)-(86-params)",classic_NN_6-6,40
25.0,25,285812,CartPole-v1,"CP-ppo-ac-NN(6,6)-(lr=1.0e-5)-(86-params)",classic_NN_6-6,40
44.0,44,285812,CartPole-v1,"CP-ppo-ac-NN(6,6)-(lr=1.0e-5)-(86-params)",classic_NN_6-6,40
14.0,14,285868,CartPole-v1,"CP-ppo-ac-NN(6,6)-(lr=1.0e-5)-(86-params)",classic_NN_6-6,40
19.0,19,285888,CartPole-v1,"CP-ppo-ac-NN(6,6)-(lr=1.0e-5)-(86-params)",classic_NN_6-6,40
25.0,25,285968,CartPole-v1,"CP-ppo-ac-NN(6,6)-(lr=1.0e-5)-(86-params)",classic_NN_6-6,40
93.0,93,286008,CartPole-v1,"CP-ppo-ac-NN(6,6)-(lr=1.0e-5)-(86-params)",classic_NN_6-6,40
18.0,18,286080,CartPole-v1,"CP-ppo-ac-NN(6,6)-(lr=1.0e-5)-(86-params)",classic_NN_6-6,40
74.0,74,286096,CartPole-v1,"CP-ppo-ac-NN(6,6)-(lr=1.0e-5)-(86-params)",classic_NN_6-6,40
44.0,44,286144,CartPole-v1,"CP-ppo-ac-NN(6,6)-(lr=1.0e-5)-(86-params)",classic_NN_6-6,40
68.0,68,286160,CartPole-v1,"CP-ppo-ac-NN(6,6)-(lr=1.0e-5)-(86-params)",classic_NN_6-6,40
22.0,22,286232,CartPole-v1,"CP-ppo-ac-NN(6,6)-(lr=1.0e-5)-(86-params)",classic_NN_6-6,40
38.0,38,286232,CartPole-v1,"CP-ppo-ac-NN(6,6)-(lr=1.0e-5)-(86-params)",classic_NN_6-6,40
35.0,35,286236,CartPole-v1,"CP-ppo-ac-NN(6,6)-(lr=1.0e-5)-(86-params)",classic_NN_6-6,40
26.0,26,286264,CartPole-v1,"CP-ppo-ac-NN(6,6)-(lr=1.0e-5)-(86-params)",classic_NN_6-6,40
14.0,14,286288,CartPole-v1,"CP-ppo-ac-NN(6,6)-(lr=1.0e-5)-(86-params)",classic_NN_6-6,40
35.0,35,286376,CartPole-v1,"CP-ppo-ac-NN(6,6)-(lr=1.0e-5)-(86-params)",classic_NN_6-6,40
36.0,36,286376,CartPole-v1,"CP-ppo-ac-NN(6,6)-(lr=1.0e-5)-(86-params)",classic_NN_6-6,40
10.0,10,286416,CartPole-v1,"CP-ppo-ac-NN(6,6)-(lr=1.0e-5)-(86-params)",classic_NN_6-6,40
36.0,36,286432,CartPole-v1,"CP-ppo-ac-NN(6,6)-(lr=1.0e-5)-(86-params)",classic_NN_6-6,40
55.0,55,286484,CartPole-v1,"CP-ppo-ac-NN(6,6)-(lr=1.0e-5)-(86-params)",classic_NN_6-6,40
35.0,35,286516,CartPole-v1,"CP-ppo-ac-NN(6,6)-(lr=1.0e-5)-(86-params)",classic_NN_6-6,40
31.0,31,286540,CartPole-v1,"CP-ppo-ac-NN(6,6)-(lr=1.0e-5)-(86-params)",classic_NN_6-6,40
23.0,23,286608,CartPole-v1,"CP-ppo-ac-NN(6,6)-(lr=1.0e-5)-(86-params)",classic_NN_6-6,40
21.0,21,286624,CartPole-v1,"CP-ppo-ac-NN(6,6)-(lr=1.0e-5)-(86-params)",classic_NN_6-6,40
53.0,53,286644,CartPole-v1,"CP-ppo-ac-NN(6,6)-(lr=1.0e-5)-(86-params)",classic_NN_6-6,40
46.0,46,286668,CartPole-v1,"CP-ppo-ac-NN(6,6)-(lr=1.0e-5)-(86-params)",classic_NN_6-6,40
10.0,10,286684,CartPole-v1,"CP-ppo-ac-NN(6,6)-(lr=1.0e-5)-(86-params)",classic_NN_6-6,40
33.0,33,286740,CartPole-v1,"CP-ppo-ac-NN(6,6)-(lr=1.0e-5)-(86-params)",classic_NN_6-6,40
29.0,29,286740,CartPole-v1,"CP-ppo-ac-NN(6,6)-(lr=1.0e-5)-(86-params)",classic_NN_6-6,40
19.0,19,286760,CartPole-v1,"CP-ppo-ac-NN(6,6)-(lr=1.0e-5)-(86-params)",classic_NN_6-6,40
13.0,13,286812,CartPole-v1,"CP-ppo-ac-NN(6,6)-(lr=1.0e-5)-(86-params)",classic_NN_6-6,40
40.0,40,286828,CartPole-v1,"CP-ppo-ac-NN(6,6)-(lr=1.0e-5)-(86-params)",classic_NN_6-6,40
23.0,23,286832,CartPole-v1,"CP-ppo-ac-NN(6,6)-(lr=1.0e-5)-(86-params)",classic_NN_6-6,40
19.0,19,286904,CartPole-v1,"CP-ppo-ac-NN(6,6)-(lr=1.0e-5)-(86-params)",classic_NN_6-6,40
24.0,24,286908,CartPole-v1,"CP-ppo-ac-NN(6,6)-(lr=1.0e-5)-(86-params)",classic_NN_6-6,40
27.0,27,286940,CartPole-v1,"CP-ppo-ac-NN(6,6)-(lr=1.0e-5)-(86-params)",classic_NN_6-6,40
21.0,21,286988,CartPole-v1,"CP-ppo-ac-NN(6,6)-(lr=1.0e-5)-(86-params)",classic_NN_6-6,40
14.0,14,286996,CartPole-v1,"CP-ppo-ac-NN(6,6)-(lr=1.0e-5)-(86-params)",classic_NN_6-6,40
10.0,10,287036,CartPole-v1,"CP-ppo-ac-NN(6,6)-(lr=1.0e-5)-(86-params)",classic_NN_6-6,40
80.0,80,287060,CartPole-v1,"CP-ppo-ac-NN(6,6)-(lr=1.0e-5)-(86-params)",classic_NN_6-6,40
11.0,11,287080,CartPole-v1,"CP-ppo-ac-NN(6,6)-(lr=1.0e-5)-(86-params)",classic_NN_6-6,40
46.0,46,287092,CartPole-v1,"CP-ppo-ac-NN(6,6)-(lr=1.0e-5)-(86-params)",classic_NN_6-6,40
12.0,12,287128,CartPole-v1,"CP-ppo-ac-NN(6,6)-(lr=1.0e-5)-(86-params)",classic_NN_6-6,40
20.0,20,287208,CartPole-v1,"CP-ppo-ac-NN(6,6)-(lr=1.0e-5)-(86-params)",classic_NN_6-6,40
48.0,48,287252,CartPole-v1,"CP-ppo-ac-NN(6,6)-(lr=1.0e-5)-(86-params)",classic_NN_6-6,40
17.0,17,287276,CartPole-v1,"CP-ppo-ac-NN(6,6)-(lr=1.0e-5)-(86-params)",classic_NN_6-6,40
76.0,76,287292,CartPole-v1,"CP-ppo-ac-NN(6,6)-(lr=1.0e-5)-(86-params)",classic_NN_6-6,40
18.0,18,287324,CartPole-v1,"CP-ppo-ac-NN(6,6)-(lr=1.0e-5)-(86-params)",classic_NN_6-6,40
24.0,24,287372,CartPole-v1,"CP-ppo-ac-NN(6,6)-(lr=1.0e-5)-(86-params)",classic_NN_6-6,40
90.0,90,287452,CartPole-v1,"CP-ppo-ac-NN(6,6)-(lr=1.0e-5)-(86-params)",classic_NN_6-6,40
44.0,44,287468,CartPole-v1,"CP-ppo-ac-NN(6,6)-(lr=1.0e-5)-(86-params)",classic_NN_6-6,40
26.0,26,287476,CartPole-v1,"CP-ppo-ac-NN(6,6)-(lr=1.0e-5)-(86-params)",classic_NN_6-6,40
42.0,42,287492,CartPole-v1,"CP-ppo-ac-NN(6,6)-(lr=1.0e-5)-(86-params)",classic_NN_6-6,40
20.0,20,287532,CartPole-v1,"CP-ppo-ac-NN(6,6)-(lr=1.0e-5)-(86-params)",classic_NN_6-6,40
23.0,23,287568,CartPole-v1,"CP-ppo-ac-NN(6,6)-(lr=1.0e-5)-(86-params)",classic_NN_6-6,40
11.0,11,287576,CartPole-v1,"CP-ppo-ac-NN(6,6)-(lr=1.0e-5)-(86-params)",classic_NN_6-6,40
36.0,36,287612,CartPole-v1,"CP-ppo-ac-NN(6,6)-(lr=1.0e-5)-(86-params)",classic_NN_6-6,40
34.0,34,287628,CartPole-v1,"CP-ppo-ac-NN(6,6)-(lr=1.0e-5)-(86-params)",classic_NN_6-6,40
17.0,17,287644,CartPole-v1,"CP-ppo-ac-NN(6,6)-(lr=1.0e-5)-(86-params)",classic_NN_6-6,40
19.0,19,287644,CartPole-v1,"CP-ppo-ac-NN(6,6)-(lr=1.0e-5)-(86-params)",classic_NN_6-6,40
11.0,11,287656,CartPole-v1,"CP-ppo-ac-NN(6,6)-(lr=1.0e-5)-(86-params)",classic_NN_6-6,40
24.0,24,287724,CartPole-v1,"CP-ppo-ac-NN(6,6)-(lr=1.0e-5)-(86-params)",classic_NN_6-6,40
26.0,26,287748,CartPole-v1,"CP-ppo-ac-NN(6,6)-(lr=1.0e-5)-(86-params)",classic_NN_6-6,40
28.0,28,287768,CartPole-v1,"CP-ppo-ac-NN(6,6)-(lr=1.0e-5)-(86-params)",classic_NN_6-6,40
31.0,31,287768,CartPole-v1,"CP-ppo-ac-NN(6,6)-(lr=1.0e-5)-(86-params)",classic_NN_6-6,40
33.0,33,287856,CartPole-v1,"CP-ppo-ac-NN(6,6)-(lr=1.0e-5)-(86-params)",classic_NN_6-6,40
23.0,23,287860,CartPole-v1,"CP-ppo-ac-NN(6,6)-(lr=1.0e-5)-(86-params)",classic_NN_6-6,40
30.0,30,287868,CartPole-v1,"CP-ppo-ac-NN(6,6)-(lr=1.0e-5)-(86-params)",classic_NN_6-6,40
32.0,32,287896,CartPole-v1,"CP-ppo-ac-NN(6,6)-(lr=1.0e-5)-(86-params)",classic_NN_6-6,40
21.0,21,287944,CartPole-v1,"CP-ppo-ac-NN(6,6)-(lr=1.0e-5)-(86-params)",classic_NN_6-6,40
23.0,23,287948,CartPole-v1,"CP-ppo-ac-NN(6,6)-(lr=1.0e-5)-(86-params)",classic_NN_6-6,40
32.0,32,287996,CartPole-v1,"CP-ppo-ac-NN(6,6)-(lr=1.0e-5)-(86-params)",classic_NN_6-6,40
16.0,16,288012,CartPole-v1,"CP-ppo-ac-NN(6,6)-(lr=1.0e-5)-(86-params)",classic_NN_6-6,40
36.0,36,288040,CartPole-v1,"CP-ppo-ac-NN(6,6)-(lr=1.0e-5)-(86-params)",classic_NN_6-6,40
28.0,28,288108,CartPole-v1,"CP-ppo-ac-NN(6,6)-(lr=1.0e-5)-(86-params)",classic_NN_6-6,40
35.0,35,288152,CartPole-v1,"CP-ppo-ac-NN(6,6)-(lr=1.0e-5)-(86-params)",classic_NN_6-6,40
34.0,34,288176,CartPole-v1,"CP-ppo-ac-NN(6,6)-(lr=1.0e-5)-(86-params)",classic_NN_6-6,40
30.0,30,288228,CartPole-v1,"CP-ppo-ac-NN(6,6)-(lr=1.0e-5)-(86-params)",classic_NN_6-6,40
81.0,81,288268,CartPole-v1,"CP-ppo-ac-NN(6,6)-(lr=1.0e-5)-(86-params)",classic_NN_6-6,40
26.0,26,288280,CartPole-v1,"CP-ppo-ac-NN(6,6)-(lr=1.0e-5)-(86-params)",classic_NN_6-6,40
42.0,42,288320,CartPole-v1,"CP-ppo-ac-NN(6,6)-(lr=1.0e-5)-(86-params)",classic_NN_6-6,40
39.0,39,288384,CartPole-v1,"CP-ppo-ac-NN(6,6)-(lr=1.0e-5)-(86-params)",classic_NN_6-6,40
26.0,26,288384,CartPole-v1,"CP-ppo-ac-NN(6,6)-(lr=1.0e-5)-(86-params)",classic_NN_6-6,40
22.0,22,288408,CartPole-v1,"CP-ppo-ac-NN(6,6)-(lr=1.0e-5)-(86-params)",classic_NN_6-6,40
9.0,9,288420,CartPole-v1,"CP-ppo-ac-NN(6,6)-(lr=1.0e-5)-(86-params)",classic_NN_6-6,40
13.0,13,288472,CartPole-v1,"CP-ppo-ac-NN(6,6)-(lr=1.0e-5)-(86-params)",classic_NN_6-6,40
31.0,31,288532,CartPole-v1,"CP-ppo-ac-NN(6,6)-(lr=1.0e-5)-(86-params)",classic_NN_6-6,40
40.0,40,288544,CartPole-v1,"CP-ppo-ac-NN(6,6)-(lr=1.0e-5)-(86-params)",classic_NN_6-6,40
81.0,81,288592,CartPole-v1,"CP-ppo-ac-NN(6,6)-(lr=1.0e-5)-(86-params)",classic_NN_6-6,40
35.0,35,288612,CartPole-v1,"CP-ppo-ac-NN(6,6)-(lr=1.0e-5)-(86-params)",classic_NN_6-6,40
27.0,27,288652,CartPole-v1,"CP-ppo-ac-NN(6,6)-(lr=1.0e-5)-(86-params)",classic_NN_6-6,40
30.0,30,288652,CartPole-v1,"CP-ppo-ac-NN(6,6)-(lr=1.0e-5)-(86-params)",classic_NN_6-6,40
20.0,20,288692,CartPole-v1,"CP-ppo-ac-NN(6,6)-(lr=1.0e-5)-(86-params)",classic_NN_6-6,40
21.0,21,288736,CartPole-v1,"CP-ppo-ac-NN(6,6)-(lr=1.0e-5)-(86-params)",classic_NN_6-6,40
25.0,25,288752,CartPole-v1,"CP-ppo-ac-NN(6,6)-(lr=1.0e-5)-(86-params)",classic_NN_6-6,40
43.0,43,288764,CartPole-v1,"CP-ppo-ac-NN(6,6)-(lr=1.0e-5)-(86-params)",classic_NN_6-6,40
15.0,15,288812,CartPole-v1,"CP-ppo-ac-NN(6,6)-(lr=1.0e-5)-(86-params)",classic_NN_6-6,40
40.0,40,288896,CartPole-v1,"CP-ppo-ac-NN(6,6)-(lr=1.0e-5)-(86-params)",classic_NN_6-6,40
31.0,31,288936,CartPole-v1,"CP-ppo-ac-NN(6,6)-(lr=1.0e-5)-(86-params)",classic_NN_6-6,40
69.0,69,288968,CartPole-v1,"CP-ppo-ac-NN(6,6)-(lr=1.0e-5)-(86-params)",classic_NN_6-6,40
10.0,10,288976,CartPole-v1,"CP-ppo-ac-NN(6,6)-(lr=1.0e-5)-(86-params)",classic_NN_6-6,40
29.0,29,289012,CartPole-v1,"CP-ppo-ac-NN(6,6)-(lr=1.0e-5)-(86-params)",classic_NN_6-6,40
11.0,11,289056,CartPole-v1,"CP-ppo-ac-NN(6,6)-(lr=1.0e-5)-(86-params)",classic_NN_6-6,40
75.0,75,289064,CartPole-v1,"CP-ppo-ac-NN(6,6)-(lr=1.0e-5)-(86-params)",classic_NN_6-6,40
29.0,29,289084,CartPole-v1,"CP-ppo-ac-NN(6,6)-(lr=1.0e-5)-(86-params)",classic_NN_6-6,40
31.0,31,289100,CartPole-v1,"CP-ppo-ac-NN(6,6)-(lr=1.0e-5)-(86-params)",classic_NN_6-6,40
15.0,15,289116,CartPole-v1,"CP-ppo-ac-NN(6,6)-(lr=1.0e-5)-(86-params)",classic_NN_6-6,40
15.0,15,289124,CartPole-v1,"CP-ppo-ac-NN(6,6)-(lr=1.0e-5)-(86-params)",classic_NN_6-6,40
15.0,15,289176,CartPole-v1,"CP-ppo-ac-NN(6,6)-(lr=1.0e-5)-(86-params)",classic_NN_6-6,40
31.0,31,289248,CartPole-v1,"CP-ppo-ac-NN(6,6)-(lr=1.0e-5)-(86-params)",classic_NN_6-6,40
22.0,22,289264,CartPole-v1,"CP-ppo-ac-NN(6,6)-(lr=1.0e-5)-(86-params)",classic_NN_6-6,40
14.0,14,289304,CartPole-v1,"CP-ppo-ac-NN(6,6)-(lr=1.0e-5)-(86-params)",classic_NN_6-6,40
63.0,63,289336,CartPole-v1,"CP-ppo-ac-NN(6,6)-(lr=1.0e-5)-(86-params)",classic_NN_6-6,40
12.0,12,289352,CartPole-v1,"CP-ppo-ac-NN(6,6)-(lr=1.0e-5)-(86-params)",classic_NN_6-6,40
66.0,66,289364,CartPole-v1,"CP-ppo-ac-NN(6,6)-(lr=1.0e-5)-(86-params)",classic_NN_6-6,40
42.0,42,289432,CartPole-v1,"CP-ppo-ac-NN(6,6)-(lr=1.0e-5)-(86-params)",classic_NN_6-6,40
20.0,20,289432,CartPole-v1,"CP-ppo-ac-NN(6,6)-(lr=1.0e-5)-(86-params)",classic_NN_6-6,40
23.0,23,289456,CartPole-v1,"CP-ppo-ac-NN(6,6)-(lr=1.0e-5)-(86-params)",classic_NN_6-6,40
25.0,25,289532,CartPole-v1,"CP-ppo-ac-NN(6,6)-(lr=1.0e-5)-(86-params)",classic_NN_6-6,40
42.0,42,289600,CartPole-v1,"CP-ppo-ac-NN(6,6)-(lr=1.0e-5)-(86-params)",classic_NN_6-6,40
69.0,69,289612,CartPole-v1,"CP-ppo-ac-NN(6,6)-(lr=1.0e-5)-(86-params)",classic_NN_6-6,40
41.0,41,289620,CartPole-v1,"CP-ppo-ac-NN(6,6)-(lr=1.0e-5)-(86-params)",classic_NN_6-6,40
40.0,40,289692,CartPole-v1,"CP-ppo-ac-NN(6,6)-(lr=1.0e-5)-(86-params)",classic_NN_6-6,40
18.0,18,289692,CartPole-v1,"CP-ppo-ac-NN(6,6)-(lr=1.0e-5)-(86-params)",classic_NN_6-6,40
24.0,24,289696,CartPole-v1,"CP-ppo-ac-NN(6,6)-(lr=1.0e-5)-(86-params)",classic_NN_6-6,40
23.0,23,289704,CartPole-v1,"CP-ppo-ac-NN(6,6)-(lr=1.0e-5)-(86-params)",classic_NN_6-6,40
14.0,14,289752,CartPole-v1,"CP-ppo-ac-NN(6,6)-(lr=1.0e-5)-(86-params)",classic_NN_6-6,40
17.0,17,289760,CartPole-v1,"CP-ppo-ac-NN(6,6)-(lr=1.0e-5)-(86-params)",classic_NN_6-6,40
19.0,19,289780,CartPole-v1,"CP-ppo-ac-NN(6,6)-(lr=1.0e-5)-(86-params)",classic_NN_6-6,40
30.0,30,289872,CartPole-v1,"CP-ppo-ac-NN(6,6)-(lr=1.0e-5)-(86-params)",classic_NN_6-6,40
32.0,32,289908,CartPole-v1,"CP-ppo-ac-NN(6,6)-(lr=1.0e-5)-(86-params)",classic_NN_6-6,40
20.0,20,289952,CartPole-v1,"CP-ppo-ac-NN(6,6)-(lr=1.0e-5)-(86-params)",classic_NN_6-6,40
66.0,66,289956,CartPole-v1,"CP-ppo-ac-NN(6,6)-(lr=1.0e-5)-(86-params)",classic_NN_6-6,40
49.0,49,289956,CartPole-v1,"CP-ppo-ac-NN(6,6)-(lr=1.0e-5)-(86-params)",classic_NN_6-6,40
17.0,17,290024,CartPole-v1,"CP-ppo-ac-NN(6,6)-(lr=1.0e-5)-(86-params)",classic_NN_6-6,40
56.0,56,290132,CartPole-v1,"CP-ppo-ac-NN(6,6)-(lr=1.0e-5)-(86-params)",classic_NN_6-6,40
31.0,31,290148,CartPole-v1,"CP-ppo-ac-NN(6,6)-(lr=1.0e-5)-(86-params)",classic_NN_6-6,40
53.0,53,290168,CartPole-v1,"CP-ppo-ac-NN(6,6)-(lr=1.0e-5)-(86-params)",classic_NN_6-6,40
64.0,64,290208,CartPole-v1,"CP-ppo-ac-NN(6,6)-(lr=1.0e-5)-(86-params)",classic_NN_6-6,40
16.0,16,290212,CartPole-v1,"CP-ppo-ac-NN(6,6)-(lr=1.0e-5)-(86-params)",classic_NN_6-6,40
21.0,21,290216,CartPole-v1,"CP-ppo-ac-NN(6,6)-(lr=1.0e-5)-(86-params)",classic_NN_6-6,40
21.0,21,290252,CartPole-v1,"CP-ppo-ac-NN(6,6)-(lr=1.0e-5)-(86-params)",classic_NN_6-6,40
41.0,41,290372,CartPole-v1,"CP-ppo-ac-NN(6,6)-(lr=1.0e-5)-(86-params)",classic_NN_6-6,40
33.0,33,290384,CartPole-v1,"CP-ppo-ac-NN(6,6)-(lr=1.0e-5)-(86-params)",classic_NN_6-6,40
8.0,8,290404,CartPole-v1,"CP-ppo-ac-NN(6,6)-(lr=1.0e-5)-(86-params)",classic_NN_6-6,40
53.0,53,290428,CartPole-v1,"CP-ppo-ac-NN(6,6)-(lr=1.0e-5)-(86-params)",classic_NN_6-6,40
26.0,26,290532,CartPole-v1,"CP-ppo-ac-NN(6,6)-(lr=1.0e-5)-(86-params)",classic_NN_6-6,40
38.0,38,290536,CartPole-v1,"CP-ppo-ac-NN(6,6)-(lr=1.0e-5)-(86-params)",classic_NN_6-6,40
17.0,17,290604,CartPole-v1,"CP-ppo-ac-NN(6,6)-(lr=1.0e-5)-(86-params)",classic_NN_6-6,40
57.0,57,290632,CartPole-v1,"CP-ppo-ac-NN(6,6)-(lr=1.0e-5)-(86-params)",classic_NN_6-6,40
17.0,17,290672,CartPole-v1,"CP-ppo-ac-NN(6,6)-(lr=1.0e-5)-(86-params)",classic_NN_6-6,40
37.0,37,290680,CartPole-v1,"CP-ppo-ac-NN(6,6)-(lr=1.0e-5)-(86-params)",classic_NN_6-6,40
118.0,118,290684,CartPole-v1,"CP-ppo-ac-NN(6,6)-(lr=1.0e-5)-(86-params)",classic_NN_6-6,40
14.0,14,290740,CartPole-v1,"CP-ppo-ac-NN(6,6)-(lr=1.0e-5)-(86-params)",classic_NN_6-6,40
35.0,35,290772,CartPole-v1,"CP-ppo-ac-NN(6,6)-(lr=1.0e-5)-(86-params)",classic_NN_6-6,40
15.0,15,290800,CartPole-v1,"CP-ppo-ac-NN(6,6)-(lr=1.0e-5)-(86-params)",classic_NN_6-6,40
49.0,49,290868,CartPole-v1,"CP-ppo-ac-NN(6,6)-(lr=1.0e-5)-(86-params)",classic_NN_6-6,40
48.0,48,290872,CartPole-v1,"CP-ppo-ac-NN(6,6)-(lr=1.0e-5)-(86-params)",classic_NN_6-6,40
32.0,32,290900,CartPole-v1,"CP-ppo-ac-NN(6,6)-(lr=1.0e-5)-(86-params)",classic_NN_6-6,40
37.0,37,291016,CartPole-v1,"CP-ppo-ac-NN(6,6)-(lr=1.0e-5)-(86-params)",classic_NN_6-6,40
13.0,13,291068,CartPole-v1,"CP-ppo-ac-NN(6,6)-(lr=1.0e-5)-(86-params)",classic_NN_6-6,40
51.0,51,291076,CartPole-v1,"CP-ppo-ac-NN(6,6)-(lr=1.0e-5)-(86-params)",classic_NN_6-6,40
70.0,70,291080,CartPole-v1,"CP-ppo-ac-NN(6,6)-(lr=1.0e-5)-(86-params)",classic_NN_6-6,40
48.0,48,291092,CartPole-v1,"CP-ppo-ac-NN(6,6)-(lr=1.0e-5)-(86-params)",classic_NN_6-6,40
15.0,15,291140,CartPole-v1,"CP-ppo-ac-NN(6,6)-(lr=1.0e-5)-(86-params)",classic_NN_6-6,40
31.0,31,291200,CartPole-v1,"CP-ppo-ac-NN(6,6)-(lr=1.0e-5)-(86-params)",classic_NN_6-6,40
30.0,30,291212,CartPole-v1,"CP-ppo-ac-NN(6,6)-(lr=1.0e-5)-(86-params)",classic_NN_6-6,40
46.0,46,291252,CartPole-v1,"CP-ppo-ac-NN(6,6)-(lr=1.0e-5)-(86-params)",classic_NN_6-6,40
22.0,22,291288,CartPole-v1,"CP-ppo-ac-NN(6,6)-(lr=1.0e-5)-(86-params)",classic_NN_6-6,40
11.0,11,291332,CartPole-v1,"CP-ppo-ac-NN(6,6)-(lr=1.0e-5)-(86-params)",classic_NN_6-6,40
38.0,38,291364,CartPole-v1,"CP-ppo-ac-NN(6,6)-(lr=1.0e-5)-(86-params)",classic_NN_6-6,40
59.0,59,291376,CartPole-v1,"CP-ppo-ac-NN(6,6)-(lr=1.0e-5)-(86-params)",classic_NN_6-6,40
12.0,12,291380,CartPole-v1,"CP-ppo-ac-NN(6,6)-(lr=1.0e-5)-(86-params)",classic_NN_6-6,40
37.0,37,291400,CartPole-v1,"CP-ppo-ac-NN(6,6)-(lr=1.0e-5)-(86-params)",classic_NN_6-6,40
9.0,9,291412,CartPole-v1,"CP-ppo-ac-NN(6,6)-(lr=1.0e-5)-(86-params)",classic_NN_6-6,40
25.0,25,291464,CartPole-v1,"CP-ppo-ac-NN(6,6)-(lr=1.0e-5)-(86-params)",classic_NN_6-6,40
35.0,35,291520,CartPole-v1,"CP-ppo-ac-NN(6,6)-(lr=1.0e-5)-(86-params)",classic_NN_6-6,40
36.0,36,291544,CartPole-v1,"CP-ppo-ac-NN(6,6)-(lr=1.0e-5)-(86-params)",classic_NN_6-6,40
36.0,36,291608,CartPole-v1,"CP-ppo-ac-NN(6,6)-(lr=1.0e-5)-(86-params)",classic_NN_6-6,40
25.0,25,291644,CartPole-v1,"CP-ppo-ac-NN(6,6)-(lr=1.0e-5)-(86-params)",classic_NN_6-6,40
65.0,65,291672,CartPole-v1,"CP-ppo-ac-NN(6,6)-(lr=1.0e-5)-(86-params)",classic_NN_6-6,40
45.0,45,291700,CartPole-v1,"CP-ppo-ac-NN(6,6)-(lr=1.0e-5)-(86-params)",classic_NN_6-6,40
22.0,22,291732,CartPole-v1,"CP-ppo-ac-NN(6,6)-(lr=1.0e-5)-(86-params)",classic_NN_6-6,40
43.0,43,291780,CartPole-v1,"CP-ppo-ac-NN(6,6)-(lr=1.0e-5)-(86-params)",classic_NN_6-6,40
30.0,30,291792,CartPole-v1,"CP-ppo-ac-NN(6,6)-(lr=1.0e-5)-(86-params)",classic_NN_6-6,40
23.0,23,291824,CartPole-v1,"CP-ppo-ac-NN(6,6)-(lr=1.0e-5)-(86-params)",classic_NN_6-6,40
46.0,46,291884,CartPole-v1,"CP-ppo-ac-NN(6,6)-(lr=1.0e-5)-(86-params)",classic_NN_6-6,40
22.0,22,291912,CartPole-v1,"CP-ppo-ac-NN(6,6)-(lr=1.0e-5)-(86-params)",classic_NN_6-6,40
34.0,34,291916,CartPole-v1,"CP-ppo-ac-NN(6,6)-(lr=1.0e-5)-(86-params)",classic_NN_6-6,40
41.0,41,291956,CartPole-v1,"CP-ppo-ac-NN(6,6)-(lr=1.0e-5)-(86-params)",classic_NN_6-6,40
33.0,33,292016,CartPole-v1,"CP-ppo-ac-NN(6,6)-(lr=1.0e-5)-(86-params)",classic_NN_6-6,40
18.0,18,292028,CartPole-v1,"CP-ppo-ac-NN(6,6)-(lr=1.0e-5)-(86-params)",classic_NN_6-6,40
34.0,34,292048,CartPole-v1,"CP-ppo-ac-NN(6,6)-(lr=1.0e-5)-(86-params)",classic_NN_6-6,40
37.0,37,292064,CartPole-v1,"CP-ppo-ac-NN(6,6)-(lr=1.0e-5)-(86-params)",classic_NN_6-6,40
14.0,14,292072,CartPole-v1,"CP-ppo-ac-NN(6,6)-(lr=1.0e-5)-(86-params)",classic_NN_6-6,40
20.0,20,292144,CartPole-v1,"CP-ppo-ac-NN(6,6)-(lr=1.0e-5)-(86-params)",classic_NN_6-6,40
32.0,32,292176,CartPole-v1,"CP-ppo-ac-NN(6,6)-(lr=1.0e-5)-(86-params)",classic_NN_6-6,40
30.0,30,292192,CartPole-v1,"CP-ppo-ac-NN(6,6)-(lr=1.0e-5)-(86-params)",classic_NN_6-6,40
47.0,47,292216,CartPole-v1,"CP-ppo-ac-NN(6,6)-(lr=1.0e-5)-(86-params)",classic_NN_6-6,40
21.0,21,292260,CartPole-v1,"CP-ppo-ac-NN(6,6)-(lr=1.0e-5)-(86-params)",classic_NN_6-6,40
20.0,20,292272,CartPole-v1,"CP-ppo-ac-NN(6,6)-(lr=1.0e-5)-(86-params)",classic_NN_6-6,40
32.0,32,292272,CartPole-v1,"CP-ppo-ac-NN(6,6)-(lr=1.0e-5)-(86-params)",classic_NN_6-6,40
18.0,18,292332,CartPole-v1,"CP-ppo-ac-NN(6,6)-(lr=1.0e-5)-(86-params)",classic_NN_6-6,40
17.0,17,292340,CartPole-v1,"CP-ppo-ac-NN(6,6)-(lr=1.0e-5)-(86-params)",classic_NN_6-6,40
33.0,33,292348,CartPole-v1,"CP-ppo-ac-NN(6,6)-(lr=1.0e-5)-(86-params)",classic_NN_6-6,40
16.0,16,292412,CartPole-v1,"CP-ppo-ac-NN(6,6)-(lr=1.0e-5)-(86-params)",classic_NN_6-6,40
29.0,29,292448,CartPole-v1,"CP-ppo-ac-NN(6,6)-(lr=1.0e-5)-(86-params)",classic_NN_6-6,40
29.0,29,292528,CartPole-v1,"CP-ppo-ac-NN(6,6)-(lr=1.0e-5)-(86-params)",classic_NN_6-6,40
67.0,67,292540,CartPole-v1,"CP-ppo-ac-NN(6,6)-(lr=1.0e-5)-(86-params)",classic_NN_6-6,40
43.0,43,292620,CartPole-v1,"CP-ppo-ac-NN(6,6)-(lr=1.0e-5)-(86-params)",classic_NN_6-6,40
84.0,84,292676,CartPole-v1,"CP-ppo-ac-NN(6,6)-(lr=1.0e-5)-(86-params)",classic_NN_6-6,40
38.0,38,292680,CartPole-v1,"CP-ppo-ac-NN(6,6)-(lr=1.0e-5)-(86-params)",classic_NN_6-6,40
29.0,29,292796,CartPole-v1,"CP-ppo-ac-NN(6,6)-(lr=1.0e-5)-(86-params)",classic_NN_6-6,40
54.0,54,292836,CartPole-v1,"CP-ppo-ac-NN(6,6)-(lr=1.0e-5)-(86-params)",classic_NN_6-6,40
42.0,42,292844,CartPole-v1,"CP-ppo-ac-NN(6,6)-(lr=1.0e-5)-(86-params)",classic_NN_6-6,40
17.0,17,292864,CartPole-v1,"CP-ppo-ac-NN(6,6)-(lr=1.0e-5)-(86-params)",classic_NN_6-6,40
17.0,17,292912,CartPole-v1,"CP-ppo-ac-NN(6,6)-(lr=1.0e-5)-(86-params)",classic_NN_6-6,40
21.0,21,292948,CartPole-v1,"CP-ppo-ac-NN(6,6)-(lr=1.0e-5)-(86-params)",classic_NN_6-6,40
26.0,26,293016,CartPole-v1,"CP-ppo-ac-NN(6,6)-(lr=1.0e-5)-(86-params)",classic_NN_6-6,40
123.0,123,293032,CartPole-v1,"CP-ppo-ac-NN(6,6)-(lr=1.0e-5)-(86-params)",classic_NN_6-6,40
51.0,51,293040,CartPole-v1,"CP-ppo-ac-NN(6,6)-(lr=1.0e-5)-(86-params)",classic_NN_6-6,40
30.0,30,293068,CartPole-v1,"CP-ppo-ac-NN(6,6)-(lr=1.0e-5)-(86-params)",classic_NN_6-6,40
16.0,16,293104,CartPole-v1,"CP-ppo-ac-NN(6,6)-(lr=1.0e-5)-(86-params)",classic_NN_6-6,40
11.0,11,293148,CartPole-v1,"CP-ppo-ac-NN(6,6)-(lr=1.0e-5)-(86-params)",classic_NN_6-6,40
38.0,38,293220,CartPole-v1,"CP-ppo-ac-NN(6,6)-(lr=1.0e-5)-(86-params)",classic_NN_6-6,40
54.0,54,293232,CartPole-v1,"CP-ppo-ac-NN(6,6)-(lr=1.0e-5)-(86-params)",classic_NN_6-6,40
29.0,29,293348,CartPole-v1,"CP-ppo-ac-NN(6,6)-(lr=1.0e-5)-(86-params)",classic_NN_6-6,40
41.0,41,293384,CartPole-v1,"CP-ppo-ac-NN(6,6)-(lr=1.0e-5)-(86-params)",classic_NN_6-6,40
88.0,88,293384,CartPole-v1,"CP-ppo-ac-NN(6,6)-(lr=1.0e-5)-(86-params)",classic_NN_6-6,40
100.0,100,293548,CartPole-v1,"CP-ppo-ac-NN(6,6)-(lr=1.0e-5)-(86-params)",classic_NN_6-6,40
49.0,49,293580,CartPole-v1,"CP-ppo-ac-NN(6,6)-(lr=1.0e-5)-(86-params)",classic_NN_6-6,40
54.0,54,293600,CartPole-v1,"CP-ppo-ac-NN(6,6)-(lr=1.0e-5)-(86-params)",classic_NN_6-6,40
75.0,75,293648,CartPole-v1,"CP-ppo-ac-NN(6,6)-(lr=1.0e-5)-(86-params)",classic_NN_6-6,40
19.0,19,293656,CartPole-v1,"CP-ppo-ac-NN(6,6)-(lr=1.0e-5)-(86-params)",classic_NN_6-6,40
28.0,28,293660,CartPole-v1,"CP-ppo-ac-NN(6,6)-(lr=1.0e-5)-(86-params)",classic_NN_6-6,40
25.0,25,293700,CartPole-v1,"CP-ppo-ac-NN(6,6)-(lr=1.0e-5)-(86-params)",classic_NN_6-6,40
20.0,20,293736,CartPole-v1,"CP-ppo-ac-NN(6,6)-(lr=1.0e-5)-(86-params)",classic_NN_6-6,40
17.0,17,293768,CartPole-v1,"CP-ppo-ac-NN(6,6)-(lr=1.0e-5)-(86-params)",classic_NN_6-6,40
30.0,30,293768,CartPole-v1,"CP-ppo-ac-NN(6,6)-(lr=1.0e-5)-(86-params)",classic_NN_6-6,40
11.0,11,293812,CartPole-v1,"CP-ppo-ac-NN(6,6)-(lr=1.0e-5)-(86-params)",classic_NN_6-6,40
41.0,41,293824,CartPole-v1,"CP-ppo-ac-NN(6,6)-(lr=1.0e-5)-(86-params)",classic_NN_6-6,40
21.0,21,293908,CartPole-v1,"CP-ppo-ac-NN(6,6)-(lr=1.0e-5)-(86-params)",classic_NN_6-6,40
38.0,38,293920,CartPole-v1,"CP-ppo-ac-NN(6,6)-(lr=1.0e-5)-(86-params)",classic_NN_6-6,40
35.0,35,293952,CartPole-v1,"CP-ppo-ac-NN(6,6)-(lr=1.0e-5)-(86-params)",classic_NN_6-6,40
15.0,15,293968,CartPole-v1,"CP-ppo-ac-NN(6,6)-(lr=1.0e-5)-(86-params)",classic_NN_6-6,40
59.0,59,293972,CartPole-v1,"CP-ppo-ac-NN(6,6)-(lr=1.0e-5)-(86-params)",classic_NN_6-6,40
28.0,28,294080,CartPole-v1,"CP-ppo-ac-NN(6,6)-(lr=1.0e-5)-(86-params)",classic_NN_6-6,40
43.0,43,294092,CartPole-v1,"CP-ppo-ac-NN(6,6)-(lr=1.0e-5)-(86-params)",classic_NN_6-6,40
23.0,23,294172,CartPole-v1,"CP-ppo-ac-NN(6,6)-(lr=1.0e-5)-(86-params)",classic_NN_6-6,40
57.0,57,294180,CartPole-v1,"CP-ppo-ac-NN(6,6)-(lr=1.0e-5)-(86-params)",classic_NN_6-6,40
59.0,59,294208,CartPole-v1,"CP-ppo-ac-NN(6,6)-(lr=1.0e-5)-(86-params)",classic_NN_6-6,40
14.0,14,294236,CartPole-v1,"CP-ppo-ac-NN(6,6)-(lr=1.0e-5)-(86-params)",classic_NN_6-6,40
37.0,37,294240,CartPole-v1,"CP-ppo-ac-NN(6,6)-(lr=1.0e-5)-(86-params)",classic_NN_6-6,40
22.0,22,294260,CartPole-v1,"CP-ppo-ac-NN(6,6)-(lr=1.0e-5)-(86-params)",classic_NN_6-6,40
21.0,21,294292,CartPole-v1,"CP-ppo-ac-NN(6,6)-(lr=1.0e-5)-(86-params)",classic_NN_6-6,40
23.0,23,294328,CartPole-v1,"CP-ppo-ac-NN(6,6)-(lr=1.0e-5)-(86-params)",classic_NN_6-6,40
17.0,17,294328,CartPole-v1,"CP-ppo-ac-NN(6,6)-(lr=1.0e-5)-(86-params)",classic_NN_6-6,40
37.0,37,294388,CartPole-v1,"CP-ppo-ac-NN(6,6)-(lr=1.0e-5)-(86-params)",classic_NN_6-6,40
17.0,17,294396,CartPole-v1,"CP-ppo-ac-NN(6,6)-(lr=1.0e-5)-(86-params)",classic_NN_6-6,40
18.0,18,294468,CartPole-v1,"CP-ppo-ac-NN(6,6)-(lr=1.0e-5)-(86-params)",classic_NN_6-6,40
27.0,27,294496,CartPole-v1,"CP-ppo-ac-NN(6,6)-(lr=1.0e-5)-(86-params)",classic_NN_6-6,40
54.0,54,294508,CartPole-v1,"CP-ppo-ac-NN(6,6)-(lr=1.0e-5)-(86-params)",classic_NN_6-6,40
48.0,48,294520,CartPole-v1,"CP-ppo-ac-NN(6,6)-(lr=1.0e-5)-(86-params)",classic_NN_6-6,40
25.0,25,294596,CartPole-v1,"CP-ppo-ac-NN(6,6)-(lr=1.0e-5)-(86-params)",classic_NN_6-6,40
35.0,35,294608,CartPole-v1,"CP-ppo-ac-NN(6,6)-(lr=1.0e-5)-(86-params)",classic_NN_6-6,40
27.0,27,294628,CartPole-v1,"CP-ppo-ac-NN(6,6)-(lr=1.0e-5)-(86-params)",classic_NN_6-6,40
12.0,12,294656,CartPole-v1,"CP-ppo-ac-NN(6,6)-(lr=1.0e-5)-(86-params)",classic_NN_6-6,40
25.0,25,294696,CartPole-v1,"CP-ppo-ac-NN(6,6)-(lr=1.0e-5)-(86-params)",classic_NN_6-6,40
14.0,14,294752,CartPole-v1,"CP-ppo-ac-NN(6,6)-(lr=1.0e-5)-(86-params)",classic_NN_6-6,40
46.0,46,294812,CartPole-v1,"CP-ppo-ac-NN(6,6)-(lr=1.0e-5)-(86-params)",classic_NN_6-6,40
29.0,29,294868,CartPole-v1,"CP-ppo-ac-NN(6,6)-(lr=1.0e-5)-(86-params)",classic_NN_6-6,40
92.0,92,294876,CartPole-v1,"CP-ppo-ac-NN(6,6)-(lr=1.0e-5)-(86-params)",classic_NN_6-6,40
80.0,80,294976,CartPole-v1,"CP-ppo-ac-NN(6,6)-(lr=1.0e-5)-(86-params)",classic_NN_6-6,40
28.0,28,294988,CartPole-v1,"CP-ppo-ac-NN(6,6)-(lr=1.0e-5)-(86-params)",classic_NN_6-6,40
41.0,41,295032,CartPole-v1,"CP-ppo-ac-NN(6,6)-(lr=1.0e-5)-(86-params)",classic_NN_6-6,40
63.0,63,295064,CartPole-v1,"CP-ppo-ac-NN(6,6)-(lr=1.0e-5)-(86-params)",classic_NN_6-6,40
21.0,21,295072,CartPole-v1,"CP-ppo-ac-NN(6,6)-(lr=1.0e-5)-(86-params)",classic_NN_6-6,40
22.0,22,295160,CartPole-v1,"CP-ppo-ac-NN(6,6)-(lr=1.0e-5)-(86-params)",classic_NN_6-6,40
34.0,34,295168,CartPole-v1,"CP-ppo-ac-NN(6,6)-(lr=1.0e-5)-(86-params)",classic_NN_6-6,40
48.0,48,295168,CartPole-v1,"CP-ppo-ac-NN(6,6)-(lr=1.0e-5)-(86-params)",classic_NN_6-6,40
25.0,25,295268,CartPole-v1,"CP-ppo-ac-NN(6,6)-(lr=1.0e-5)-(86-params)",classic_NN_6-6,40
53.0,53,295276,CartPole-v1,"CP-ppo-ac-NN(6,6)-(lr=1.0e-5)-(86-params)",classic_NN_6-6,40
34.0,34,295296,CartPole-v1,"CP-ppo-ac-NN(6,6)-(lr=1.0e-5)-(86-params)",classic_NN_6-6,40
39.0,39,295324,CartPole-v1,"CP-ppo-ac-NN(6,6)-(lr=1.0e-5)-(86-params)",classic_NN_6-6,40
24.0,24,295372,CartPole-v1,"CP-ppo-ac-NN(6,6)-(lr=1.0e-5)-(86-params)",classic_NN_6-6,40
17.0,17,295392,CartPole-v1,"CP-ppo-ac-NN(6,6)-(lr=1.0e-5)-(86-params)",classic_NN_6-6,40
36.0,36,295412,CartPole-v1,"CP-ppo-ac-NN(6,6)-(lr=1.0e-5)-(86-params)",classic_NN_6-6,40
14.0,14,295448,CartPole-v1,"CP-ppo-ac-NN(6,6)-(lr=1.0e-5)-(86-params)",classic_NN_6-6,40
12.0,12,295460,CartPole-v1,"CP-ppo-ac-NN(6,6)-(lr=1.0e-5)-(86-params)",classic_NN_6-6,40
32.0,32,295500,CartPole-v1,"CP-ppo-ac-NN(6,6)-(lr=1.0e-5)-(86-params)",classic_NN_6-6,40
53.0,53,295508,CartPole-v1,"CP-ppo-ac-NN(6,6)-(lr=1.0e-5)-(86-params)",classic_NN_6-6,40
19.0,19,295536,CartPole-v1,"CP-ppo-ac-NN(6,6)-(lr=1.0e-5)-(86-params)",classic_NN_6-6,40
13.0,13,295560,CartPole-v1,"CP-ppo-ac-NN(6,6)-(lr=1.0e-5)-(86-params)",classic_NN_6-6,40
36.0,36,295592,CartPole-v1,"CP-ppo-ac-NN(6,6)-(lr=1.0e-5)-(86-params)",classic_NN_6-6,40
12.0,12,295608,CartPole-v1,"CP-ppo-ac-NN(6,6)-(lr=1.0e-5)-(86-params)",classic_NN_6-6,40
31.0,31,295660,CartPole-v1,"CP-ppo-ac-NN(6,6)-(lr=1.0e-5)-(86-params)",classic_NN_6-6,40
19.0,19,295684,CartPole-v1,"CP-ppo-ac-NN(6,6)-(lr=1.0e-5)-(86-params)",classic_NN_6-6,40
25.0,25,295692,CartPole-v1,"CP-ppo-ac-NN(6,6)-(lr=1.0e-5)-(86-params)",classic_NN_6-6,40
17.0,17,295752,CartPole-v1,"CP-ppo-ac-NN(6,6)-(lr=1.0e-5)-(86-params)",classic_NN_6-6,40
24.0,24,295788,CartPole-v1,"CP-ppo-ac-NN(6,6)-(lr=1.0e-5)-(86-params)",classic_NN_6-6,40
51.0,51,295864,CartPole-v1,"CP-ppo-ac-NN(6,6)-(lr=1.0e-5)-(86-params)",classic_NN_6-6,40
40.0,40,295912,CartPole-v1,"CP-ppo-ac-NN(6,6)-(lr=1.0e-5)-(86-params)",classic_NN_6-6,40
23.0,23,295956,CartPole-v1,"CP-ppo-ac-NN(6,6)-(lr=1.0e-5)-(86-params)",classic_NN_6-6,40
45.0,45,295968,CartPole-v1,"CP-ppo-ac-NN(6,6)-(lr=1.0e-5)-(86-params)",classic_NN_6-6,40
15.0,15,296016,CartPole-v1,"CP-ppo-ac-NN(6,6)-(lr=1.0e-5)-(86-params)",classic_NN_6-6,40
23.0,23,296060,CartPole-v1,"CP-ppo-ac-NN(6,6)-(lr=1.0e-5)-(86-params)",classic_NN_6-6,40
21.0,21,296100,CartPole-v1,"CP-ppo-ac-NN(6,6)-(lr=1.0e-5)-(86-params)",classic_NN_6-6,40
48.0,48,296104,CartPole-v1,"CP-ppo-ac-NN(6,6)-(lr=1.0e-5)-(86-params)",classic_NN_6-6,40
151.0,151,296104,CartPole-v1,"CP-ppo-ac-NN(6,6)-(lr=1.0e-5)-(86-params)",classic_NN_6-6,40
19.0,19,296136,CartPole-v1,"CP-ppo-ac-NN(6,6)-(lr=1.0e-5)-(86-params)",classic_NN_6-6,40
15.0,15,296196,CartPole-v1,"CP-ppo-ac-NN(6,6)-(lr=1.0e-5)-(86-params)",classic_NN_6-6,40
11.0,11,296240,CartPole-v1,"CP-ppo-ac-NN(6,6)-(lr=1.0e-5)-(86-params)",classic_NN_6-6,40
10.0,10,296280,CartPole-v1,"CP-ppo-ac-NN(6,6)-(lr=1.0e-5)-(86-params)",classic_NN_6-6,40
59.0,59,296340,CartPole-v1,"CP-ppo-ac-NN(6,6)-(lr=1.0e-5)-(86-params)",classic_NN_6-6,40
63.0,63,296352,CartPole-v1,"CP-ppo-ac-NN(6,6)-(lr=1.0e-5)-(86-params)",classic_NN_6-6,40
20.0,20,296360,CartPole-v1,"CP-ppo-ac-NN(6,6)-(lr=1.0e-5)-(86-params)",classic_NN_6-6,40
76.0,76,296408,CartPole-v1,"CP-ppo-ac-NN(6,6)-(lr=1.0e-5)-(86-params)",classic_NN_6-6,40
20.0,20,296440,CartPole-v1,"CP-ppo-ac-NN(6,6)-(lr=1.0e-5)-(86-params)",classic_NN_6-6,40
15.0,15,296468,CartPole-v1,"CP-ppo-ac-NN(6,6)-(lr=1.0e-5)-(86-params)",classic_NN_6-6,40
33.0,33,296484,CartPole-v1,"CP-ppo-ac-NN(6,6)-(lr=1.0e-5)-(86-params)",classic_NN_6-6,40
39.0,39,296496,CartPole-v1,"CP-ppo-ac-NN(6,6)-(lr=1.0e-5)-(86-params)",classic_NN_6-6,40
22.0,22,296528,CartPole-v1,"CP-ppo-ac-NN(6,6)-(lr=1.0e-5)-(86-params)",classic_NN_6-6,40
18.0,18,296556,CartPole-v1,"CP-ppo-ac-NN(6,6)-(lr=1.0e-5)-(86-params)",classic_NN_6-6,40
27.0,27,296576,CartPole-v1,"CP-ppo-ac-NN(6,6)-(lr=1.0e-5)-(86-params)",classic_NN_6-6,40
12.0,12,296604,CartPole-v1,"CP-ppo-ac-NN(6,6)-(lr=1.0e-5)-(86-params)",classic_NN_6-6,40
30.0,30,296616,CartPole-v1,"CP-ppo-ac-NN(6,6)-(lr=1.0e-5)-(86-params)",classic_NN_6-6,40
18.0,18,296648,CartPole-v1,"CP-ppo-ac-NN(6,6)-(lr=1.0e-5)-(86-params)",classic_NN_6-6,40
21.0,21,296688,CartPole-v1,"CP-ppo-ac-NN(6,6)-(lr=1.0e-5)-(86-params)",classic_NN_6-6,40
40.0,40,296688,CartPole-v1,"CP-ppo-ac-NN(6,6)-(lr=1.0e-5)-(86-params)",classic_NN_6-6,40
20.0,20,296728,CartPole-v1,"CP-ppo-ac-NN(6,6)-(lr=1.0e-5)-(86-params)",classic_NN_6-6,40
12.0,12,296776,CartPole-v1,"CP-ppo-ac-NN(6,6)-(lr=1.0e-5)-(86-params)",classic_NN_6-6,40
46.0,46,296800,CartPole-v1,"CP-ppo-ac-NN(6,6)-(lr=1.0e-5)-(86-params)",classic_NN_6-6,40
9.0,9,296812,CartPole-v1,"CP-ppo-ac-NN(6,6)-(lr=1.0e-5)-(86-params)",classic_NN_6-6,40
35.0,35,296828,CartPole-v1,"CP-ppo-ac-NN(6,6)-(lr=1.0e-5)-(86-params)",classic_NN_6-6,40
33.0,33,296944,CartPole-v1,"CP-ppo-ac-NN(6,6)-(lr=1.0e-5)-(86-params)",classic_NN_6-6,40
36.0,36,296972,CartPole-v1,"CP-ppo-ac-NN(6,6)-(lr=1.0e-5)-(86-params)",classic_NN_6-6,40
43.0,43,296972,CartPole-v1,"CP-ppo-ac-NN(6,6)-(lr=1.0e-5)-(86-params)",classic_NN_6-6,40
77.0,77,296996,CartPole-v1,"CP-ppo-ac-NN(6,6)-(lr=1.0e-5)-(86-params)",classic_NN_6-6,40
15.0,15,297056,CartPole-v1,"CP-ppo-ac-NN(6,6)-(lr=1.0e-5)-(86-params)",classic_NN_6-6,40
29.0,29,297060,CartPole-v1,"CP-ppo-ac-NN(6,6)-(lr=1.0e-5)-(86-params)",classic_NN_6-6,40
32.0,32,297100,CartPole-v1,"CP-ppo-ac-NN(6,6)-(lr=1.0e-5)-(86-params)",classic_NN_6-6,40
43.0,43,297144,CartPole-v1,"CP-ppo-ac-NN(6,6)-(lr=1.0e-5)-(86-params)",classic_NN_6-6,40
26.0,26,297164,CartPole-v1,"CP-ppo-ac-NN(6,6)-(lr=1.0e-5)-(86-params)",classic_NN_6-6,40
39.0,39,297256,CartPole-v1,"CP-ppo-ac-NN(6,6)-(lr=1.0e-5)-(86-params)",classic_NN_6-6,40
39.0,39,297300,CartPole-v1,"CP-ppo-ac-NN(6,6)-(lr=1.0e-5)-(86-params)",classic_NN_6-6,40
38.0,38,297316,CartPole-v1,"CP-ppo-ac-NN(6,6)-(lr=1.0e-5)-(86-params)",classic_NN_6-6,40
27.0,27,297364,CartPole-v1,"CP-ppo-ac-NN(6,6)-(lr=1.0e-5)-(86-params)",classic_NN_6-6,40
21.0,21,297384,CartPole-v1,"CP-ppo-ac-NN(6,6)-(lr=1.0e-5)-(86-params)",classic_NN_6-6,40
10.0,10,297404,CartPole-v1,"CP-ppo-ac-NN(6,6)-(lr=1.0e-5)-(86-params)",classic_NN_6-6,40
25.0,25,297416,CartPole-v1,"CP-ppo-ac-NN(6,6)-(lr=1.0e-5)-(86-params)",classic_NN_6-6,40
19.0,19,297460,CartPole-v1,"CP-ppo-ac-NN(6,6)-(lr=1.0e-5)-(86-params)",classic_NN_6-6,40
15.0,15,297464,CartPole-v1,"CP-ppo-ac-NN(6,6)-(lr=1.0e-5)-(86-params)",classic_NN_6-6,40
107.0,107,297484,CartPole-v1,"CP-ppo-ac-NN(6,6)-(lr=1.0e-5)-(86-params)",classic_NN_6-6,40
11.0,11,297508,CartPole-v1,"CP-ppo-ac-NN(6,6)-(lr=1.0e-5)-(86-params)",classic_NN_6-6,40
18.0,18,297532,CartPole-v1,"CP-ppo-ac-NN(6,6)-(lr=1.0e-5)-(86-params)",classic_NN_6-6,40
35.0,35,297624,CartPole-v1,"CP-ppo-ac-NN(6,6)-(lr=1.0e-5)-(86-params)",classic_NN_6-6,40
62.0,62,297664,CartPole-v1,"CP-ppo-ac-NN(6,6)-(lr=1.0e-5)-(86-params)",classic_NN_6-6,40
12.0,12,297672,CartPole-v1,"CP-ppo-ac-NN(6,6)-(lr=1.0e-5)-(86-params)",classic_NN_6-6,40
44.0,44,297708,CartPole-v1,"CP-ppo-ac-NN(6,6)-(lr=1.0e-5)-(86-params)",classic_NN_6-6,40
56.0,56,297732,CartPole-v1,"CP-ppo-ac-NN(6,6)-(lr=1.0e-5)-(86-params)",classic_NN_6-6,40
15.0,15,297732,CartPole-v1,"CP-ppo-ac-NN(6,6)-(lr=1.0e-5)-(86-params)",classic_NN_6-6,40
11.0,11,297776,CartPole-v1,"CP-ppo-ac-NN(6,6)-(lr=1.0e-5)-(86-params)",classic_NN_6-6,40
41.0,41,297828,CartPole-v1,"CP-ppo-ac-NN(6,6)-(lr=1.0e-5)-(86-params)",classic_NN_6-6,40
31.0,31,297856,CartPole-v1,"CP-ppo-ac-NN(6,6)-(lr=1.0e-5)-(86-params)",classic_NN_6-6,40
20.0,20,297908,CartPole-v1,"CP-ppo-ac-NN(6,6)-(lr=1.0e-5)-(86-params)",classic_NN_6-6,40
14.0,14,297912,CartPole-v1,"CP-ppo-ac-NN(6,6)-(lr=1.0e-5)-(86-params)",classic_NN_6-6,40
82.0,82,298036,CartPole-v1,"CP-ppo-ac-NN(6,6)-(lr=1.0e-5)-(86-params)",classic_NN_6-6,40
69.0,69,298052,CartPole-v1,"CP-ppo-ac-NN(6,6)-(lr=1.0e-5)-(86-params)",classic_NN_6-6,40
37.0,37,298056,CartPole-v1,"CP-ppo-ac-NN(6,6)-(lr=1.0e-5)-(86-params)",classic_NN_6-6,40
16.0,16,298100,CartPole-v1,"CP-ppo-ac-NN(6,6)-(lr=1.0e-5)-(86-params)",classic_NN_6-6,40
24.0,24,298148,CartPole-v1,"CP-ppo-ac-NN(6,6)-(lr=1.0e-5)-(86-params)",classic_NN_6-6,40
63.0,63,298164,CartPole-v1,"CP-ppo-ac-NN(6,6)-(lr=1.0e-5)-(86-params)",classic_NN_6-6,40
18.0,18,298220,CartPole-v1,"CP-ppo-ac-NN(6,6)-(lr=1.0e-5)-(86-params)",classic_NN_6-6,40
32.0,32,298228,CartPole-v1,"CP-ppo-ac-NN(6,6)-(lr=1.0e-5)-(86-params)",classic_NN_6-6,40
52.0,52,298264,CartPole-v1,"CP-ppo-ac-NN(6,6)-(lr=1.0e-5)-(86-params)",classic_NN_6-6,40
16.0,16,298284,CartPole-v1,"CP-ppo-ac-NN(6,6)-(lr=1.0e-5)-(86-params)",classic_NN_6-6,40
15.0,15,298344,CartPole-v1,"CP-ppo-ac-NN(6,6)-(lr=1.0e-5)-(86-params)",classic_NN_6-6,40
38.0,38,298380,CartPole-v1,"CP-ppo-ac-NN(6,6)-(lr=1.0e-5)-(86-params)",classic_NN_6-6,40
56.0,56,298388,CartPole-v1,"CP-ppo-ac-NN(6,6)-(lr=1.0e-5)-(86-params)",classic_NN_6-6,40
39.0,39,298420,CartPole-v1,"CP-ppo-ac-NN(6,6)-(lr=1.0e-5)-(86-params)",classic_NN_6-6,40
12.0,12,298428,CartPole-v1,"CP-ppo-ac-NN(6,6)-(lr=1.0e-5)-(86-params)",classic_NN_6-6,40
22.0,22,298508,CartPole-v1,"CP-ppo-ac-NN(6,6)-(lr=1.0e-5)-(86-params)",classic_NN_6-6,40
33.0,33,298560,CartPole-v1,"CP-ppo-ac-NN(6,6)-(lr=1.0e-5)-(86-params)",classic_NN_6-6,40
10.0,10,298600,CartPole-v1,"CP-ppo-ac-NN(6,6)-(lr=1.0e-5)-(86-params)",classic_NN_6-6,40
53.0,53,298600,CartPole-v1,"CP-ppo-ac-NN(6,6)-(lr=1.0e-5)-(86-params)",classic_NN_6-6,40
27.0,27,298616,CartPole-v1,"CP-ppo-ac-NN(6,6)-(lr=1.0e-5)-(86-params)",classic_NN_6-6,40
18.0,18,298672,CartPole-v1,"CP-ppo-ac-NN(6,6)-(lr=1.0e-5)-(86-params)",classic_NN_6-6,40
14.0,14,298728,CartPole-v1,"CP-ppo-ac-NN(6,6)-(lr=1.0e-5)-(86-params)",classic_NN_6-6,40
50.0,50,298800,CartPole-v1,"CP-ppo-ac-NN(6,6)-(lr=1.0e-5)-(86-params)",classic_NN_6-6,40
25.0,25,298828,CartPole-v1,"CP-ppo-ac-NN(6,6)-(lr=1.0e-5)-(86-params)",classic_NN_6-6,40
124.0,124,298840,CartPole-v1,"CP-ppo-ac-NN(6,6)-(lr=1.0e-5)-(86-params)",classic_NN_6-6,40
21.0,21,298912,CartPole-v1,"CP-ppo-ac-NN(6,6)-(lr=1.0e-5)-(86-params)",classic_NN_6-6,40
36.0,36,298984,CartPole-v1,"CP-ppo-ac-NN(6,6)-(lr=1.0e-5)-(86-params)",classic_NN_6-6,40
48.0,48,298992,CartPole-v1,"CP-ppo-ac-NN(6,6)-(lr=1.0e-5)-(86-params)",classic_NN_6-6,40
102.0,102,299024,CartPole-v1,"CP-ppo-ac-NN(6,6)-(lr=1.0e-5)-(86-params)",classic_NN_6-6,40
19.0,19,299060,CartPole-v1,"CP-ppo-ac-NN(6,6)-(lr=1.0e-5)-(86-params)",classic_NN_6-6,40
30.0,30,299112,CartPole-v1,"CP-ppo-ac-NN(6,6)-(lr=1.0e-5)-(86-params)",classic_NN_6-6,40
39.0,39,299216,CartPole-v1,"CP-ppo-ac-NN(6,6)-(lr=1.0e-5)-(86-params)",classic_NN_6-6,40
86.0,86,299256,CartPole-v1,"CP-ppo-ac-NN(6,6)-(lr=1.0e-5)-(86-params)",classic_NN_6-6,40
42.0,42,299280,CartPole-v1,"CP-ppo-ac-NN(6,6)-(lr=1.0e-5)-(86-params)",classic_NN_6-6,40
76.0,76,299328,CartPole-v1,"CP-ppo-ac-NN(6,6)-(lr=1.0e-5)-(86-params)",classic_NN_6-6,40
23.0,23,299348,CartPole-v1,"CP-ppo-ac-NN(6,6)-(lr=1.0e-5)-(86-params)",classic_NN_6-6,40
18.0,18,299352,CartPole-v1,"CP-ppo-ac-NN(6,6)-(lr=1.0e-5)-(86-params)",classic_NN_6-6,40
19.0,19,299424,CartPole-v1,"CP-ppo-ac-NN(6,6)-(lr=1.0e-5)-(86-params)",classic_NN_6-6,40
19.0,19,299428,CartPole-v1,"CP-ppo-ac-NN(6,6)-(lr=1.0e-5)-(86-params)",classic_NN_6-6,40
34.0,34,299464,CartPole-v1,"CP-ppo-ac-NN(6,6)-(lr=1.0e-5)-(86-params)",classic_NN_6-6,40
14.0,14,299484,CartPole-v1,"CP-ppo-ac-NN(6,6)-(lr=1.0e-5)-(86-params)",classic_NN_6-6,40
18.0,18,299496,CartPole-v1,"CP-ppo-ac-NN(6,6)-(lr=1.0e-5)-(86-params)",classic_NN_6-6,40
80.0,80,299536,CartPole-v1,"CP-ppo-ac-NN(6,6)-(lr=1.0e-5)-(86-params)",classic_NN_6-6,40
18.0,18,299568,CartPole-v1,"CP-ppo-ac-NN(6,6)-(lr=1.0e-5)-(86-params)",classic_NN_6-6,40
29.0,29,299580,CartPole-v1,"CP-ppo-ac-NN(6,6)-(lr=1.0e-5)-(86-params)",classic_NN_6-6,40
35.0,35,299624,CartPole-v1,"CP-ppo-ac-NN(6,6)-(lr=1.0e-5)-(86-params)",classic_NN_6-6,40
16.0,16,299632,CartPole-v1,"CP-ppo-ac-NN(6,6)-(lr=1.0e-5)-(86-params)",classic_NN_6-6,40
26.0,26,299640,CartPole-v1,"CP-ppo-ac-NN(6,6)-(lr=1.0e-5)-(86-params)",classic_NN_6-6,40
33.0,33,299756,CartPole-v1,"CP-ppo-ac-NN(6,6)-(lr=1.0e-5)-(86-params)",classic_NN_6-6,40
41.0,41,299796,CartPole-v1,"CP-ppo-ac-NN(6,6)-(lr=1.0e-5)-(86-params)",classic_NN_6-6,40
16.0,16,299820,CartPole-v1,"CP-ppo-ac-NN(6,6)-(lr=1.0e-5)-(86-params)",classic_NN_6-6,40
69.0,69,299856,CartPole-v1,"CP-ppo-ac-NN(6,6)-(lr=1.0e-5)-(86-params)",classic_NN_6-6,40
68.0,68,299912,CartPole-v1,"CP-ppo-ac-NN(6,6)-(lr=1.0e-5)-(86-params)",classic_NN_6-6,40
20.0,20,299936,CartPole-v1,"CP-ppo-ac-NN(6,6)-(lr=1.0e-5)-(86-params)",classic_NN_6-6,40
26.0,26,300040,CartPole-v1,"CP-ppo-ac-NN(6,6)-(lr=1.0e-5)-(86-params)",classic_NN_6-6,40
70.0,70,300076,CartPole-v1,"CP-ppo-ac-NN(6,6)-(lr=1.0e-5)-(86-params)",classic_NN_6-6,40
12.0,12,300088,CartPole-v1,"CP-ppo-ac-NN(6,6)-(lr=1.0e-5)-(86-params)",classic_NN_6-6,40
46.0,46,300096,CartPole-v1,"CP-ppo-ac-NN(6,6)-(lr=1.0e-5)-(86-params)",classic_NN_6-6,40
70.0,70,300100,CartPole-v1,"CP-ppo-ac-NN(6,6)-(lr=1.0e-5)-(86-params)",classic_NN_6-6,40
15.0,15,300136,CartPole-v1,"CP-ppo-ac-NN(6,6)-(lr=1.0e-5)-(86-params)",classic_NN_6-6,40
12.0,12,300148,CartPole-v1,"CP-ppo-ac-NN(6,6)-(lr=1.0e-5)-(86-params)",classic_NN_6-6,40
14.0,14,300152,CartPole-v1,"CP-ppo-ac-NN(6,6)-(lr=1.0e-5)-(86-params)",classic_NN_6-6,40
11.0,11,300180,CartPole-v1,"CP-ppo-ac-NN(6,6)-(lr=1.0e-5)-(86-params)",classic_NN_6-6,40
28.0,28,300200,CartPole-v1,"CP-ppo-ac-NN(6,6)-(lr=1.0e-5)-(86-params)",classic_NN_6-6,40
19.0,19,300228,CartPole-v1,"CP-ppo-ac-NN(6,6)-(lr=1.0e-5)-(86-params)",classic_NN_6-6,40
14.0,14,300284,CartPole-v1,"CP-ppo-ac-NN(6,6)-(lr=1.0e-5)-(86-params)",classic_NN_6-6,40
26.0,26,300304,CartPole-v1,"CP-ppo-ac-NN(6,6)-(lr=1.0e-5)-(86-params)",classic_NN_6-6,40
31.0,31,300304,CartPole-v1,"CP-ppo-ac-NN(6,6)-(lr=1.0e-5)-(86-params)",classic_NN_6-6,40
12.0,12,300332,CartPole-v1,"CP-ppo-ac-NN(6,6)-(lr=1.0e-5)-(86-params)",classic_NN_6-6,40
16.0,16,300368,CartPole-v1,"CP-ppo-ac-NN(6,6)-(lr=1.0e-5)-(86-params)",classic_NN_6-6,40
58.0,58,300380,CartPole-v1,"CP-ppo-ac-NN(6,6)-(lr=1.0e-5)-(86-params)",classic_NN_6-6,40
36.0,36,300512,CartPole-v1,"CP-ppo-ac-NN(6,6)-(lr=1.0e-5)-(86-params)",classic_NN_6-6,40
34.0,34,300516,CartPole-v1,"CP-ppo-ac-NN(6,6)-(lr=1.0e-5)-(86-params)",classic_NN_6-6,40
48.0,48,300524,CartPole-v1,"CP-ppo-ac-NN(6,6)-(lr=1.0e-5)-(86-params)",classic_NN_6-6,40
58.0,58,300536,CartPole-v1,"CP-ppo-ac-NN(6,6)-(lr=1.0e-5)-(86-params)",classic_NN_6-6,40
10.0,10,300564,CartPole-v1,"CP-ppo-ac-NN(6,6)-(lr=1.0e-5)-(86-params)",classic_NN_6-6,40
22.0,22,300604,CartPole-v1,"CP-ppo-ac-NN(6,6)-(lr=1.0e-5)-(86-params)",classic_NN_6-6,40
25.0,25,300612,CartPole-v1,"CP-ppo-ac-NN(6,6)-(lr=1.0e-5)-(86-params)",classic_NN_6-6,40
19.0,19,300640,CartPole-v1,"CP-ppo-ac-NN(6,6)-(lr=1.0e-5)-(86-params)",classic_NN_6-6,40
16.0,16,300704,CartPole-v1,"CP-ppo-ac-NN(6,6)-(lr=1.0e-5)-(86-params)",classic_NN_6-6,40
42.0,42,300704,CartPole-v1,"CP-ppo-ac-NN(6,6)-(lr=1.0e-5)-(86-params)",classic_NN_6-6,40
21.0,21,300788,CartPole-v1,"CP-ppo-ac-NN(6,6)-(lr=1.0e-5)-(86-params)",classic_NN_6-6,40
21.0,21,300788,CartPole-v1,"CP-ppo-ac-NN(6,6)-(lr=1.0e-5)-(86-params)",classic_NN_6-6,40
49.0,49,300808,CartPole-v1,"CP-ppo-ac-NN(6,6)-(lr=1.0e-5)-(86-params)",classic_NN_6-6,40
71.0,71,300888,CartPole-v1,"CP-ppo-ac-NN(6,6)-(lr=1.0e-5)-(86-params)",classic_NN_6-6,40
26.0,26,300892,CartPole-v1,"CP-ppo-ac-NN(6,6)-(lr=1.0e-5)-(86-params)",classic_NN_6-6,40
32.0,32,300936,CartPole-v1,"CP-ppo-ac-NN(6,6)-(lr=1.0e-5)-(86-params)",classic_NN_6-6,40
12.0,12,300984,CartPole-v1,"CP-ppo-ac-NN(6,6)-(lr=1.0e-5)-(86-params)",classic_NN_6-6,40
26.0,26,300992,CartPole-v1,"CP-ppo-ac-NN(6,6)-(lr=1.0e-5)-(86-params)",classic_NN_6-6,40
60.0,60,301028,CartPole-v1,"CP-ppo-ac-NN(6,6)-(lr=1.0e-5)-(86-params)",classic_NN_6-6,40
51.0,51,301096,CartPole-v1,"CP-ppo-ac-NN(6,6)-(lr=1.0e-5)-(86-params)",classic_NN_6-6,40
36.0,36,301128,CartPole-v1,"CP-ppo-ac-NN(6,6)-(lr=1.0e-5)-(86-params)",classic_NN_6-6,40
35.0,35,301132,CartPole-v1,"CP-ppo-ac-NN(6,6)-(lr=1.0e-5)-(86-params)",classic_NN_6-6,40
23.0,23,301188,CartPole-v1,"CP-ppo-ac-NN(6,6)-(lr=1.0e-5)-(86-params)",classic_NN_6-6,40
34.0,34,301268,CartPole-v1,"CP-ppo-ac-NN(6,6)-(lr=1.0e-5)-(86-params)",classic_NN_6-6,40
38.0,38,301280,CartPole-v1,"CP-ppo-ac-NN(6,6)-(lr=1.0e-5)-(86-params)",classic_NN_6-6,40
16.0,16,301332,CartPole-v1,"CP-ppo-ac-NN(6,6)-(lr=1.0e-5)-(86-params)",classic_NN_6-6,40
76.0,76,301332,CartPole-v1,"CP-ppo-ac-NN(6,6)-(lr=1.0e-5)-(86-params)",classic_NN_6-6,40
15.0,15,301340,CartPole-v1,"CP-ppo-ac-NN(6,6)-(lr=1.0e-5)-(86-params)",classic_NN_6-6,40
44.0,44,301364,CartPole-v1,"CP-ppo-ac-NN(6,6)-(lr=1.0e-5)-(86-params)",classic_NN_6-6,40
18.0,18,301404,CartPole-v1,"CP-ppo-ac-NN(6,6)-(lr=1.0e-5)-(86-params)",classic_NN_6-6,40
16.0,16,301428,CartPole-v1,"CP-ppo-ac-NN(6,6)-(lr=1.0e-5)-(86-params)",classic_NN_6-6,40
27.0,27,301440,CartPole-v1,"CP-ppo-ac-NN(6,6)-(lr=1.0e-5)-(86-params)",classic_NN_6-6,40
17.0,17,301508,CartPole-v1,"CP-ppo-ac-NN(6,6)-(lr=1.0e-5)-(86-params)",classic_NN_6-6,40
27.0,27,301512,CartPole-v1,"CP-ppo-ac-NN(6,6)-(lr=1.0e-5)-(86-params)",classic_NN_6-6,40
14.0,14,301568,CartPole-v1,"CP-ppo-ac-NN(6,6)-(lr=1.0e-5)-(86-params)",classic_NN_6-6,40
37.0,37,301576,CartPole-v1,"CP-ppo-ac-NN(6,6)-(lr=1.0e-5)-(86-params)",classic_NN_6-6,40
70.0,70,301620,CartPole-v1,"CP-ppo-ac-NN(6,6)-(lr=1.0e-5)-(86-params)",classic_NN_6-6,40
17.0,17,301644,CartPole-v1,"CP-ppo-ac-NN(6,6)-(lr=1.0e-5)-(86-params)",classic_NN_6-6,40
45.0,45,301688,CartPole-v1,"CP-ppo-ac-NN(6,6)-(lr=1.0e-5)-(86-params)",classic_NN_6-6,40
32.0,32,301696,CartPole-v1,"CP-ppo-ac-NN(6,6)-(lr=1.0e-5)-(86-params)",classic_NN_6-6,40
26.0,26,301748,CartPole-v1,"CP-ppo-ac-NN(6,6)-(lr=1.0e-5)-(86-params)",classic_NN_6-6,40
24.0,24,301792,CartPole-v1,"CP-ppo-ac-NN(6,6)-(lr=1.0e-5)-(86-params)",classic_NN_6-6,40
34.0,34,301824,CartPole-v1,"CP-ppo-ac-NN(6,6)-(lr=1.0e-5)-(86-params)",classic_NN_6-6,40
58.0,58,301852,CartPole-v1,"CP-ppo-ac-NN(6,6)-(lr=1.0e-5)-(86-params)",classic_NN_6-6,40
12.0,12,301872,CartPole-v1,"CP-ppo-ac-NN(6,6)-(lr=1.0e-5)-(86-params)",classic_NN_6-6,40
29.0,29,301908,CartPole-v1,"CP-ppo-ac-NN(6,6)-(lr=1.0e-5)-(86-params)",classic_NN_6-6,40
11.0,11,301916,CartPole-v1,"CP-ppo-ac-NN(6,6)-(lr=1.0e-5)-(86-params)",classic_NN_6-6,40
31.0,31,301976,CartPole-v1,"CP-ppo-ac-NN(6,6)-(lr=1.0e-5)-(86-params)",classic_NN_6-6,40
60.0,60,301988,CartPole-v1,"CP-ppo-ac-NN(6,6)-(lr=1.0e-5)-(86-params)",classic_NN_6-6,40
26.0,26,302020,CartPole-v1,"CP-ppo-ac-NN(6,6)-(lr=1.0e-5)-(86-params)",classic_NN_6-6,40
30.0,30,302028,CartPole-v1,"CP-ppo-ac-NN(6,6)-(lr=1.0e-5)-(86-params)",classic_NN_6-6,40
26.0,26,302080,CartPole-v1,"CP-ppo-ac-NN(6,6)-(lr=1.0e-5)-(86-params)",classic_NN_6-6,40
18.0,18,302100,CartPole-v1,"CP-ppo-ac-NN(6,6)-(lr=1.0e-5)-(86-params)",classic_NN_6-6,40
26.0,26,302124,CartPole-v1,"CP-ppo-ac-NN(6,6)-(lr=1.0e-5)-(86-params)",classic_NN_6-6,40
37.0,37,302136,CartPole-v1,"CP-ppo-ac-NN(6,6)-(lr=1.0e-5)-(86-params)",classic_NN_6-6,40
16.0,16,302164,CartPole-v1,"CP-ppo-ac-NN(6,6)-(lr=1.0e-5)-(86-params)",classic_NN_6-6,40
20.0,20,302204,CartPole-v1,"CP-ppo-ac-NN(6,6)-(lr=1.0e-5)-(86-params)",classic_NN_6-6,40
30.0,30,302256,CartPole-v1,"CP-ppo-ac-NN(6,6)-(lr=1.0e-5)-(86-params)",classic_NN_6-6,40
16.0,16,302268,CartPole-v1,"CP-ppo-ac-NN(6,6)-(lr=1.0e-5)-(86-params)",classic_NN_6-6,40
62.0,62,302328,CartPole-v1,"CP-ppo-ac-NN(6,6)-(lr=1.0e-5)-(86-params)",classic_NN_6-6,40
24.0,24,302352,CartPole-v1,"CP-ppo-ac-NN(6,6)-(lr=1.0e-5)-(86-params)",classic_NN_6-6,40
56.0,56,302388,CartPole-v1,"CP-ppo-ac-NN(6,6)-(lr=1.0e-5)-(86-params)",classic_NN_6-6,40
23.0,23,302444,CartPole-v1,"CP-ppo-ac-NN(6,6)-(lr=1.0e-5)-(86-params)",classic_NN_6-6,40
46.0,46,302452,CartPole-v1,"CP-ppo-ac-NN(6,6)-(lr=1.0e-5)-(86-params)",classic_NN_6-6,40
39.0,39,302484,CartPole-v1,"CP-ppo-ac-NN(6,6)-(lr=1.0e-5)-(86-params)",classic_NN_6-6,40
11.0,11,302488,CartPole-v1,"CP-ppo-ac-NN(6,6)-(lr=1.0e-5)-(86-params)",classic_NN_6-6,40
14.0,14,302544,CartPole-v1,"CP-ppo-ac-NN(6,6)-(lr=1.0e-5)-(86-params)",classic_NN_6-6,40
19.0,19,302560,CartPole-v1,"CP-ppo-ac-NN(6,6)-(lr=1.0e-5)-(86-params)",classic_NN_6-6,40
44.0,44,302564,CartPole-v1,"CP-ppo-ac-NN(6,6)-(lr=1.0e-5)-(86-params)",classic_NN_6-6,40
41.0,41,302616,CartPole-v1,"CP-ppo-ac-NN(6,6)-(lr=1.0e-5)-(86-params)",classic_NN_6-6,40
29.0,29,302660,CartPole-v1,"CP-ppo-ac-NN(6,6)-(lr=1.0e-5)-(86-params)",classic_NN_6-6,40
30.0,30,302680,CartPole-v1,"CP-ppo-ac-NN(6,6)-(lr=1.0e-5)-(86-params)",classic_NN_6-6,40
32.0,32,302692,CartPole-v1,"CP-ppo-ac-NN(6,6)-(lr=1.0e-5)-(86-params)",classic_NN_6-6,40
26.0,26,302720,CartPole-v1,"CP-ppo-ac-NN(6,6)-(lr=1.0e-5)-(86-params)",classic_NN_6-6,40
19.0,19,302756,CartPole-v1,"CP-ppo-ac-NN(6,6)-(lr=1.0e-5)-(86-params)",classic_NN_6-6,40
15.0,15,302780,CartPole-v1,"CP-ppo-ac-NN(6,6)-(lr=1.0e-5)-(86-params)",classic_NN_6-6,40
40.0,40,302852,CartPole-v1,"CP-ppo-ac-NN(6,6)-(lr=1.0e-5)-(86-params)",classic_NN_6-6,40
29.0,29,302872,CartPole-v1,"CP-ppo-ac-NN(6,6)-(lr=1.0e-5)-(86-params)",classic_NN_6-6,40
35.0,35,302920,CartPole-v1,"CP-ppo-ac-NN(6,6)-(lr=1.0e-5)-(86-params)",classic_NN_6-6,40
15.0,15,302932,CartPole-v1,"CP-ppo-ac-NN(6,6)-(lr=1.0e-5)-(86-params)",classic_NN_6-6,40
71.0,71,302944,CartPole-v1,"CP-ppo-ac-NN(6,6)-(lr=1.0e-5)-(86-params)",classic_NN_6-6,40
19.0,19,303008,CartPole-v1,"CP-ppo-ac-NN(6,6)-(lr=1.0e-5)-(86-params)",classic_NN_6-6,40
23.0,23,303012,CartPole-v1,"CP-ppo-ac-NN(6,6)-(lr=1.0e-5)-(86-params)",classic_NN_6-6,40
51.0,51,303056,CartPole-v1,"CP-ppo-ac-NN(6,6)-(lr=1.0e-5)-(86-params)",classic_NN_6-6,40
18.0,18,303084,CartPole-v1,"CP-ppo-ac-NN(6,6)-(lr=1.0e-5)-(86-params)",classic_NN_6-6,40
50.0,50,303144,CartPole-v1,"CP-ppo-ac-NN(6,6)-(lr=1.0e-5)-(86-params)",classic_NN_6-6,40
27.0,27,303164,CartPole-v1,"CP-ppo-ac-NN(6,6)-(lr=1.0e-5)-(86-params)",classic_NN_6-6,40
40.0,40,303168,CartPole-v1,"CP-ppo-ac-NN(6,6)-(lr=1.0e-5)-(86-params)",classic_NN_6-6,40
16.0,16,303208,CartPole-v1,"CP-ppo-ac-NN(6,6)-(lr=1.0e-5)-(86-params)",classic_NN_6-6,40
44.0,44,303260,CartPole-v1,"CP-ppo-ac-NN(6,6)-(lr=1.0e-5)-(86-params)",classic_NN_6-6,40
32.0,32,303296,CartPole-v1,"CP-ppo-ac-NN(6,6)-(lr=1.0e-5)-(86-params)",classic_NN_6-6,40
15.0,15,303320,CartPole-v1,"CP-ppo-ac-NN(6,6)-(lr=1.0e-5)-(86-params)",classic_NN_6-6,40
34.0,34,303344,CartPole-v1,"CP-ppo-ac-NN(6,6)-(lr=1.0e-5)-(86-params)",classic_NN_6-6,40
22.0,22,303408,CartPole-v1,"CP-ppo-ac-NN(6,6)-(lr=1.0e-5)-(86-params)",classic_NN_6-6,40
21.0,21,303428,CartPole-v1,"CP-ppo-ac-NN(6,6)-(lr=1.0e-5)-(86-params)",classic_NN_6-6,40
71.0,71,303448,CartPole-v1,"CP-ppo-ac-NN(6,6)-(lr=1.0e-5)-(86-params)",classic_NN_6-6,40
11.0,11,303472,CartPole-v1,"CP-ppo-ac-NN(6,6)-(lr=1.0e-5)-(86-params)",classic_NN_6-6,40
20.0,20,303488,CartPole-v1,"CP-ppo-ac-NN(6,6)-(lr=1.0e-5)-(86-params)",classic_NN_6-6,40
61.0,61,303540,CartPole-v1,"CP-ppo-ac-NN(6,6)-(lr=1.0e-5)-(86-params)",classic_NN_6-6,40
24.0,24,303584,CartPole-v1,"CP-ppo-ac-NN(6,6)-(lr=1.0e-5)-(86-params)",classic_NN_6-6,40
12.0,12,303632,CartPole-v1,"CP-ppo-ac-NN(6,6)-(lr=1.0e-5)-(86-params)",classic_NN_6-6,40
46.0,46,303632,CartPole-v1,"CP-ppo-ac-NN(6,6)-(lr=1.0e-5)-(86-params)",classic_NN_6-6,40
27.0,27,303648,CartPole-v1,"CP-ppo-ac-NN(6,6)-(lr=1.0e-5)-(86-params)",classic_NN_6-6,40
11.0,11,303676,CartPole-v1,"CP-ppo-ac-NN(6,6)-(lr=1.0e-5)-(86-params)",classic_NN_6-6,40
20.0,20,303728,CartPole-v1,"CP-ppo-ac-NN(6,6)-(lr=1.0e-5)-(86-params)",classic_NN_6-6,40
76.0,76,303776,CartPole-v1,"CP-ppo-ac-NN(6,6)-(lr=1.0e-5)-(86-params)",classic_NN_6-6,40
36.0,36,303776,CartPole-v1,"CP-ppo-ac-NN(6,6)-(lr=1.0e-5)-(86-params)",classic_NN_6-6,40
10.0,10,303816,CartPole-v1,"CP-ppo-ac-NN(6,6)-(lr=1.0e-5)-(86-params)",classic_NN_6-6,40
49.0,49,303924,CartPole-v1,"CP-ppo-ac-NN(6,6)-(lr=1.0e-5)-(86-params)",classic_NN_6-6,40
68.0,68,303948,CartPole-v1,"CP-ppo-ac-NN(6,6)-(lr=1.0e-5)-(86-params)",classic_NN_6-6,40
13.0,13,303976,CartPole-v1,"CP-ppo-ac-NN(6,6)-(lr=1.0e-5)-(86-params)",classic_NN_6-6,40
52.0,52,303984,CartPole-v1,"CP-ppo-ac-NN(6,6)-(lr=1.0e-5)-(86-params)",classic_NN_6-6,40
9.0,9,304020,CartPole-v1,"CP-ppo-ac-NN(6,6)-(lr=1.0e-5)-(86-params)",classic_NN_6-6,40
26.0,26,304052,CartPole-v1,"CP-ppo-ac-NN(6,6)-(lr=1.0e-5)-(86-params)",classic_NN_6-6,40
20.0,20,304100,CartPole-v1,"CP-ppo-ac-NN(6,6)-(lr=1.0e-5)-(86-params)",classic_NN_6-6,40
45.0,45,304156,CartPole-v1,"CP-ppo-ac-NN(6,6)-(lr=1.0e-5)-(86-params)",classic_NN_6-6,40
88.0,88,304168,CartPole-v1,"CP-ppo-ac-NN(6,6)-(lr=1.0e-5)-(86-params)",classic_NN_6-6,40
33.0,33,304184,CartPole-v1,"CP-ppo-ac-NN(6,6)-(lr=1.0e-5)-(86-params)",classic_NN_6-6,40
34.0,34,304236,CartPole-v1,"CP-ppo-ac-NN(6,6)-(lr=1.0e-5)-(86-params)",classic_NN_6-6,40
15.0,15,304244,CartPole-v1,"CP-ppo-ac-NN(6,6)-(lr=1.0e-5)-(86-params)",classic_NN_6-6,40
29.0,29,304272,CartPole-v1,"CP-ppo-ac-NN(6,6)-(lr=1.0e-5)-(86-params)",classic_NN_6-6,40
37.0,37,304316,CartPole-v1,"CP-ppo-ac-NN(6,6)-(lr=1.0e-5)-(86-params)",classic_NN_6-6,40
20.0,20,304352,CartPole-v1,"CP-ppo-ac-NN(6,6)-(lr=1.0e-5)-(86-params)",classic_NN_6-6,40
39.0,39,304392,CartPole-v1,"CP-ppo-ac-NN(6,6)-(lr=1.0e-5)-(86-params)",classic_NN_6-6,40
29.0,29,304432,CartPole-v1,"CP-ppo-ac-NN(6,6)-(lr=1.0e-5)-(86-params)",classic_NN_6-6,40
55.0,55,304464,CartPole-v1,"CP-ppo-ac-NN(6,6)-(lr=1.0e-5)-(86-params)",classic_NN_6-6,40
30.0,30,304512,CartPole-v1,"CP-ppo-ac-NN(6,6)-(lr=1.0e-5)-(86-params)",classic_NN_6-6,40
23.0,23,304556,CartPole-v1,"CP-ppo-ac-NN(6,6)-(lr=1.0e-5)-(86-params)",classic_NN_6-6,40
42.0,42,304600,CartPole-v1,"CP-ppo-ac-NN(6,6)-(lr=1.0e-5)-(86-params)",classic_NN_6-6,40
13.0,13,304608,CartPole-v1,"CP-ppo-ac-NN(6,6)-(lr=1.0e-5)-(86-params)",classic_NN_6-6,40
72.0,72,304640,CartPole-v1,"CP-ppo-ac-NN(6,6)-(lr=1.0e-5)-(86-params)",classic_NN_6-6,40
42.0,42,304680,CartPole-v1,"CP-ppo-ac-NN(6,6)-(lr=1.0e-5)-(86-params)",classic_NN_6-6,40
21.0,21,304724,CartPole-v1,"CP-ppo-ac-NN(6,6)-(lr=1.0e-5)-(86-params)",classic_NN_6-6,40
50.0,50,304808,CartPole-v1,"CP-ppo-ac-NN(6,6)-(lr=1.0e-5)-(86-params)",classic_NN_6-6,40
27.0,27,304832,CartPole-v1,"CP-ppo-ac-NN(6,6)-(lr=1.0e-5)-(86-params)",classic_NN_6-6,40
65.0,65,304860,CartPole-v1,"CP-ppo-ac-NN(6,6)-(lr=1.0e-5)-(86-params)",classic_NN_6-6,40
21.0,21,304944,CartPole-v1,"CP-ppo-ac-NN(6,6)-(lr=1.0e-5)-(86-params)",classic_NN_6-6,40
74.0,74,304976,CartPole-v1,"CP-ppo-ac-NN(6,6)-(lr=1.0e-5)-(86-params)",classic_NN_6-6,40
43.0,43,304980,CartPole-v1,"CP-ppo-ac-NN(6,6)-(lr=1.0e-5)-(86-params)",classic_NN_6-6,40
14.0,14,305000,CartPole-v1,"CP-ppo-ac-NN(6,6)-(lr=1.0e-5)-(86-params)",classic_NN_6-6,40
57.0,57,305060,CartPole-v1,"CP-ppo-ac-NN(6,6)-(lr=1.0e-5)-(86-params)",classic_NN_6-6,40
18.0,18,305072,CartPole-v1,"CP-ppo-ac-NN(6,6)-(lr=1.0e-5)-(86-params)",classic_NN_6-6,40
27.0,27,305088,CartPole-v1,"CP-ppo-ac-NN(6,6)-(lr=1.0e-5)-(86-params)",classic_NN_6-6,40
30.0,30,305096,CartPole-v1,"CP-ppo-ac-NN(6,6)-(lr=1.0e-5)-(86-params)",classic_NN_6-6,40
9.0,9,305108,CartPole-v1,"CP-ppo-ac-NN(6,6)-(lr=1.0e-5)-(86-params)",classic_NN_6-6,40
18.0,18,305132,CartPole-v1,"CP-ppo-ac-NN(6,6)-(lr=1.0e-5)-(86-params)",classic_NN_6-6,40
17.0,17,305200,CartPole-v1,"CP-ppo-ac-NN(6,6)-(lr=1.0e-5)-(86-params)",classic_NN_6-6,40
35.0,35,305236,CartPole-v1,"CP-ppo-ac-NN(6,6)-(lr=1.0e-5)-(86-params)",classic_NN_6-6,40
15.0,15,305260,CartPole-v1,"CP-ppo-ac-NN(6,6)-(lr=1.0e-5)-(86-params)",classic_NN_6-6,40
47.0,47,305276,CartPole-v1,"CP-ppo-ac-NN(6,6)-(lr=1.0e-5)-(86-params)",classic_NN_6-6,40
15.0,15,305336,CartPole-v1,"CP-ppo-ac-NN(6,6)-(lr=1.0e-5)-(86-params)",classic_NN_6-6,40
30.0,30,305356,CartPole-v1,"CP-ppo-ac-NN(6,6)-(lr=1.0e-5)-(86-params)",classic_NN_6-6,40
64.0,64,305364,CartPole-v1,"CP-ppo-ac-NN(6,6)-(lr=1.0e-5)-(86-params)",classic_NN_6-6,40
47.0,47,305448,CartPole-v1,"CP-ppo-ac-NN(6,6)-(lr=1.0e-5)-(86-params)",classic_NN_6-6,40
30.0,30,305456,CartPole-v1,"CP-ppo-ac-NN(6,6)-(lr=1.0e-5)-(86-params)",classic_NN_6-6,40
27.0,27,305464,CartPole-v1,"CP-ppo-ac-NN(6,6)-(lr=1.0e-5)-(86-params)",classic_NN_6-6,40
38.0,38,305516,CartPole-v1,"CP-ppo-ac-NN(6,6)-(lr=1.0e-5)-(86-params)",classic_NN_6-6,40
25.0,25,305564,CartPole-v1,"CP-ppo-ac-NN(6,6)-(lr=1.0e-5)-(86-params)",classic_NN_6-6,40
39.0,39,305604,CartPole-v1,"CP-ppo-ac-NN(6,6)-(lr=1.0e-5)-(86-params)",classic_NN_6-6,40
13.0,13,305656,CartPole-v1,"CP-ppo-ac-NN(6,6)-(lr=1.0e-5)-(86-params)",classic_NN_6-6,40
26.0,26,305668,CartPole-v1,"CP-ppo-ac-NN(6,6)-(lr=1.0e-5)-(86-params)",classic_NN_6-6,40
66.0,66,305720,CartPole-v1,"CP-ppo-ac-NN(6,6)-(lr=1.0e-5)-(86-params)",classic_NN_6-6,40
52.0,52,305724,CartPole-v1,"CP-ppo-ac-NN(6,6)-(lr=1.0e-5)-(86-params)",classic_NN_6-6,40
32.0,32,305784,CartPole-v1,"CP-ppo-ac-NN(6,6)-(lr=1.0e-5)-(86-params)",classic_NN_6-6,40
24.0,24,305820,CartPole-v1,"CP-ppo-ac-NN(6,6)-(lr=1.0e-5)-(86-params)",classic_NN_6-6,40
32.0,32,305848,CartPole-v1,"CP-ppo-ac-NN(6,6)-(lr=1.0e-5)-(86-params)",classic_NN_6-6,40
23.0,23,305876,CartPole-v1,"CP-ppo-ac-NN(6,6)-(lr=1.0e-5)-(86-params)",classic_NN_6-6,40
20.0,20,305928,CartPole-v1,"CP-ppo-ac-NN(6,6)-(lr=1.0e-5)-(86-params)",classic_NN_6-6,40
34.0,34,305956,CartPole-v1,"CP-ppo-ac-NN(6,6)-(lr=1.0e-5)-(86-params)",classic_NN_6-6,40
73.0,73,305960,CartPole-v1,"CP-ppo-ac-NN(6,6)-(lr=1.0e-5)-(86-params)",classic_NN_6-6,40
25.0,25,305976,CartPole-v1,"CP-ppo-ac-NN(6,6)-(lr=1.0e-5)-(86-params)",classic_NN_6-6,40
15.0,15,306016,CartPole-v1,"CP-ppo-ac-NN(6,6)-(lr=1.0e-5)-(86-params)",classic_NN_6-6,40
27.0,27,306036,CartPole-v1,"CP-ppo-ac-NN(6,6)-(lr=1.0e-5)-(86-params)",classic_NN_6-6,40
25.0,25,306076,CartPole-v1,"CP-ppo-ac-NN(6,6)-(lr=1.0e-5)-(86-params)",classic_NN_6-6,40
31.0,31,306084,CartPole-v1,"CP-ppo-ac-NN(6,6)-(lr=1.0e-5)-(86-params)",classic_NN_6-6,40
29.0,29,306132,CartPole-v1,"CP-ppo-ac-NN(6,6)-(lr=1.0e-5)-(86-params)",classic_NN_6-6,40
17.0,17,306144,CartPole-v1,"CP-ppo-ac-NN(6,6)-(lr=1.0e-5)-(86-params)",classic_NN_6-6,40
27.0,27,306144,CartPole-v1,"CP-ppo-ac-NN(6,6)-(lr=1.0e-5)-(86-params)",classic_NN_6-6,40
39.0,39,306240,CartPole-v1,"CP-ppo-ac-NN(6,6)-(lr=1.0e-5)-(86-params)",classic_NN_6-6,40
28.0,28,306256,CartPole-v1,"CP-ppo-ac-NN(6,6)-(lr=1.0e-5)-(86-params)",classic_NN_6-6,40
32.0,32,306272,CartPole-v1,"CP-ppo-ac-NN(6,6)-(lr=1.0e-5)-(86-params)",classic_NN_6-6,40
46.0,46,306316,CartPole-v1,"CP-ppo-ac-NN(6,6)-(lr=1.0e-5)-(86-params)",classic_NN_6-6,40
19.0,19,306316,CartPole-v1,"CP-ppo-ac-NN(6,6)-(lr=1.0e-5)-(86-params)",classic_NN_6-6,40
23.0,23,306364,CartPole-v1,"CP-ppo-ac-NN(6,6)-(lr=1.0e-5)-(86-params)",classic_NN_6-6,40
42.0,42,306424,CartPole-v1,"CP-ppo-ac-NN(6,6)-(lr=1.0e-5)-(86-params)",classic_NN_6-6,40
31.0,31,306440,CartPole-v1,"CP-ppo-ac-NN(6,6)-(lr=1.0e-5)-(86-params)",classic_NN_6-6,40
45.0,45,306496,CartPole-v1,"CP-ppo-ac-NN(6,6)-(lr=1.0e-5)-(86-params)",classic_NN_6-6,40
19.0,19,306516,CartPole-v1,"CP-ppo-ac-NN(6,6)-(lr=1.0e-5)-(86-params)",classic_NN_6-6,40
26.0,26,306528,CartPole-v1,"CP-ppo-ac-NN(6,6)-(lr=1.0e-5)-(86-params)",classic_NN_6-6,40
44.0,44,306540,CartPole-v1,"CP-ppo-ac-NN(6,6)-(lr=1.0e-5)-(86-params)",classic_NN_6-6,40
19.0,19,306604,CartPole-v1,"CP-ppo-ac-NN(6,6)-(lr=1.0e-5)-(86-params)",classic_NN_6-6,40
25.0,25,306616,CartPole-v1,"CP-ppo-ac-NN(6,6)-(lr=1.0e-5)-(86-params)",classic_NN_6-6,40
35.0,35,306636,CartPole-v1,"CP-ppo-ac-NN(6,6)-(lr=1.0e-5)-(86-params)",classic_NN_6-6,40
18.0,18,306676,CartPole-v1,"CP-ppo-ac-NN(6,6)-(lr=1.0e-5)-(86-params)",classic_NN_6-6,40
37.0,37,306688,CartPole-v1,"CP-ppo-ac-NN(6,6)-(lr=1.0e-5)-(86-params)",classic_NN_6-6,40
27.0,27,306724,CartPole-v1,"CP-ppo-ac-NN(6,6)-(lr=1.0e-5)-(86-params)",classic_NN_6-6,40
24.0,24,306732,CartPole-v1,"CP-ppo-ac-NN(6,6)-(lr=1.0e-5)-(86-params)",classic_NN_6-6,40
25.0,25,306776,CartPole-v1,"CP-ppo-ac-NN(6,6)-(lr=1.0e-5)-(86-params)",classic_NN_6-6,40
28.0,28,306836,CartPole-v1,"CP-ppo-ac-NN(6,6)-(lr=1.0e-5)-(86-params)",classic_NN_6-6,40
29.0,29,306892,CartPole-v1,"CP-ppo-ac-NN(6,6)-(lr=1.0e-5)-(86-params)",classic_NN_6-6,40
56.0,56,306912,CartPole-v1,"CP-ppo-ac-NN(6,6)-(lr=1.0e-5)-(86-params)",classic_NN_6-6,40
14.0,14,306948,CartPole-v1,"CP-ppo-ac-NN(6,6)-(lr=1.0e-5)-(86-params)",classic_NN_6-6,40
46.0,46,307020,CartPole-v1,"CP-ppo-ac-NN(6,6)-(lr=1.0e-5)-(86-params)",classic_NN_6-6,40
90.0,90,307092,CartPole-v1,"CP-ppo-ac-NN(6,6)-(lr=1.0e-5)-(86-params)",classic_NN_6-6,40
25.0,25,307120,CartPole-v1,"CP-ppo-ac-NN(6,6)-(lr=1.0e-5)-(86-params)",classic_NN_6-6,40
44.0,44,307124,CartPole-v1,"CP-ppo-ac-NN(6,6)-(lr=1.0e-5)-(86-params)",classic_NN_6-6,40
54.0,54,307128,CartPole-v1,"CP-ppo-ac-NN(6,6)-(lr=1.0e-5)-(86-params)",classic_NN_6-6,40
24.0,24,307188,CartPole-v1,"CP-ppo-ac-NN(6,6)-(lr=1.0e-5)-(86-params)",classic_NN_6-6,40
25.0,25,307220,CartPole-v1,"CP-ppo-ac-NN(6,6)-(lr=1.0e-5)-(86-params)",classic_NN_6-6,40
34.0,34,307260,CartPole-v1,"CP-ppo-ac-NN(6,6)-(lr=1.0e-5)-(86-params)",classic_NN_6-6,40
27.0,27,307296,CartPole-v1,"CP-ppo-ac-NN(6,6)-(lr=1.0e-5)-(86-params)",classic_NN_6-6,40
44.0,44,307304,CartPole-v1,"CP-ppo-ac-NN(6,6)-(lr=1.0e-5)-(86-params)",classic_NN_6-6,40
18.0,18,307332,CartPole-v1,"CP-ppo-ac-NN(6,6)-(lr=1.0e-5)-(86-params)",classic_NN_6-6,40
26.0,26,307408,CartPole-v1,"CP-ppo-ac-NN(6,6)-(lr=1.0e-5)-(86-params)",classic_NN_6-6,40
33.0,33,307428,CartPole-v1,"CP-ppo-ac-NN(6,6)-(lr=1.0e-5)-(86-params)",classic_NN_6-6,40
25.0,25,307432,CartPole-v1,"CP-ppo-ac-NN(6,6)-(lr=1.0e-5)-(86-params)",classic_NN_6-6,40
55.0,55,307440,CartPole-v1,"CP-ppo-ac-NN(6,6)-(lr=1.0e-5)-(86-params)",classic_NN_6-6,40
17.0,17,307476,CartPole-v1,"CP-ppo-ac-NN(6,6)-(lr=1.0e-5)-(86-params)",classic_NN_6-6,40
21.0,21,307512,CartPole-v1,"CP-ppo-ac-NN(6,6)-(lr=1.0e-5)-(86-params)",classic_NN_6-6,40
26.0,26,307544,CartPole-v1,"CP-ppo-ac-NN(6,6)-(lr=1.0e-5)-(86-params)",classic_NN_6-6,40
33.0,33,307564,CartPole-v1,"CP-ppo-ac-NN(6,6)-(lr=1.0e-5)-(86-params)",classic_NN_6-6,40
16.0,16,307576,CartPole-v1,"CP-ppo-ac-NN(6,6)-(lr=1.0e-5)-(86-params)",classic_NN_6-6,40
29.0,29,307592,CartPole-v1,"CP-ppo-ac-NN(6,6)-(lr=1.0e-5)-(86-params)",classic_NN_6-6,40
13.0,13,307596,CartPole-v1,"CP-ppo-ac-NN(6,6)-(lr=1.0e-5)-(86-params)",classic_NN_6-6,40
14.0,14,307620,CartPole-v1,"CP-ppo-ac-NN(6,6)-(lr=1.0e-5)-(86-params)",classic_NN_6-6,40
16.0,16,307684,CartPole-v1,"CP-ppo-ac-NN(6,6)-(lr=1.0e-5)-(86-params)",classic_NN_6-6,40
30.0,30,307712,CartPole-v1,"CP-ppo-ac-NN(6,6)-(lr=1.0e-5)-(86-params)",classic_NN_6-6,40
39.0,39,307732,CartPole-v1,"CP-ppo-ac-NN(6,6)-(lr=1.0e-5)-(86-params)",classic_NN_6-6,40
20.0,20,307792,CartPole-v1,"CP-ppo-ac-NN(6,6)-(lr=1.0e-5)-(86-params)",classic_NN_6-6,40
55.0,55,307816,CartPole-v1,"CP-ppo-ac-NN(6,6)-(lr=1.0e-5)-(86-params)",classic_NN_6-6,40
11.0,11,307836,CartPole-v1,"CP-ppo-ac-NN(6,6)-(lr=1.0e-5)-(86-params)",classic_NN_6-6,40
39.0,39,307840,CartPole-v1,"CP-ppo-ac-NN(6,6)-(lr=1.0e-5)-(86-params)",classic_NN_6-6,40
13.0,13,307888,CartPole-v1,"CP-ppo-ac-NN(6,6)-(lr=1.0e-5)-(86-params)",classic_NN_6-6,40
20.0,20,307968,CartPole-v1,"CP-ppo-ac-NN(6,6)-(lr=1.0e-5)-(86-params)",classic_NN_6-6,40
39.0,39,307972,CartPole-v1,"CP-ppo-ac-NN(6,6)-(lr=1.0e-5)-(86-params)",classic_NN_6-6,40
69.0,69,308008,CartPole-v1,"CP-ppo-ac-NN(6,6)-(lr=1.0e-5)-(86-params)",classic_NN_6-6,40
21.0,21,308052,CartPole-v1,"CP-ppo-ac-NN(6,6)-(lr=1.0e-5)-(86-params)",classic_NN_6-6,40
15.0,15,308068,CartPole-v1,"CP-ppo-ac-NN(6,6)-(lr=1.0e-5)-(86-params)",classic_NN_6-6,40
31.0,31,308096,CartPole-v1,"CP-ppo-ac-NN(6,6)-(lr=1.0e-5)-(86-params)",classic_NN_6-6,40
68.0,68,308112,CartPole-v1,"CP-ppo-ac-NN(6,6)-(lr=1.0e-5)-(86-params)",classic_NN_6-6,40
18.0,18,308140,CartPole-v1,"CP-ppo-ac-NN(6,6)-(lr=1.0e-5)-(86-params)",classic_NN_6-6,40
15.0,15,308156,CartPole-v1,"CP-ppo-ac-NN(6,6)-(lr=1.0e-5)-(86-params)",classic_NN_6-6,40
19.0,19,308188,CartPole-v1,"CP-ppo-ac-NN(6,6)-(lr=1.0e-5)-(86-params)",classic_NN_6-6,40
17.0,17,308208,CartPole-v1,"CP-ppo-ac-NN(6,6)-(lr=1.0e-5)-(86-params)",classic_NN_6-6,40
46.0,46,308236,CartPole-v1,"CP-ppo-ac-NN(6,6)-(lr=1.0e-5)-(86-params)",classic_NN_6-6,40
30.0,30,308276,CartPole-v1,"CP-ppo-ac-NN(6,6)-(lr=1.0e-5)-(86-params)",classic_NN_6-6,40
25.0,25,308288,CartPole-v1,"CP-ppo-ac-NN(6,6)-(lr=1.0e-5)-(86-params)",classic_NN_6-6,40
17.0,17,308344,CartPole-v1,"CP-ppo-ac-NN(6,6)-(lr=1.0e-5)-(86-params)",classic_NN_6-6,40
45.0,45,308388,CartPole-v1,"CP-ppo-ac-NN(6,6)-(lr=1.0e-5)-(86-params)",classic_NN_6-6,40
48.0,48,308428,CartPole-v1,"CP-ppo-ac-NN(6,6)-(lr=1.0e-5)-(86-params)",classic_NN_6-6,40
22.0,22,308432,CartPole-v1,"CP-ppo-ac-NN(6,6)-(lr=1.0e-5)-(86-params)",classic_NN_6-6,40
14.0,14,308444,CartPole-v1,"CP-ppo-ac-NN(6,6)-(lr=1.0e-5)-(86-params)",classic_NN_6-6,40
42.0,42,308456,CartPole-v1,"CP-ppo-ac-NN(6,6)-(lr=1.0e-5)-(86-params)",classic_NN_6-6,40
16.0,16,308496,CartPole-v1,"CP-ppo-ac-NN(6,6)-(lr=1.0e-5)-(86-params)",classic_NN_6-6,40
18.0,18,308500,CartPole-v1,"CP-ppo-ac-NN(6,6)-(lr=1.0e-5)-(86-params)",classic_NN_6-6,40
16.0,16,308520,CartPole-v1,"CP-ppo-ac-NN(6,6)-(lr=1.0e-5)-(86-params)",classic_NN_6-6,40
23.0,23,308536,CartPole-v1,"CP-ppo-ac-NN(6,6)-(lr=1.0e-5)-(86-params)",classic_NN_6-6,40
15.0,15,308556,CartPole-v1,"CP-ppo-ac-NN(6,6)-(lr=1.0e-5)-(86-params)",classic_NN_6-6,40
22.0,22,308608,CartPole-v1,"CP-ppo-ac-NN(6,6)-(lr=1.0e-5)-(86-params)",classic_NN_6-6,40
43.0,43,308708,CartPole-v1,"CP-ppo-ac-NN(6,6)-(lr=1.0e-5)-(86-params)",classic_NN_6-6,40
45.0,45,308736,CartPole-v1,"CP-ppo-ac-NN(6,6)-(lr=1.0e-5)-(86-params)",classic_NN_6-6,40
10.0,10,308748,CartPole-v1,"CP-ppo-ac-NN(6,6)-(lr=1.0e-5)-(86-params)",classic_NN_6-6,40
16.0,16,308800,CartPole-v1,"CP-ppo-ac-NN(6,6)-(lr=1.0e-5)-(86-params)",classic_NN_6-6,40
55.0,55,308828,CartPole-v1,"CP-ppo-ac-NN(6,6)-(lr=1.0e-5)-(86-params)",classic_NN_6-6,40
32.0,32,308876,CartPole-v1,"CP-ppo-ac-NN(6,6)-(lr=1.0e-5)-(86-params)",classic_NN_6-6,40
21.0,21,308884,CartPole-v1,"CP-ppo-ac-NN(6,6)-(lr=1.0e-5)-(86-params)",classic_NN_6-6,40
15.0,15,308944,CartPole-v1,"CP-ppo-ac-NN(6,6)-(lr=1.0e-5)-(86-params)",classic_NN_6-6,40
23.0,23,308968,CartPole-v1,"CP-ppo-ac-NN(6,6)-(lr=1.0e-5)-(86-params)",classic_NN_6-6,40
118.0,118,308972,CartPole-v1,"CP-ppo-ac-NN(6,6)-(lr=1.0e-5)-(86-params)",classic_NN_6-6,40
38.0,38,308980,CartPole-v1,"CP-ppo-ac-NN(6,6)-(lr=1.0e-5)-(86-params)",classic_NN_6-6,40
16.0,16,309032,CartPole-v1,"CP-ppo-ac-NN(6,6)-(lr=1.0e-5)-(86-params)",classic_NN_6-6,40
17.0,17,309100,CartPole-v1,"CP-ppo-ac-NN(6,6)-(lr=1.0e-5)-(86-params)",classic_NN_6-6,40
44.0,44,309120,CartPole-v1,"CP-ppo-ac-NN(6,6)-(lr=1.0e-5)-(86-params)",classic_NN_6-6,40
48.0,48,309164,CartPole-v1,"CP-ppo-ac-NN(6,6)-(lr=1.0e-5)-(86-params)",classic_NN_6-6,40
24.0,24,309196,CartPole-v1,"CP-ppo-ac-NN(6,6)-(lr=1.0e-5)-(86-params)",classic_NN_6-6,40
21.0,21,309204,CartPole-v1,"CP-ppo-ac-NN(6,6)-(lr=1.0e-5)-(86-params)",classic_NN_6-6,40
15.0,15,309224,CartPole-v1,"CP-ppo-ac-NN(6,6)-(lr=1.0e-5)-(86-params)",classic_NN_6-6,40
17.0,17,309264,CartPole-v1,"CP-ppo-ac-NN(6,6)-(lr=1.0e-5)-(86-params)",classic_NN_6-6,40
13.0,13,309276,CartPole-v1,"CP-ppo-ac-NN(6,6)-(lr=1.0e-5)-(86-params)",classic_NN_6-6,40
77.0,77,309288,CartPole-v1,"CP-ppo-ac-NN(6,6)-(lr=1.0e-5)-(86-params)",classic_NN_6-6,40
10.0,10,309316,CartPole-v1,"CP-ppo-ac-NN(6,6)-(lr=1.0e-5)-(86-params)",classic_NN_6-6,40
18.0,18,309336,CartPole-v1,"CP-ppo-ac-NN(6,6)-(lr=1.0e-5)-(86-params)",classic_NN_6-6,40
46.0,46,309388,CartPole-v1,"CP-ppo-ac-NN(6,6)-(lr=1.0e-5)-(86-params)",classic_NN_6-6,40
19.0,19,309412,CartPole-v1,"CP-ppo-ac-NN(6,6)-(lr=1.0e-5)-(86-params)",classic_NN_6-6,40
25.0,25,309488,CartPole-v1,"CP-ppo-ac-NN(6,6)-(lr=1.0e-5)-(86-params)",classic_NN_6-6,40
55.0,55,309508,CartPole-v1,"CP-ppo-ac-NN(6,6)-(lr=1.0e-5)-(86-params)",classic_NN_6-6,40
32.0,32,309540,CartPole-v1,"CP-ppo-ac-NN(6,6)-(lr=1.0e-5)-(86-params)",classic_NN_6-6,40
30.0,30,309608,CartPole-v1,"CP-ppo-ac-NN(6,6)-(lr=1.0e-5)-(86-params)",classic_NN_6-6,40
26.0,26,309612,CartPole-v1,"CP-ppo-ac-NN(6,6)-(lr=1.0e-5)-(86-params)",classic_NN_6-6,40
29.0,29,309656,CartPole-v1,"CP-ppo-ac-NN(6,6)-(lr=1.0e-5)-(86-params)",classic_NN_6-6,40
21.0,21,309692,CartPole-v1,"CP-ppo-ac-NN(6,6)-(lr=1.0e-5)-(86-params)",classic_NN_6-6,40
95.0,95,309696,CartPole-v1,"CP-ppo-ac-NN(6,6)-(lr=1.0e-5)-(86-params)",classic_NN_6-6,40
24.0,24,309708,CartPole-v1,"CP-ppo-ac-NN(6,6)-(lr=1.0e-5)-(86-params)",classic_NN_6-6,40
24.0,24,309752,CartPole-v1,"CP-ppo-ac-NN(6,6)-(lr=1.0e-5)-(86-params)",classic_NN_6-6,40
15.0,15,309756,CartPole-v1,"CP-ppo-ac-NN(6,6)-(lr=1.0e-5)-(86-params)",classic_NN_6-6,40
13.0,13,309804,CartPole-v1,"CP-ppo-ac-NN(6,6)-(lr=1.0e-5)-(86-params)",classic_NN_6-6,40
26.0,26,309812,CartPole-v1,"CP-ppo-ac-NN(6,6)-(lr=1.0e-5)-(86-params)",classic_NN_6-6,40
48.0,48,309884,CartPole-v1,"CP-ppo-ac-NN(6,6)-(lr=1.0e-5)-(86-params)",classic_NN_6-6,40
32.0,32,309884,CartPole-v1,"CP-ppo-ac-NN(6,6)-(lr=1.0e-5)-(86-params)",classic_NN_6-6,40
26.0,26,309908,CartPole-v1,"CP-ppo-ac-NN(6,6)-(lr=1.0e-5)-(86-params)",classic_NN_6-6,40
36.0,36,309956,CartPole-v1,"CP-ppo-ac-NN(6,6)-(lr=1.0e-5)-(86-params)",classic_NN_6-6,40
23.0,23,309976,CartPole-v1,"CP-ppo-ac-NN(6,6)-(lr=1.0e-5)-(86-params)",classic_NN_6-6,40
32.0,32,310012,CartPole-v1,"CP-ppo-ac-NN(6,6)-(lr=1.0e-5)-(86-params)",classic_NN_6-6,40
29.0,29,310024,CartPole-v1,"CP-ppo-ac-NN(6,6)-(lr=1.0e-5)-(86-params)",classic_NN_6-6,40
22.0,22,310044,CartPole-v1,"CP-ppo-ac-NN(6,6)-(lr=1.0e-5)-(86-params)",classic_NN_6-6,40
19.0,19,310088,CartPole-v1,"CP-ppo-ac-NN(6,6)-(lr=1.0e-5)-(86-params)",classic_NN_6-6,40
15.0,15,310104,CartPole-v1,"CP-ppo-ac-NN(6,6)-(lr=1.0e-5)-(86-params)",classic_NN_6-6,40
24.0,24,310120,CartPole-v1,"CP-ppo-ac-NN(6,6)-(lr=1.0e-5)-(86-params)",classic_NN_6-6,40
42.0,42,310144,CartPole-v1,"CP-ppo-ac-NN(6,6)-(lr=1.0e-5)-(86-params)",classic_NN_6-6,40
13.0,13,310172,CartPole-v1,"CP-ppo-ac-NN(6,6)-(lr=1.0e-5)-(86-params)",classic_NN_6-6,40
19.0,19,310180,CartPole-v1,"CP-ppo-ac-NN(6,6)-(lr=1.0e-5)-(86-params)",classic_NN_6-6,40
26.0,26,310192,CartPole-v1,"CP-ppo-ac-NN(6,6)-(lr=1.0e-5)-(86-params)",classic_NN_6-6,40
19.0,19,310256,CartPole-v1,"CP-ppo-ac-NN(6,6)-(lr=1.0e-5)-(86-params)",classic_NN_6-6,40
36.0,36,310288,CartPole-v1,"CP-ppo-ac-NN(6,6)-(lr=1.0e-5)-(86-params)",classic_NN_6-6,40
27.0,27,310300,CartPole-v1,"CP-ppo-ac-NN(6,6)-(lr=1.0e-5)-(86-params)",classic_NN_6-6,40
35.0,35,310312,CartPole-v1,"CP-ppo-ac-NN(6,6)-(lr=1.0e-5)-(86-params)",classic_NN_6-6,40
16.0,16,310364,CartPole-v1,"CP-ppo-ac-NN(6,6)-(lr=1.0e-5)-(86-params)",classic_NN_6-6,40
40.0,40,310416,CartPole-v1,"CP-ppo-ac-NN(6,6)-(lr=1.0e-5)-(86-params)",classic_NN_6-6,40
24.0,24,310512,CartPole-v1,"CP-ppo-ac-NN(6,6)-(lr=1.0e-5)-(86-params)",classic_NN_6-6,40
56.0,56,310536,CartPole-v1,"CP-ppo-ac-NN(6,6)-(lr=1.0e-5)-(86-params)",classic_NN_6-6,40
65.0,65,310548,CartPole-v1,"CP-ppo-ac-NN(6,6)-(lr=1.0e-5)-(86-params)",classic_NN_6-6,40
46.0,46,310548,CartPole-v1,"CP-ppo-ac-NN(6,6)-(lr=1.0e-5)-(86-params)",classic_NN_6-6,40
11.0,11,310592,CartPole-v1,"CP-ppo-ac-NN(6,6)-(lr=1.0e-5)-(86-params)",classic_NN_6-6,40
28.0,28,310648,CartPole-v1,"CP-ppo-ac-NN(6,6)-(lr=1.0e-5)-(86-params)",classic_NN_6-6,40
59.0,59,310748,CartPole-v1,"CP-ppo-ac-NN(6,6)-(lr=1.0e-5)-(86-params)",classic_NN_6-6,40
60.0,60,310788,CartPole-v1,"CP-ppo-ac-NN(6,6)-(lr=1.0e-5)-(86-params)",classic_NN_6-6,40
10.0,10,310788,CartPole-v1,"CP-ppo-ac-NN(6,6)-(lr=1.0e-5)-(86-params)",classic_NN_6-6,40
40.0,40,310808,CartPole-v1,"CP-ppo-ac-NN(6,6)-(lr=1.0e-5)-(86-params)",classic_NN_6-6,40
57.0,57,310820,CartPole-v1,"CP-ppo-ac-NN(6,6)-(lr=1.0e-5)-(86-params)",classic_NN_6-6,40
25.0,25,310888,CartPole-v1,"CP-ppo-ac-NN(6,6)-(lr=1.0e-5)-(86-params)",classic_NN_6-6,40
36.0,36,310952,CartPole-v1,"CP-ppo-ac-NN(6,6)-(lr=1.0e-5)-(86-params)",classic_NN_6-6,40
31.0,31,311012,CartPole-v1,"CP-ppo-ac-NN(6,6)-(lr=1.0e-5)-(86-params)",classic_NN_6-6,40
56.0,56,311012,CartPole-v1,"CP-ppo-ac-NN(6,6)-(lr=1.0e-5)-(86-params)",classic_NN_6-6,40
59.0,59,311056,CartPole-v1,"CP-ppo-ac-NN(6,6)-(lr=1.0e-5)-(86-params)",classic_NN_6-6,40
30.0,30,311072,CartPole-v1,"CP-ppo-ac-NN(6,6)-(lr=1.0e-5)-(86-params)",classic_NN_6-6,40
15.0,15,311072,CartPole-v1,"CP-ppo-ac-NN(6,6)-(lr=1.0e-5)-(86-params)",classic_NN_6-6,40
31.0,31,311180,CartPole-v1,"CP-ppo-ac-NN(6,6)-(lr=1.0e-5)-(86-params)",classic_NN_6-6,40
43.0,43,311184,CartPole-v1,"CP-ppo-ac-NN(6,6)-(lr=1.0e-5)-(86-params)",classic_NN_6-6,40
16.0,16,311244,CartPole-v1,"CP-ppo-ac-NN(6,6)-(lr=1.0e-5)-(86-params)",classic_NN_6-6,40
45.0,45,311252,CartPole-v1,"CP-ppo-ac-NN(6,6)-(lr=1.0e-5)-(86-params)",classic_NN_6-6,40
21.0,21,311268,CartPole-v1,"CP-ppo-ac-NN(6,6)-(lr=1.0e-5)-(86-params)",classic_NN_6-6,40
18.0,18,311316,CartPole-v1,"CP-ppo-ac-NN(6,6)-(lr=1.0e-5)-(86-params)",classic_NN_6-6,40
62.0,62,311320,CartPole-v1,"CP-ppo-ac-NN(6,6)-(lr=1.0e-5)-(86-params)",classic_NN_6-6,40
19.0,19,311344,CartPole-v1,"CP-ppo-ac-NN(6,6)-(lr=1.0e-5)-(86-params)",classic_NN_6-6,40
27.0,27,311360,CartPole-v1,"CP-ppo-ac-NN(6,6)-(lr=1.0e-5)-(86-params)",classic_NN_6-6,40
14.0,14,311376,CartPole-v1,"CP-ppo-ac-NN(6,6)-(lr=1.0e-5)-(86-params)",classic_NN_6-6,40
20.0,20,311396,CartPole-v1,"CP-ppo-ac-NN(6,6)-(lr=1.0e-5)-(86-params)",classic_NN_6-6,40
13.0,13,311428,CartPole-v1,"CP-ppo-ac-NN(6,6)-(lr=1.0e-5)-(86-params)",classic_NN_6-6,40
21.0,21,311444,CartPole-v1,"CP-ppo-ac-NN(6,6)-(lr=1.0e-5)-(86-params)",classic_NN_6-6,40
44.0,44,311520,CartPole-v1,"CP-ppo-ac-NN(6,6)-(lr=1.0e-5)-(86-params)",classic_NN_6-6,40
51.0,51,311600,CartPole-v1,"CP-ppo-ac-NN(6,6)-(lr=1.0e-5)-(86-params)",classic_NN_6-6,40
22.0,22,311608,CartPole-v1,"CP-ppo-ac-NN(6,6)-(lr=1.0e-5)-(86-params)",classic_NN_6-6,40
67.0,67,311712,CartPole-v1,"CP-ppo-ac-NN(6,6)-(lr=1.0e-5)-(86-params)",classic_NN_6-6,40
29.0,29,311716,CartPole-v1,"CP-ppo-ac-NN(6,6)-(lr=1.0e-5)-(86-params)",classic_NN_6-6,40
33.0,33,311740,CartPole-v1,"CP-ppo-ac-NN(6,6)-(lr=1.0e-5)-(86-params)",classic_NN_6-6,40
12.0,12,311760,CartPole-v1,"CP-ppo-ac-NN(6,6)-(lr=1.0e-5)-(86-params)",classic_NN_6-6,40
17.0,17,311784,CartPole-v1,"CP-ppo-ac-NN(6,6)-(lr=1.0e-5)-(86-params)",classic_NN_6-6,40
91.0,91,311792,CartPole-v1,"CP-ppo-ac-NN(6,6)-(lr=1.0e-5)-(86-params)",classic_NN_6-6,40
11.0,11,311828,CartPole-v1,"CP-ppo-ac-NN(6,6)-(lr=1.0e-5)-(86-params)",classic_NN_6-6,40
22.0,22,311848,CartPole-v1,"CP-ppo-ac-NN(6,6)-(lr=1.0e-5)-(86-params)",classic_NN_6-6,40
42.0,42,311908,CartPole-v1,"CP-ppo-ac-NN(6,6)-(lr=1.0e-5)-(86-params)",classic_NN_6-6,40
40.0,40,311952,CartPole-v1,"CP-ppo-ac-NN(6,6)-(lr=1.0e-5)-(86-params)",classic_NN_6-6,40
35.0,35,311968,CartPole-v1,"CP-ppo-ac-NN(6,6)-(lr=1.0e-5)-(86-params)",classic_NN_6-6,40
25.0,25,312008,CartPole-v1,"CP-ppo-ac-NN(6,6)-(lr=1.0e-5)-(86-params)",classic_NN_6-6,40
17.0,17,312020,CartPole-v1,"CP-ppo-ac-NN(6,6)-(lr=1.0e-5)-(86-params)",classic_NN_6-6,40
25.0,25,312068,CartPole-v1,"CP-ppo-ac-NN(6,6)-(lr=1.0e-5)-(86-params)",classic_NN_6-6,40
58.0,58,312080,CartPole-v1,"CP-ppo-ac-NN(6,6)-(lr=1.0e-5)-(86-params)",classic_NN_6-6,40
16.0,16,312084,CartPole-v1,"CP-ppo-ac-NN(6,6)-(lr=1.0e-5)-(86-params)",classic_NN_6-6,40
36.0,36,312152,CartPole-v1,"CP-ppo-ac-NN(6,6)-(lr=1.0e-5)-(86-params)",classic_NN_6-6,40
26.0,26,312172,CartPole-v1,"CP-ppo-ac-NN(6,6)-(lr=1.0e-5)-(86-params)",classic_NN_6-6,40
28.0,28,312192,CartPole-v1,"CP-ppo-ac-NN(6,6)-(lr=1.0e-5)-(86-params)",classic_NN_6-6,40
16.0,16,312236,CartPole-v1,"CP-ppo-ac-NN(6,6)-(lr=1.0e-5)-(86-params)",classic_NN_6-6,40
25.0,25,312252,CartPole-v1,"CP-ppo-ac-NN(6,6)-(lr=1.0e-5)-(86-params)",classic_NN_6-6,40
48.0,48,312276,CartPole-v1,"CP-ppo-ac-NN(6,6)-(lr=1.0e-5)-(86-params)",classic_NN_6-6,40
22.0,22,312280,CartPole-v1,"CP-ppo-ac-NN(6,6)-(lr=1.0e-5)-(86-params)",classic_NN_6-6,40
11.0,11,312320,CartPole-v1,"CP-ppo-ac-NN(6,6)-(lr=1.0e-5)-(86-params)",classic_NN_6-6,40
30.0,30,312356,CartPole-v1,"CP-ppo-ac-NN(6,6)-(lr=1.0e-5)-(86-params)",classic_NN_6-6,40
43.0,43,312424,CartPole-v1,"CP-ppo-ac-NN(6,6)-(lr=1.0e-5)-(86-params)",classic_NN_6-6,40
28.0,28,312432,CartPole-v1,"CP-ppo-ac-NN(6,6)-(lr=1.0e-5)-(86-params)",classic_NN_6-6,40
20.0,20,312436,CartPole-v1,"CP-ppo-ac-NN(6,6)-(lr=1.0e-5)-(86-params)",classic_NN_6-6,40
17.0,17,312504,CartPole-v1,"CP-ppo-ac-NN(6,6)-(lr=1.0e-5)-(86-params)",classic_NN_6-6,40
26.0,26,312608,CartPole-v1,"CP-ppo-ac-NN(6,6)-(lr=1.0e-5)-(86-params)",classic_NN_6-6,40
85.0,85,312620,CartPole-v1,"CP-ppo-ac-NN(6,6)-(lr=1.0e-5)-(86-params)",classic_NN_6-6,40
56.0,56,312648,CartPole-v1,"CP-ppo-ac-NN(6,6)-(lr=1.0e-5)-(86-params)",classic_NN_6-6,40
55.0,55,312652,CartPole-v1,"CP-ppo-ac-NN(6,6)-(lr=1.0e-5)-(86-params)",classic_NN_6-6,40
13.0,13,312704,CartPole-v1,"CP-ppo-ac-NN(6,6)-(lr=1.0e-5)-(86-params)",classic_NN_6-6,40
29.0,29,312736,CartPole-v1,"CP-ppo-ac-NN(6,6)-(lr=1.0e-5)-(86-params)",classic_NN_6-6,40
10.0,10,312744,CartPole-v1,"CP-ppo-ac-NN(6,6)-(lr=1.0e-5)-(86-params)",classic_NN_6-6,40
51.0,51,312812,CartPole-v1,"CP-ppo-ac-NN(6,6)-(lr=1.0e-5)-(86-params)",classic_NN_6-6,40
19.0,19,312888,CartPole-v1,"CP-ppo-ac-NN(6,6)-(lr=1.0e-5)-(86-params)",classic_NN_6-6,40
15.0,15,312948,CartPole-v1,"CP-ppo-ac-NN(6,6)-(lr=1.0e-5)-(86-params)",classic_NN_6-6,40
53.0,53,312956,CartPole-v1,"CP-ppo-ac-NN(6,6)-(lr=1.0e-5)-(86-params)",classic_NN_6-6,40
78.0,78,312960,CartPole-v1,"CP-ppo-ac-NN(6,6)-(lr=1.0e-5)-(86-params)",classic_NN_6-6,40
62.0,62,312984,CartPole-v1,"CP-ppo-ac-NN(6,6)-(lr=1.0e-5)-(86-params)",classic_NN_6-6,40
14.0,14,313004,CartPole-v1,"CP-ppo-ac-NN(6,6)-(lr=1.0e-5)-(86-params)",classic_NN_6-6,40
13.0,13,313008,CartPole-v1,"CP-ppo-ac-NN(6,6)-(lr=1.0e-5)-(86-params)",classic_NN_6-6,40
9.0,9,313040,CartPole-v1,"CP-ppo-ac-NN(6,6)-(lr=1.0e-5)-(86-params)",classic_NN_6-6,40
32.0,32,313136,CartPole-v1,"CP-ppo-ac-NN(6,6)-(lr=1.0e-5)-(86-params)",classic_NN_6-6,40
45.0,45,313140,CartPole-v1,"CP-ppo-ac-NN(6,6)-(lr=1.0e-5)-(86-params)",classic_NN_6-6,40
27.0,27,313148,CartPole-v1,"CP-ppo-ac-NN(6,6)-(lr=1.0e-5)-(86-params)",classic_NN_6-6,40
26.0,26,313240,CartPole-v1,"CP-ppo-ac-NN(6,6)-(lr=1.0e-5)-(86-params)",classic_NN_6-6,40
35.0,35,313280,CartPole-v1,"CP-ppo-ac-NN(6,6)-(lr=1.0e-5)-(86-params)",classic_NN_6-6,40
15.0,15,313300,CartPole-v1,"CP-ppo-ac-NN(6,6)-(lr=1.0e-5)-(86-params)",classic_NN_6-6,40
88.0,88,313336,CartPole-v1,"CP-ppo-ac-NN(6,6)-(lr=1.0e-5)-(86-params)",classic_NN_6-6,40
20.0,20,313360,CartPole-v1,"CP-ppo-ac-NN(6,6)-(lr=1.0e-5)-(86-params)",classic_NN_6-6,40
13.0,13,313412,CartPole-v1,"CP-ppo-ac-NN(6,6)-(lr=1.0e-5)-(86-params)",classic_NN_6-6,40
29.0,29,313416,CartPole-v1,"CP-ppo-ac-NN(6,6)-(lr=1.0e-5)-(86-params)",classic_NN_6-6,40
69.0,69,313424,CartPole-v1,"CP-ppo-ac-NN(6,6)-(lr=1.0e-5)-(86-params)",classic_NN_6-6,40
23.0,23,313428,CartPole-v1,"CP-ppo-ac-NN(6,6)-(lr=1.0e-5)-(86-params)",classic_NN_6-6,40
18.0,18,313488,CartPole-v1,"CP-ppo-ac-NN(6,6)-(lr=1.0e-5)-(86-params)",classic_NN_6-6,40
29.0,29,313528,CartPole-v1,"CP-ppo-ac-NN(6,6)-(lr=1.0e-5)-(86-params)",classic_NN_6-6,40
36.0,36,313568,CartPole-v1,"CP-ppo-ac-NN(6,6)-(lr=1.0e-5)-(86-params)",classic_NN_6-6,40
16.0,16,313592,CartPole-v1,"CP-ppo-ac-NN(6,6)-(lr=1.0e-5)-(86-params)",classic_NN_6-6,40
42.0,42,313596,CartPole-v1,"CP-ppo-ac-NN(6,6)-(lr=1.0e-5)-(86-params)",classic_NN_6-6,40
14.0,14,313652,CartPole-v1,"CP-ppo-ac-NN(6,6)-(lr=1.0e-5)-(86-params)",classic_NN_6-6,40
45.0,45,313668,CartPole-v1,"CP-ppo-ac-NN(6,6)-(lr=1.0e-5)-(86-params)",classic_NN_6-6,40
29.0,29,313708,CartPole-v1,"CP-ppo-ac-NN(6,6)-(lr=1.0e-5)-(86-params)",classic_NN_6-6,40
40.0,40,313728,CartPole-v1,"CP-ppo-ac-NN(6,6)-(lr=1.0e-5)-(86-params)",classic_NN_6-6,40
33.0,33,313784,CartPole-v1,"CP-ppo-ac-NN(6,6)-(lr=1.0e-5)-(86-params)",classic_NN_6-6,40
30.0,30,313788,CartPole-v1,"CP-ppo-ac-NN(6,6)-(lr=1.0e-5)-(86-params)",classic_NN_6-6,40
40.0,40,313888,CartPole-v1,"CP-ppo-ac-NN(6,6)-(lr=1.0e-5)-(86-params)",classic_NN_6-6,40
26.0,26,313892,CartPole-v1,"CP-ppo-ac-NN(6,6)-(lr=1.0e-5)-(86-params)",classic_NN_6-6,40
58.0,58,313940,CartPole-v1,"CP-ppo-ac-NN(6,6)-(lr=1.0e-5)-(86-params)",classic_NN_6-6,40
42.0,42,313952,CartPole-v1,"CP-ppo-ac-NN(6,6)-(lr=1.0e-5)-(86-params)",classic_NN_6-6,40
24.0,24,313984,CartPole-v1,"CP-ppo-ac-NN(6,6)-(lr=1.0e-5)-(86-params)",classic_NN_6-6,40
27.0,27,314000,CartPole-v1,"CP-ppo-ac-NN(6,6)-(lr=1.0e-5)-(86-params)",classic_NN_6-6,40
18.0,18,314024,CartPole-v1,"CP-ppo-ac-NN(6,6)-(lr=1.0e-5)-(86-params)",classic_NN_6-6,40
21.0,21,314024,CartPole-v1,"CP-ppo-ac-NN(6,6)-(lr=1.0e-5)-(86-params)",classic_NN_6-6,40
33.0,33,314116,CartPole-v1,"CP-ppo-ac-NN(6,6)-(lr=1.0e-5)-(86-params)",classic_NN_6-6,40
24.0,24,314120,CartPole-v1,"CP-ppo-ac-NN(6,6)-(lr=1.0e-5)-(86-params)",classic_NN_6-6,40
45.0,45,314180,CartPole-v1,"CP-ppo-ac-NN(6,6)-(lr=1.0e-5)-(86-params)",classic_NN_6-6,40
43.0,43,314196,CartPole-v1,"CP-ppo-ac-NN(6,6)-(lr=1.0e-5)-(86-params)",classic_NN_6-6,40
24.0,24,314212,CartPole-v1,"CP-ppo-ac-NN(6,6)-(lr=1.0e-5)-(86-params)",classic_NN_6-6,40
16.0,16,314276,CartPole-v1,"CP-ppo-ac-NN(6,6)-(lr=1.0e-5)-(86-params)",classic_NN_6-6,40
23.0,23,314288,CartPole-v1,"CP-ppo-ac-NN(6,6)-(lr=1.0e-5)-(86-params)",classic_NN_6-6,40
40.0,40,314340,CartPole-v1,"CP-ppo-ac-NN(6,6)-(lr=1.0e-5)-(86-params)",classic_NN_6-6,40
70.0,70,314400,CartPole-v1,"CP-ppo-ac-NN(6,6)-(lr=1.0e-5)-(86-params)",classic_NN_6-6,40
24.0,24,314436,CartPole-v1,"CP-ppo-ac-NN(6,6)-(lr=1.0e-5)-(86-params)",classic_NN_6-6,40
44.0,44,314452,CartPole-v1,"CP-ppo-ac-NN(6,6)-(lr=1.0e-5)-(86-params)",classic_NN_6-6,40
22.0,22,314540,CartPole-v1,"CP-ppo-ac-NN(6,6)-(lr=1.0e-5)-(86-params)",classic_NN_6-6,40
27.0,27,314544,CartPole-v1,"CP-ppo-ac-NN(6,6)-(lr=1.0e-5)-(86-params)",classic_NN_6-6,40
53.0,53,314612,CartPole-v1,"CP-ppo-ac-NN(6,6)-(lr=1.0e-5)-(86-params)",classic_NN_6-6,40
22.0,22,314628,CartPole-v1,"CP-ppo-ac-NN(6,6)-(lr=1.0e-5)-(86-params)",classic_NN_6-6,40
92.0,92,314656,CartPole-v1,"CP-ppo-ac-NN(6,6)-(lr=1.0e-5)-(86-params)",classic_NN_6-6,40
17.0,17,314724,CartPole-v1,"CP-ppo-ac-NN(6,6)-(lr=1.0e-5)-(86-params)",classic_NN_6-6,40
26.0,26,314732,CartPole-v1,"CP-ppo-ac-NN(6,6)-(lr=1.0e-5)-(86-params)",classic_NN_6-6,40
60.0,60,314784,CartPole-v1,"CP-ppo-ac-NN(6,6)-(lr=1.0e-5)-(86-params)",classic_NN_6-6,40
21.0,21,314816,CartPole-v1,"CP-ppo-ac-NN(6,6)-(lr=1.0e-5)-(86-params)",classic_NN_6-6,40
30.0,30,314844,CartPole-v1,"CP-ppo-ac-NN(6,6)-(lr=1.0e-5)-(86-params)",classic_NN_6-6,40
19.0,19,314860,CartPole-v1,"CP-ppo-ac-NN(6,6)-(lr=1.0e-5)-(86-params)",classic_NN_6-6,40
15.0,15,314904,CartPole-v1,"CP-ppo-ac-NN(6,6)-(lr=1.0e-5)-(86-params)",classic_NN_6-6,40
78.0,78,314924,CartPole-v1,"CP-ppo-ac-NN(6,6)-(lr=1.0e-5)-(86-params)",classic_NN_6-6,40
32.0,32,314944,CartPole-v1,"CP-ppo-ac-NN(6,6)-(lr=1.0e-5)-(86-params)",classic_NN_6-6,40
24.0,24,314956,CartPole-v1,"CP-ppo-ac-NN(6,6)-(lr=1.0e-5)-(86-params)",classic_NN_6-6,40
28.0,28,315016,CartPole-v1,"CP-ppo-ac-NN(6,6)-(lr=1.0e-5)-(86-params)",classic_NN_6-6,40
29.0,29,315040,CartPole-v1,"CP-ppo-ac-NN(6,6)-(lr=1.0e-5)-(86-params)",classic_NN_6-6,40
27.0,27,315052,CartPole-v1,"CP-ppo-ac-NN(6,6)-(lr=1.0e-5)-(86-params)",classic_NN_6-6,40
27.0,27,315124,CartPole-v1,"CP-ppo-ac-NN(6,6)-(lr=1.0e-5)-(86-params)",classic_NN_6-6,40
21.0,21,315136,CartPole-v1,"CP-ppo-ac-NN(6,6)-(lr=1.0e-5)-(86-params)",classic_NN_6-6,40
51.0,51,315160,CartPole-v1,"CP-ppo-ac-NN(6,6)-(lr=1.0e-5)-(86-params)",classic_NN_6-6,40
33.0,33,315172,CartPole-v1,"CP-ppo-ac-NN(6,6)-(lr=1.0e-5)-(86-params)",classic_NN_6-6,40
15.0,15,315196,CartPole-v1,"CP-ppo-ac-NN(6,6)-(lr=1.0e-5)-(86-params)",classic_NN_6-6,40
21.0,21,315208,CartPole-v1,"CP-ppo-ac-NN(6,6)-(lr=1.0e-5)-(86-params)",classic_NN_6-6,40
16.0,16,315224,CartPole-v1,"CP-ppo-ac-NN(6,6)-(lr=1.0e-5)-(86-params)",classic_NN_6-6,40
17.0,17,315292,CartPole-v1,"CP-ppo-ac-NN(6,6)-(lr=1.0e-5)-(86-params)",classic_NN_6-6,40
31.0,31,315320,CartPole-v1,"CP-ppo-ac-NN(6,6)-(lr=1.0e-5)-(86-params)",classic_NN_6-6,40
33.0,33,315340,CartPole-v1,"CP-ppo-ac-NN(6,6)-(lr=1.0e-5)-(86-params)",classic_NN_6-6,40
47.0,47,315360,CartPole-v1,"CP-ppo-ac-NN(6,6)-(lr=1.0e-5)-(86-params)",classic_NN_6-6,40
20.0,20,315400,CartPole-v1,"CP-ppo-ac-NN(6,6)-(lr=1.0e-5)-(86-params)",classic_NN_6-6,40
48.0,48,315484,CartPole-v1,"CP-ppo-ac-NN(6,6)-(lr=1.0e-5)-(86-params)",classic_NN_6-6,40
25.0,25,315500,CartPole-v1,"CP-ppo-ac-NN(6,6)-(lr=1.0e-5)-(86-params)",classic_NN_6-6,40
15.0,15,315544,CartPole-v1,"CP-ppo-ac-NN(6,6)-(lr=1.0e-5)-(86-params)",classic_NN_6-6,40
12.0,12,315548,CartPole-v1,"CP-ppo-ac-NN(6,6)-(lr=1.0e-5)-(86-params)",classic_NN_6-6,40
59.0,59,315576,CartPole-v1,"CP-ppo-ac-NN(6,6)-(lr=1.0e-5)-(86-params)",classic_NN_6-6,40
62.0,62,315608,CartPole-v1,"CP-ppo-ac-NN(6,6)-(lr=1.0e-5)-(86-params)",classic_NN_6-6,40
23.0,23,315668,CartPole-v1,"CP-ppo-ac-NN(6,6)-(lr=1.0e-5)-(86-params)",classic_NN_6-6,40
42.0,42,315712,CartPole-v1,"CP-ppo-ac-NN(6,6)-(lr=1.0e-5)-(86-params)",classic_NN_6-6,40
13.0,13,315720,CartPole-v1,"CP-ppo-ac-NN(6,6)-(lr=1.0e-5)-(86-params)",classic_NN_6-6,40
56.0,56,315772,CartPole-v1,"CP-ppo-ac-NN(6,6)-(lr=1.0e-5)-(86-params)",classic_NN_6-6,40
58.0,58,315840,CartPole-v1,"CP-ppo-ac-NN(6,6)-(lr=1.0e-5)-(86-params)",classic_NN_6-6,40
31.0,31,315844,CartPole-v1,"CP-ppo-ac-NN(6,6)-(lr=1.0e-5)-(86-params)",classic_NN_6-6,40
29.0,29,315888,CartPole-v1,"CP-ppo-ac-NN(6,6)-(lr=1.0e-5)-(86-params)",classic_NN_6-6,40
47.0,47,315900,CartPole-v1,"CP-ppo-ac-NN(6,6)-(lr=1.0e-5)-(86-params)",classic_NN_6-6,40
20.0,20,315968,CartPole-v1,"CP-ppo-ac-NN(6,6)-(lr=1.0e-5)-(86-params)",classic_NN_6-6,40
32.0,32,315972,CartPole-v1,"CP-ppo-ac-NN(6,6)-(lr=1.0e-5)-(86-params)",classic_NN_6-6,40
28.0,28,316012,CartPole-v1,"CP-ppo-ac-NN(6,6)-(lr=1.0e-5)-(86-params)",classic_NN_6-6,40
18.0,18,316040,CartPole-v1,"CP-ppo-ac-NN(6,6)-(lr=1.0e-5)-(86-params)",classic_NN_6-6,40
42.0,42,316208,CartPole-v1,"CP-ppo-ac-NN(6,6)-(lr=1.0e-5)-(86-params)",classic_NN_6-6,40
50.0,50,316212,CartPole-v1,"CP-ppo-ac-NN(6,6)-(lr=1.0e-5)-(86-params)",classic_NN_6-6,40
13.0,13,316264,CartPole-v1,"CP-ppo-ac-NN(6,6)-(lr=1.0e-5)-(86-params)",classic_NN_6-6,40
109.0,109,316276,CartPole-v1,"CP-ppo-ac-NN(6,6)-(lr=1.0e-5)-(86-params)",classic_NN_6-6,40
78.0,78,316284,CartPole-v1,"CP-ppo-ac-NN(6,6)-(lr=1.0e-5)-(86-params)",classic_NN_6-6,40
20.0,20,316356,CartPole-v1,"CP-ppo-ac-NN(6,6)-(lr=1.0e-5)-(86-params)",classic_NN_6-6,40
30.0,30,316384,CartPole-v1,"CP-ppo-ac-NN(6,6)-(lr=1.0e-5)-(86-params)",classic_NN_6-6,40
24.0,24,316452,CartPole-v1,"CP-ppo-ac-NN(6,6)-(lr=1.0e-5)-(86-params)",classic_NN_6-6,40
57.0,57,316512,CartPole-v1,"CP-ppo-ac-NN(6,6)-(lr=1.0e-5)-(86-params)",classic_NN_6-6,40
18.0,18,316584,CartPole-v1,"CP-ppo-ac-NN(6,6)-(lr=1.0e-5)-(86-params)",classic_NN_6-6,40
38.0,38,316604,CartPole-v1,"CP-ppo-ac-NN(6,6)-(lr=1.0e-5)-(86-params)",classic_NN_6-6,40
102.0,102,316616,CartPole-v1,"CP-ppo-ac-NN(6,6)-(lr=1.0e-5)-(86-params)",classic_NN_6-6,40
23.0,23,316708,CartPole-v1,"CP-ppo-ac-NN(6,6)-(lr=1.0e-5)-(86-params)",classic_NN_6-6,40
85.0,85,316724,CartPole-v1,"CP-ppo-ac-NN(6,6)-(lr=1.0e-5)-(86-params)",classic_NN_6-6,40
17.0,17,316792,CartPole-v1,"CP-ppo-ac-NN(6,6)-(lr=1.0e-5)-(86-params)",classic_NN_6-6,40
50.0,50,316804,CartPole-v1,"CP-ppo-ac-NN(6,6)-(lr=1.0e-5)-(86-params)",classic_NN_6-6,40
63.0,63,316836,CartPole-v1,"CP-ppo-ac-NN(6,6)-(lr=1.0e-5)-(86-params)",classic_NN_6-6,40
25.0,25,316904,CartPole-v1,"CP-ppo-ac-NN(6,6)-(lr=1.0e-5)-(86-params)",classic_NN_6-6,40
59.0,59,316944,CartPole-v1,"CP-ppo-ac-NN(6,6)-(lr=1.0e-5)-(86-params)",classic_NN_6-6,40
42.0,42,316960,CartPole-v1,"CP-ppo-ac-NN(6,6)-(lr=1.0e-5)-(86-params)",classic_NN_6-6,40
20.0,20,316984,CartPole-v1,"CP-ppo-ac-NN(6,6)-(lr=1.0e-5)-(86-params)",classic_NN_6-6,40
15.0,15,317020,CartPole-v1,"CP-ppo-ac-NN(6,6)-(lr=1.0e-5)-(86-params)",classic_NN_6-6,40
46.0,46,317020,CartPole-v1,"CP-ppo-ac-NN(6,6)-(lr=1.0e-5)-(86-params)",classic_NN_6-6,40
20.0,20,317024,CartPole-v1,"CP-ppo-ac-NN(6,6)-(lr=1.0e-5)-(86-params)",classic_NN_6-6,40
13.0,13,317072,CartPole-v1,"CP-ppo-ac-NN(6,6)-(lr=1.0e-5)-(86-params)",classic_NN_6-6,40
23.0,23,317076,CartPole-v1,"CP-ppo-ac-NN(6,6)-(lr=1.0e-5)-(86-params)",classic_NN_6-6,40
15.0,15,317132,CartPole-v1,"CP-ppo-ac-NN(6,6)-(lr=1.0e-5)-(86-params)",classic_NN_6-6,40
34.0,34,317160,CartPole-v1,"CP-ppo-ac-NN(6,6)-(lr=1.0e-5)-(86-params)",classic_NN_6-6,40
38.0,38,317172,CartPole-v1,"CP-ppo-ac-NN(6,6)-(lr=1.0e-5)-(86-params)",classic_NN_6-6,40
42.0,42,317244,CartPole-v1,"CP-ppo-ac-NN(6,6)-(lr=1.0e-5)-(86-params)",classic_NN_6-6,40
35.0,35,317312,CartPole-v1,"CP-ppo-ac-NN(6,6)-(lr=1.0e-5)-(86-params)",classic_NN_6-6,40
20.0,20,317324,CartPole-v1,"CP-ppo-ac-NN(6,6)-(lr=1.0e-5)-(86-params)",classic_NN_6-6,40
64.0,64,317388,CartPole-v1,"CP-ppo-ac-NN(6,6)-(lr=1.0e-5)-(86-params)",classic_NN_6-6,40
62.0,62,317408,CartPole-v1,"CP-ppo-ac-NN(6,6)-(lr=1.0e-5)-(86-params)",classic_NN_6-6,40
25.0,25,317424,CartPole-v1,"CP-ppo-ac-NN(6,6)-(lr=1.0e-5)-(86-params)",classic_NN_6-6,40
53.0,53,317524,CartPole-v1,"CP-ppo-ac-NN(6,6)-(lr=1.0e-5)-(86-params)",classic_NN_6-6,40
34.0,34,317524,CartPole-v1,"CP-ppo-ac-NN(6,6)-(lr=1.0e-5)-(86-params)",classic_NN_6-6,40
41.0,41,317572,CartPole-v1,"CP-ppo-ac-NN(6,6)-(lr=1.0e-5)-(86-params)",classic_NN_6-6,40
21.0,21,317608,CartPole-v1,"CP-ppo-ac-NN(6,6)-(lr=1.0e-5)-(86-params)",classic_NN_6-6,40
29.0,29,317640,CartPole-v1,"CP-ppo-ac-NN(6,6)-(lr=1.0e-5)-(86-params)",classic_NN_6-6,40
60.0,60,317664,CartPole-v1,"CP-ppo-ac-NN(6,6)-(lr=1.0e-5)-(86-params)",classic_NN_6-6,40
21.0,21,317692,CartPole-v1,"CP-ppo-ac-NN(6,6)-(lr=1.0e-5)-(86-params)",classic_NN_6-6,40
33.0,33,317704,CartPole-v1,"CP-ppo-ac-NN(6,6)-(lr=1.0e-5)-(86-params)",classic_NN_6-6,40
16.0,16,317756,CartPole-v1,"CP-ppo-ac-NN(6,6)-(lr=1.0e-5)-(86-params)",classic_NN_6-6,40
29.0,29,317756,CartPole-v1,"CP-ppo-ac-NN(6,6)-(lr=1.0e-5)-(86-params)",classic_NN_6-6,40
28.0,28,317776,CartPole-v1,"CP-ppo-ac-NN(6,6)-(lr=1.0e-5)-(86-params)",classic_NN_6-6,40
35.0,35,317896,CartPole-v1,"CP-ppo-ac-NN(6,6)-(lr=1.0e-5)-(86-params)",classic_NN_6-6,40
35.0,35,317916,CartPole-v1,"CP-ppo-ac-NN(6,6)-(lr=1.0e-5)-(86-params)",classic_NN_6-6,40
56.0,56,317928,CartPole-v1,"CP-ppo-ac-NN(6,6)-(lr=1.0e-5)-(86-params)",classic_NN_6-6,40
11.0,11,317972,CartPole-v1,"CP-ppo-ac-NN(6,6)-(lr=1.0e-5)-(86-params)",classic_NN_6-6,40
21.0,21,317980,CartPole-v1,"CP-ppo-ac-NN(6,6)-(lr=1.0e-5)-(86-params)",classic_NN_6-6,40
75.0,75,318056,CartPole-v1,"CP-ppo-ac-NN(6,6)-(lr=1.0e-5)-(86-params)",classic_NN_6-6,40
36.0,36,318060,CartPole-v1,"CP-ppo-ac-NN(6,6)-(lr=1.0e-5)-(86-params)",classic_NN_6-6,40
31.0,31,318104,CartPole-v1,"CP-ppo-ac-NN(6,6)-(lr=1.0e-5)-(86-params)",classic_NN_6-6,40
34.0,34,318108,CartPole-v1,"CP-ppo-ac-NN(6,6)-(lr=1.0e-5)-(86-params)",classic_NN_6-6,40
12.0,12,318108,CartPole-v1,"CP-ppo-ac-NN(6,6)-(lr=1.0e-5)-(86-params)",classic_NN_6-6,40
15.0,15,318164,CartPole-v1,"CP-ppo-ac-NN(6,6)-(lr=1.0e-5)-(86-params)",classic_NN_6-6,40
17.0,17,318176,CartPole-v1,"CP-ppo-ac-NN(6,6)-(lr=1.0e-5)-(86-params)",classic_NN_6-6,40
14.0,14,318220,CartPole-v1,"CP-ppo-ac-NN(6,6)-(lr=1.0e-5)-(86-params)",classic_NN_6-6,40
52.0,52,318264,CartPole-v1,"CP-ppo-ac-NN(6,6)-(lr=1.0e-5)-(86-params)",classic_NN_6-6,40
43.0,43,318280,CartPole-v1,"CP-ppo-ac-NN(6,6)-(lr=1.0e-5)-(86-params)",classic_NN_6-6,40
14.0,14,318320,CartPole-v1,"CP-ppo-ac-NN(6,6)-(lr=1.0e-5)-(86-params)",classic_NN_6-6,40
42.0,42,318344,CartPole-v1,"CP-ppo-ac-NN(6,6)-(lr=1.0e-5)-(86-params)",classic_NN_6-6,40
34.0,34,318356,CartPole-v1,"CP-ppo-ac-NN(6,6)-(lr=1.0e-5)-(86-params)",classic_NN_6-6,40
30.0,30,318400,CartPole-v1,"CP-ppo-ac-NN(6,6)-(lr=1.0e-5)-(86-params)",classic_NN_6-6,40
12.0,12,318404,CartPole-v1,"CP-ppo-ac-NN(6,6)-(lr=1.0e-5)-(86-params)",classic_NN_6-6,40
21.0,21,318428,CartPole-v1,"CP-ppo-ac-NN(6,6)-(lr=1.0e-5)-(86-params)",classic_NN_6-6,40
23.0,23,318492,CartPole-v1,"CP-ppo-ac-NN(6,6)-(lr=1.0e-5)-(86-params)",classic_NN_6-6,40
18.0,18,318500,CartPole-v1,"CP-ppo-ac-NN(6,6)-(lr=1.0e-5)-(86-params)",classic_NN_6-6,40
50.0,50,318520,CartPole-v1,"CP-ppo-ac-NN(6,6)-(lr=1.0e-5)-(86-params)",classic_NN_6-6,40
38.0,38,318556,CartPole-v1,"CP-ppo-ac-NN(6,6)-(lr=1.0e-5)-(86-params)",classic_NN_6-6,40
15.0,15,318580,CartPole-v1,"CP-ppo-ac-NN(6,6)-(lr=1.0e-5)-(86-params)",classic_NN_6-6,40
37.0,37,318640,CartPole-v1,"CP-ppo-ac-NN(6,6)-(lr=1.0e-5)-(86-params)",classic_NN_6-6,40
41.0,41,318664,CartPole-v1,"CP-ppo-ac-NN(6,6)-(lr=1.0e-5)-(86-params)",classic_NN_6-6,40
30.0,30,318700,CartPole-v1,"CP-ppo-ac-NN(6,6)-(lr=1.0e-5)-(86-params)",classic_NN_6-6,40
25.0,25,318740,CartPole-v1,"CP-ppo-ac-NN(6,6)-(lr=1.0e-5)-(86-params)",classic_NN_6-6,40
50.0,50,318756,CartPole-v1,"CP-ppo-ac-NN(6,6)-(lr=1.0e-5)-(86-params)",classic_NN_6-6,40
22.0,22,318844,CartPole-v1,"CP-ppo-ac-NN(6,6)-(lr=1.0e-5)-(86-params)",classic_NN_6-6,40
48.0,48,318856,CartPole-v1,"CP-ppo-ac-NN(6,6)-(lr=1.0e-5)-(86-params)",classic_NN_6-6,40
30.0,30,318860,CartPole-v1,"CP-ppo-ac-NN(6,6)-(lr=1.0e-5)-(86-params)",classic_NN_6-6,40
54.0,54,318916,CartPole-v1,"CP-ppo-ac-NN(6,6)-(lr=1.0e-5)-(86-params)",classic_NN_6-6,40
25.0,25,318956,CartPole-v1,"CP-ppo-ac-NN(6,6)-(lr=1.0e-5)-(86-params)",classic_NN_6-6,40
33.0,33,318976,CartPole-v1,"CP-ppo-ac-NN(6,6)-(lr=1.0e-5)-(86-params)",classic_NN_6-6,40
29.0,29,318976,CartPole-v1,"CP-ppo-ac-NN(6,6)-(lr=1.0e-5)-(86-params)",classic_NN_6-6,40
20.0,20,319036,CartPole-v1,"CP-ppo-ac-NN(6,6)-(lr=1.0e-5)-(86-params)",classic_NN_6-6,40
30.0,30,319096,CartPole-v1,"CP-ppo-ac-NN(6,6)-(lr=1.0e-5)-(86-params)",classic_NN_6-6,40
50.0,50,319116,CartPole-v1,"CP-ppo-ac-NN(6,6)-(lr=1.0e-5)-(86-params)",classic_NN_6-6,40
23.0,23,319128,CartPole-v1,"CP-ppo-ac-NN(6,6)-(lr=1.0e-5)-(86-params)",classic_NN_6-6,40
14.0,14,319152,CartPole-v1,"CP-ppo-ac-NN(6,6)-(lr=1.0e-5)-(86-params)",classic_NN_6-6,40
57.0,57,319204,CartPole-v1,"CP-ppo-ac-NN(6,6)-(lr=1.0e-5)-(86-params)",classic_NN_6-6,40
23.0,23,319208,CartPole-v1,"CP-ppo-ac-NN(6,6)-(lr=1.0e-5)-(86-params)",classic_NN_6-6,40
28.0,28,319264,CartPole-v1,"CP-ppo-ac-NN(6,6)-(lr=1.0e-5)-(86-params)",classic_NN_6-6,40
20.0,20,319288,CartPole-v1,"CP-ppo-ac-NN(6,6)-(lr=1.0e-5)-(86-params)",classic_NN_6-6,40
41.0,41,319292,CartPole-v1,"CP-ppo-ac-NN(6,6)-(lr=1.0e-5)-(86-params)",classic_NN_6-6,40
22.0,22,319376,CartPole-v1,"CP-ppo-ac-NN(6,6)-(lr=1.0e-5)-(86-params)",classic_NN_6-6,40
53.0,53,319416,CartPole-v1,"CP-ppo-ac-NN(6,6)-(lr=1.0e-5)-(86-params)",classic_NN_6-6,40
40.0,40,319424,CartPole-v1,"CP-ppo-ac-NN(6,6)-(lr=1.0e-5)-(86-params)",classic_NN_6-6,40
20.0,20,319456,CartPole-v1,"CP-ppo-ac-NN(6,6)-(lr=1.0e-5)-(86-params)",classic_NN_6-6,40
49.0,49,319488,CartPole-v1,"CP-ppo-ac-NN(6,6)-(lr=1.0e-5)-(86-params)",classic_NN_6-6,40
20.0,20,319496,CartPole-v1,"CP-ppo-ac-NN(6,6)-(lr=1.0e-5)-(86-params)",classic_NN_6-6,40
27.0,27,319532,CartPole-v1,"CP-ppo-ac-NN(6,6)-(lr=1.0e-5)-(86-params)",classic_NN_6-6,40
37.0,37,319604,CartPole-v1,"CP-ppo-ac-NN(6,6)-(lr=1.0e-5)-(86-params)",classic_NN_6-6,40
28.0,28,319608,CartPole-v1,"CP-ppo-ac-NN(6,6)-(lr=1.0e-5)-(86-params)",classic_NN_6-6,40
44.0,44,319664,CartPole-v1,"CP-ppo-ac-NN(6,6)-(lr=1.0e-5)-(86-params)",classic_NN_6-6,40
15.0,15,319664,CartPole-v1,"CP-ppo-ac-NN(6,6)-(lr=1.0e-5)-(86-params)",classic_NN_6-6,40
15.0,15,319668,CartPole-v1,"CP-ppo-ac-NN(6,6)-(lr=1.0e-5)-(86-params)",classic_NN_6-6,40
41.0,41,319696,CartPole-v1,"CP-ppo-ac-NN(6,6)-(lr=1.0e-5)-(86-params)",classic_NN_6-6,40
16.0,16,319728,CartPole-v1,"CP-ppo-ac-NN(6,6)-(lr=1.0e-5)-(86-params)",classic_NN_6-6,40
17.0,17,319732,CartPole-v1,"CP-ppo-ac-NN(6,6)-(lr=1.0e-5)-(86-params)",classic_NN_6-6,40
17.0,17,319736,CartPole-v1,"CP-ppo-ac-NN(6,6)-(lr=1.0e-5)-(86-params)",classic_NN_6-6,40
16.0,16,319796,CartPole-v1,"CP-ppo-ac-NN(6,6)-(lr=1.0e-5)-(86-params)",classic_NN_6-6,40
26.0,26,319800,CartPole-v1,"CP-ppo-ac-NN(6,6)-(lr=1.0e-5)-(86-params)",classic_NN_6-6,40
29.0,29,319844,CartPole-v1,"CP-ppo-ac-NN(6,6)-(lr=1.0e-5)-(86-params)",classic_NN_6-6,40
18.0,18,319872,CartPole-v1,"CP-ppo-ac-NN(6,6)-(lr=1.0e-5)-(86-params)",classic_NN_6-6,40
42.0,42,319904,CartPole-v1,"CP-ppo-ac-NN(6,6)-(lr=1.0e-5)-(86-params)",classic_NN_6-6,40
30.0,30,319916,CartPole-v1,"CP-ppo-ac-NN(6,6)-(lr=1.0e-5)-(86-params)",classic_NN_6-6,40
16.0,16,319968,CartPole-v1,"CP-ppo-ac-NN(6,6)-(lr=1.0e-5)-(86-params)",classic_NN_6-6,40
15.0,15,319976,CartPole-v1,"CP-ppo-ac-NN(6,6)-(lr=1.0e-5)-(86-params)",classic_NN_6-6,40
11.0,11,320020,CartPole-v1,"CP-ppo-ac-NN(6,6)-(lr=1.0e-5)-(86-params)",classic_NN_6-6,40
18.0,18,320040,CartPole-v1,"CP-ppo-ac-NN(6,6)-(lr=1.0e-5)-(86-params)",classic_NN_6-6,40
55.0,55,320064,CartPole-v1,"CP-ppo-ac-NN(6,6)-(lr=1.0e-5)-(86-params)",classic_NN_6-6,40
17.0,17,320088,CartPole-v1,"CP-ppo-ac-NN(6,6)-(lr=1.0e-5)-(86-params)",classic_NN_6-6,40
67.0,67,320140,CartPole-v1,"CP-ppo-ac-NN(6,6)-(lr=1.0e-5)-(86-params)",classic_NN_6-6,40
20.0,20,320144,CartPole-v1,"CP-ppo-ac-NN(6,6)-(lr=1.0e-5)-(86-params)",classic_NN_6-6,40
21.0,21,320172,CartPole-v1,"CP-ppo-ac-NN(6,6)-(lr=1.0e-5)-(86-params)",classic_NN_6-6,40
35.0,35,320180,CartPole-v1,"CP-ppo-ac-NN(6,6)-(lr=1.0e-5)-(86-params)",classic_NN_6-6,40
15.0,15,320204,CartPole-v1,"CP-ppo-ac-NN(6,6)-(lr=1.0e-5)-(86-params)",classic_NN_6-6,40
26.0,26,320244,CartPole-v1,"CP-ppo-ac-NN(6,6)-(lr=1.0e-5)-(86-params)",classic_NN_6-6,40
12.0,12,320252,CartPole-v1,"CP-ppo-ac-NN(6,6)-(lr=1.0e-5)-(86-params)",classic_NN_6-6,40
27.0,27,320280,CartPole-v1,"CP-ppo-ac-NN(6,6)-(lr=1.0e-5)-(86-params)",classic_NN_6-6,40
17.0,17,320312,CartPole-v1,"CP-ppo-ac-NN(6,6)-(lr=1.0e-5)-(86-params)",classic_NN_6-6,40
35.0,35,320320,CartPole-v1,"CP-ppo-ac-NN(6,6)-(lr=1.0e-5)-(86-params)",classic_NN_6-6,40
19.0,19,320388,CartPole-v1,"CP-ppo-ac-NN(6,6)-(lr=1.0e-5)-(86-params)",classic_NN_6-6,40
28.0,28,320392,CartPole-v1,"CP-ppo-ac-NN(6,6)-(lr=1.0e-5)-(86-params)",classic_NN_6-6,40
21.0,21,320476,CartPole-v1,"CP-ppo-ac-NN(6,6)-(lr=1.0e-5)-(86-params)",classic_NN_6-6,40
59.0,59,320488,CartPole-v1,"CP-ppo-ac-NN(6,6)-(lr=1.0e-5)-(86-params)",classic_NN_6-6,40
48.0,48,320580,CartPole-v1,"CP-ppo-ac-NN(6,6)-(lr=1.0e-5)-(86-params)",classic_NN_6-6,40
67.0,67,320588,CartPole-v1,"CP-ppo-ac-NN(6,6)-(lr=1.0e-5)-(86-params)",classic_NN_6-6,40
31.0,31,320612,CartPole-v1,"CP-ppo-ac-NN(6,6)-(lr=1.0e-5)-(86-params)",classic_NN_6-6,40
12.0,12,320660,CartPole-v1,"CP-ppo-ac-NN(6,6)-(lr=1.0e-5)-(86-params)",classic_NN_6-6,40
22.0,22,320668,CartPole-v1,"CP-ppo-ac-NN(6,6)-(lr=1.0e-5)-(86-params)",classic_NN_6-6,40
22.0,22,320676,CartPole-v1,"CP-ppo-ac-NN(6,6)-(lr=1.0e-5)-(86-params)",classic_NN_6-6,40
20.0,20,320748,CartPole-v1,"CP-ppo-ac-NN(6,6)-(lr=1.0e-5)-(86-params)",classic_NN_6-6,40
24.0,24,320756,CartPole-v1,"CP-ppo-ac-NN(6,6)-(lr=1.0e-5)-(86-params)",classic_NN_6-6,40
71.0,71,320760,CartPole-v1,"CP-ppo-ac-NN(6,6)-(lr=1.0e-5)-(86-params)",classic_NN_6-6,40
24.0,24,320772,CartPole-v1,"CP-ppo-ac-NN(6,6)-(lr=1.0e-5)-(86-params)",classic_NN_6-6,40
15.0,15,320816,CartPole-v1,"CP-ppo-ac-NN(6,6)-(lr=1.0e-5)-(86-params)",classic_NN_6-6,40
35.0,35,320888,CartPole-v1,"CP-ppo-ac-NN(6,6)-(lr=1.0e-5)-(86-params)",classic_NN_6-6,40
28.0,28,320928,CartPole-v1,"CP-ppo-ac-NN(6,6)-(lr=1.0e-5)-(86-params)",classic_NN_6-6,40
49.0,49,320968,CartPole-v1,"CP-ppo-ac-NN(6,6)-(lr=1.0e-5)-(86-params)",classic_NN_6-6,40
25.0,25,320988,CartPole-v1,"CP-ppo-ac-NN(6,6)-(lr=1.0e-5)-(86-params)",classic_NN_6-6,40
25.0,25,321028,CartPole-v1,"CP-ppo-ac-NN(6,6)-(lr=1.0e-5)-(86-params)",classic_NN_6-6,40
19.0,19,321044,CartPole-v1,"CP-ppo-ac-NN(6,6)-(lr=1.0e-5)-(86-params)",classic_NN_6-6,40
17.0,17,321112,CartPole-v1,"CP-ppo-ac-NN(6,6)-(lr=1.0e-5)-(86-params)",classic_NN_6-6,40
39.0,39,321144,CartPole-v1,"CP-ppo-ac-NN(6,6)-(lr=1.0e-5)-(86-params)",classic_NN_6-6,40
106.0,106,321184,CartPole-v1,"CP-ppo-ac-NN(6,6)-(lr=1.0e-5)-(86-params)",classic_NN_6-6,40
21.0,21,321228,CartPole-v1,"CP-ppo-ac-NN(6,6)-(lr=1.0e-5)-(86-params)",classic_NN_6-6,40
71.0,71,321312,CartPole-v1,"CP-ppo-ac-NN(6,6)-(lr=1.0e-5)-(86-params)",classic_NN_6-6,40
29.0,29,321344,CartPole-v1,"CP-ppo-ac-NN(6,6)-(lr=1.0e-5)-(86-params)",classic_NN_6-6,40
50.0,50,321384,CartPole-v1,"CP-ppo-ac-NN(6,6)-(lr=1.0e-5)-(86-params)",classic_NN_6-6,40
12.0,12,321392,CartPole-v1,"CP-ppo-ac-NN(6,6)-(lr=1.0e-5)-(86-params)",classic_NN_6-6,40
72.0,72,321400,CartPole-v1,"CP-ppo-ac-NN(6,6)-(lr=1.0e-5)-(86-params)",classic_NN_6-6,40
23.0,23,321404,CartPole-v1,"CP-ppo-ac-NN(6,6)-(lr=1.0e-5)-(86-params)",classic_NN_6-6,40
16.0,16,321456,CartPole-v1,"CP-ppo-ac-NN(6,6)-(lr=1.0e-5)-(86-params)",classic_NN_6-6,40
22.0,22,321488,CartPole-v1,"CP-ppo-ac-NN(6,6)-(lr=1.0e-5)-(86-params)",classic_NN_6-6,40
24.0,24,321552,CartPole-v1,"CP-ppo-ac-NN(6,6)-(lr=1.0e-5)-(86-params)",classic_NN_6-6,40
48.0,48,321576,CartPole-v1,"CP-ppo-ac-NN(6,6)-(lr=1.0e-5)-(86-params)",classic_NN_6-6,40
24.0,24,321672,CartPole-v1,"CP-ppo-ac-NN(6,6)-(lr=1.0e-5)-(86-params)",classic_NN_6-6,40
48.0,48,321680,CartPole-v1,"CP-ppo-ac-NN(6,6)-(lr=1.0e-5)-(86-params)",classic_NN_6-6,40
40.0,40,321712,CartPole-v1,"CP-ppo-ac-NN(6,6)-(lr=1.0e-5)-(86-params)",classic_NN_6-6,40
78.0,78,321716,CartPole-v1,"CP-ppo-ac-NN(6,6)-(lr=1.0e-5)-(86-params)",classic_NN_6-6,40
12.0,12,321728,CartPole-v1,"CP-ppo-ac-NN(6,6)-(lr=1.0e-5)-(86-params)",classic_NN_6-6,40
22.0,22,321760,CartPole-v1,"CP-ppo-ac-NN(6,6)-(lr=1.0e-5)-(86-params)",classic_NN_6-6,40
18.0,18,321784,CartPole-v1,"CP-ppo-ac-NN(6,6)-(lr=1.0e-5)-(86-params)",classic_NN_6-6,40
35.0,35,321868,CartPole-v1,"CP-ppo-ac-NN(6,6)-(lr=1.0e-5)-(86-params)",classic_NN_6-6,40
23.0,23,321876,CartPole-v1,"CP-ppo-ac-NN(6,6)-(lr=1.0e-5)-(86-params)",classic_NN_6-6,40
71.0,71,322000,CartPole-v1,"CP-ppo-ac-NN(6,6)-(lr=1.0e-5)-(86-params)",classic_NN_6-6,40
33.0,33,322008,CartPole-v1,"CP-ppo-ac-NN(6,6)-(lr=1.0e-5)-(86-params)",classic_NN_6-6,40
39.0,39,322024,CartPole-v1,"CP-ppo-ac-NN(6,6)-(lr=1.0e-5)-(86-params)",classic_NN_6-6,40
16.0,16,322064,CartPole-v1,"CP-ppo-ac-NN(6,6)-(lr=1.0e-5)-(86-params)",classic_NN_6-6,40
15.0,15,322084,CartPole-v1,"CP-ppo-ac-NN(6,6)-(lr=1.0e-5)-(86-params)",classic_NN_6-6,40
22.0,22,322096,CartPole-v1,"CP-ppo-ac-NN(6,6)-(lr=1.0e-5)-(86-params)",classic_NN_6-6,40
86.0,86,322104,CartPole-v1,"CP-ppo-ac-NN(6,6)-(lr=1.0e-5)-(86-params)",classic_NN_6-6,40
10.0,10,322104,CartPole-v1,"CP-ppo-ac-NN(6,6)-(lr=1.0e-5)-(86-params)",classic_NN_6-6,40
11.0,11,322140,CartPole-v1,"CP-ppo-ac-NN(6,6)-(lr=1.0e-5)-(86-params)",classic_NN_6-6,40
11.0,11,322148,CartPole-v1,"CP-ppo-ac-NN(6,6)-(lr=1.0e-5)-(86-params)",classic_NN_6-6,40
22.0,22,322192,CartPole-v1,"CP-ppo-ac-NN(6,6)-(lr=1.0e-5)-(86-params)",classic_NN_6-6,40
16.0,16,322212,CartPole-v1,"CP-ppo-ac-NN(6,6)-(lr=1.0e-5)-(86-params)",classic_NN_6-6,40
37.0,37,322232,CartPole-v1,"CP-ppo-ac-NN(6,6)-(lr=1.0e-5)-(86-params)",classic_NN_6-6,40
24.0,24,322236,CartPole-v1,"CP-ppo-ac-NN(6,6)-(lr=1.0e-5)-(86-params)",classic_NN_6-6,40
22.0,22,322324,CartPole-v1,"CP-ppo-ac-NN(6,6)-(lr=1.0e-5)-(86-params)",classic_NN_6-6,40
34.0,34,322348,CartPole-v1,"CP-ppo-ac-NN(6,6)-(lr=1.0e-5)-(86-params)",classic_NN_6-6,40
40.0,40,322352,CartPole-v1,"CP-ppo-ac-NN(6,6)-(lr=1.0e-5)-(86-params)",classic_NN_6-6,40
40.0,40,322392,CartPole-v1,"CP-ppo-ac-NN(6,6)-(lr=1.0e-5)-(86-params)",classic_NN_6-6,40
11.0,11,322392,CartPole-v1,"CP-ppo-ac-NN(6,6)-(lr=1.0e-5)-(86-params)",classic_NN_6-6,40
18.0,18,322396,CartPole-v1,"CP-ppo-ac-NN(6,6)-(lr=1.0e-5)-(86-params)",classic_NN_6-6,40
12.0,12,322400,CartPole-v1,"CP-ppo-ac-NN(6,6)-(lr=1.0e-5)-(86-params)",classic_NN_6-6,40
31.0,31,322516,CartPole-v1,"CP-ppo-ac-NN(6,6)-(lr=1.0e-5)-(86-params)",classic_NN_6-6,40
37.0,37,322544,CartPole-v1,"CP-ppo-ac-NN(6,6)-(lr=1.0e-5)-(86-params)",classic_NN_6-6,40
21.0,21,322600,CartPole-v1,"CP-ppo-ac-NN(6,6)-(lr=1.0e-5)-(86-params)",classic_NN_6-6,40
55.0,55,322620,CartPole-v1,"CP-ppo-ac-NN(6,6)-(lr=1.0e-5)-(86-params)",classic_NN_6-6,40
61.0,61,322636,CartPole-v1,"CP-ppo-ac-NN(6,6)-(lr=1.0e-5)-(86-params)",classic_NN_6-6,40
27.0,27,322652,CartPole-v1,"CP-ppo-ac-NN(6,6)-(lr=1.0e-5)-(86-params)",classic_NN_6-6,40
29.0,29,322768,CartPole-v1,"CP-ppo-ac-NN(6,6)-(lr=1.0e-5)-(86-params)",classic_NN_6-6,40
43.0,43,322772,CartPole-v1,"CP-ppo-ac-NN(6,6)-(lr=1.0e-5)-(86-params)",classic_NN_6-6,40
14.0,14,322824,CartPole-v1,"CP-ppo-ac-NN(6,6)-(lr=1.0e-5)-(86-params)",classic_NN_6-6,40
26.0,26,322876,CartPole-v1,"CP-ppo-ac-NN(6,6)-(lr=1.0e-5)-(86-params)",classic_NN_6-6,40
20.0,20,322904,CartPole-v1,"CP-ppo-ac-NN(6,6)-(lr=1.0e-5)-(86-params)",classic_NN_6-6,40
71.0,71,322920,CartPole-v1,"CP-ppo-ac-NN(6,6)-(lr=1.0e-5)-(86-params)",classic_NN_6-6,40
14.0,14,322932,CartPole-v1,"CP-ppo-ac-NN(6,6)-(lr=1.0e-5)-(86-params)",classic_NN_6-6,40
103.0,103,323032,CartPole-v1,"CP-ppo-ac-NN(6,6)-(lr=1.0e-5)-(86-params)",classic_NN_6-6,40
43.0,43,323076,CartPole-v1,"CP-ppo-ac-NN(6,6)-(lr=1.0e-5)-(86-params)",classic_NN_6-6,40
42.0,42,323088,CartPole-v1,"CP-ppo-ac-NN(6,6)-(lr=1.0e-5)-(86-params)",classic_NN_6-6,40
27.0,27,323140,CartPole-v1,"CP-ppo-ac-NN(6,6)-(lr=1.0e-5)-(86-params)",classic_NN_6-6,40
19.0,19,323164,CartPole-v1,"CP-ppo-ac-NN(6,6)-(lr=1.0e-5)-(86-params)",classic_NN_6-6,40
16.0,16,323204,CartPole-v1,"CP-ppo-ac-NN(6,6)-(lr=1.0e-5)-(86-params)",classic_NN_6-6,40
43.0,43,323248,CartPole-v1,"CP-ppo-ac-NN(6,6)-(lr=1.0e-5)-(86-params)",classic_NN_6-6,40
21.0,21,323248,CartPole-v1,"CP-ppo-ac-NN(6,6)-(lr=1.0e-5)-(86-params)",classic_NN_6-6,40
18.0,18,323276,CartPole-v1,"CP-ppo-ac-NN(6,6)-(lr=1.0e-5)-(86-params)",classic_NN_6-6,40
10.0,10,323316,CartPole-v1,"CP-ppo-ac-NN(6,6)-(lr=1.0e-5)-(86-params)",classic_NN_6-6,40
97.0,97,323320,CartPole-v1,"CP-ppo-ac-NN(6,6)-(lr=1.0e-5)-(86-params)",classic_NN_6-6,40
11.0,11,323360,CartPole-v1,"CP-ppo-ac-NN(6,6)-(lr=1.0e-5)-(86-params)",classic_NN_6-6,40
33.0,33,323380,CartPole-v1,"CP-ppo-ac-NN(6,6)-(lr=1.0e-5)-(86-params)",classic_NN_6-6,40
16.0,16,323384,CartPole-v1,"CP-ppo-ac-NN(6,6)-(lr=1.0e-5)-(86-params)",classic_NN_6-6,40
44.0,44,323424,CartPole-v1,"CP-ppo-ac-NN(6,6)-(lr=1.0e-5)-(86-params)",classic_NN_6-6,40
13.0,13,323436,CartPole-v1,"CP-ppo-ac-NN(6,6)-(lr=1.0e-5)-(86-params)",classic_NN_6-6,40
19.0,19,323436,CartPole-v1,"CP-ppo-ac-NN(6,6)-(lr=1.0e-5)-(86-params)",classic_NN_6-6,40
19.0,19,323456,CartPole-v1,"CP-ppo-ac-NN(6,6)-(lr=1.0e-5)-(86-params)",classic_NN_6-6,40
25.0,25,323524,CartPole-v1,"CP-ppo-ac-NN(6,6)-(lr=1.0e-5)-(86-params)",classic_NN_6-6,40
32.0,32,323564,CartPole-v1,"CP-ppo-ac-NN(6,6)-(lr=1.0e-5)-(86-params)",classic_NN_6-6,40
46.0,46,323640,CartPole-v1,"CP-ppo-ac-NN(6,6)-(lr=1.0e-5)-(86-params)",classic_NN_6-6,40
64.0,64,323692,CartPole-v1,"CP-ppo-ac-NN(6,6)-(lr=1.0e-5)-(86-params)",classic_NN_6-6,40
17.0,17,323708,CartPole-v1,"CP-ppo-ac-NN(6,6)-(lr=1.0e-5)-(86-params)",classic_NN_6-6,40
17.0,17,323760,CartPole-v1,"CP-ppo-ac-NN(6,6)-(lr=1.0e-5)-(86-params)",classic_NN_6-6,40
71.0,71,323808,CartPole-v1,"CP-ppo-ac-NN(6,6)-(lr=1.0e-5)-(86-params)",classic_NN_6-6,40
28.0,28,323820,CartPole-v1,"CP-ppo-ac-NN(6,6)-(lr=1.0e-5)-(86-params)",classic_NN_6-6,40
70.0,70,323844,CartPole-v1,"CP-ppo-ac-NN(6,6)-(lr=1.0e-5)-(86-params)",classic_NN_6-6,40
25.0,25,323860,CartPole-v1,"CP-ppo-ac-NN(6,6)-(lr=1.0e-5)-(86-params)",classic_NN_6-6,40
16.0,16,323884,CartPole-v1,"CP-ppo-ac-NN(6,6)-(lr=1.0e-5)-(86-params)",classic_NN_6-6,40
13.0,13,323936,CartPole-v1,"CP-ppo-ac-NN(6,6)-(lr=1.0e-5)-(86-params)",classic_NN_6-6,40
39.0,39,324000,CartPole-v1,"CP-ppo-ac-NN(6,6)-(lr=1.0e-5)-(86-params)",classic_NN_6-6,40
54.0,54,324024,CartPole-v1,"CP-ppo-ac-NN(6,6)-(lr=1.0e-5)-(86-params)",classic_NN_6-6,40
44.0,44,324036,CartPole-v1,"CP-ppo-ac-NN(6,6)-(lr=1.0e-5)-(86-params)",classic_NN_6-6,40
29.0,29,324116,CartPole-v1,"CP-ppo-ac-NN(6,6)-(lr=1.0e-5)-(86-params)",classic_NN_6-6,40
25.0,25,324124,CartPole-v1,"CP-ppo-ac-NN(6,6)-(lr=1.0e-5)-(86-params)",classic_NN_6-6,40
57.0,57,324164,CartPole-v1,"CP-ppo-ac-NN(6,6)-(lr=1.0e-5)-(86-params)",classic_NN_6-6,40
11.0,11,324208,CartPole-v1,"CP-ppo-ac-NN(6,6)-(lr=1.0e-5)-(86-params)",classic_NN_6-6,40
31.0,31,324248,CartPole-v1,"CP-ppo-ac-NN(6,6)-(lr=1.0e-5)-(86-params)",classic_NN_6-6,40
22.0,22,324296,CartPole-v1,"CP-ppo-ac-NN(6,6)-(lr=1.0e-5)-(86-params)",classic_NN_6-6,40
13.0,13,324300,CartPole-v1,"CP-ppo-ac-NN(6,6)-(lr=1.0e-5)-(86-params)",classic_NN_6-6,40
46.0,46,324300,CartPole-v1,"CP-ppo-ac-NN(6,6)-(lr=1.0e-5)-(86-params)",classic_NN_6-6,40
24.0,24,324392,CartPole-v1,"CP-ppo-ac-NN(6,6)-(lr=1.0e-5)-(86-params)",classic_NN_6-6,40
95.0,95,324416,CartPole-v1,"CP-ppo-ac-NN(6,6)-(lr=1.0e-5)-(86-params)",classic_NN_6-6,40
35.0,35,324440,CartPole-v1,"CP-ppo-ac-NN(6,6)-(lr=1.0e-5)-(86-params)",classic_NN_6-6,40
27.0,27,324500,CartPole-v1,"CP-ppo-ac-NN(6,6)-(lr=1.0e-5)-(86-params)",classic_NN_6-6,40
50.0,50,324500,CartPole-v1,"CP-ppo-ac-NN(6,6)-(lr=1.0e-5)-(86-params)",classic_NN_6-6,40
24.0,24,324536,CartPole-v1,"CP-ppo-ac-NN(6,6)-(lr=1.0e-5)-(86-params)",classic_NN_6-6,40
34.0,34,324636,CartPole-v1,"CP-ppo-ac-NN(6,6)-(lr=1.0e-5)-(86-params)",classic_NN_6-6,40
36.0,36,324644,CartPole-v1,"CP-ppo-ac-NN(6,6)-(lr=1.0e-5)-(86-params)",classic_NN_6-6,40
29.0,29,324652,CartPole-v1,"CP-ppo-ac-NN(6,6)-(lr=1.0e-5)-(86-params)",classic_NN_6-6,40
13.0,13,324704,CartPole-v1,"CP-ppo-ac-NN(6,6)-(lr=1.0e-5)-(86-params)",classic_NN_6-6,40
76.0,76,324720,CartPole-v1,"CP-ppo-ac-NN(6,6)-(lr=1.0e-5)-(86-params)",classic_NN_6-6,40
28.0,28,324748,CartPole-v1,"CP-ppo-ac-NN(6,6)-(lr=1.0e-5)-(86-params)",classic_NN_6-6,40
43.0,43,324816,CartPole-v1,"CP-ppo-ac-NN(6,6)-(lr=1.0e-5)-(86-params)",classic_NN_6-6,40
26.0,26,324824,CartPole-v1,"CP-ppo-ac-NN(6,6)-(lr=1.0e-5)-(86-params)",classic_NN_6-6,40
30.0,30,324824,CartPole-v1,"CP-ppo-ac-NN(6,6)-(lr=1.0e-5)-(86-params)",classic_NN_6-6,40
37.0,37,324896,CartPole-v1,"CP-ppo-ac-NN(6,6)-(lr=1.0e-5)-(86-params)",classic_NN_6-6,40
25.0,25,324924,CartPole-v1,"CP-ppo-ac-NN(6,6)-(lr=1.0e-5)-(86-params)",classic_NN_6-6,40
37.0,37,324972,CartPole-v1,"CP-ppo-ac-NN(6,6)-(lr=1.0e-5)-(86-params)",classic_NN_6-6,40
27.0,27,325032,CartPole-v1,"CP-ppo-ac-NN(6,6)-(lr=1.0e-5)-(86-params)",classic_NN_6-6,40
11.0,11,325076,CartPole-v1,"CP-ppo-ac-NN(6,6)-(lr=1.0e-5)-(86-params)",classic_NN_6-6,40
66.0,66,325080,CartPole-v1,"CP-ppo-ac-NN(6,6)-(lr=1.0e-5)-(86-params)",classic_NN_6-6,40
28.0,28,325084,CartPole-v1,"CP-ppo-ac-NN(6,6)-(lr=1.0e-5)-(86-params)",classic_NN_6-6,40
15.0,15,325144,CartPole-v1,"CP-ppo-ac-NN(6,6)-(lr=1.0e-5)-(86-params)",classic_NN_6-6,40
36.0,36,325220,CartPole-v1,"CP-ppo-ac-NN(6,6)-(lr=1.0e-5)-(86-params)",classic_NN_6-6,40
36.0,36,325224,CartPole-v1,"CP-ppo-ac-NN(6,6)-(lr=1.0e-5)-(86-params)",classic_NN_6-6,40
13.0,13,325276,CartPole-v1,"CP-ppo-ac-NN(6,6)-(lr=1.0e-5)-(86-params)",classic_NN_6-6,40
109.0,109,325332,CartPole-v1,"CP-ppo-ac-NN(6,6)-(lr=1.0e-5)-(86-params)",classic_NN_6-6,40
20.0,20,325356,CartPole-v1,"CP-ppo-ac-NN(6,6)-(lr=1.0e-5)-(86-params)",classic_NN_6-6,40
55.0,55,325364,CartPole-v1,"CP-ppo-ac-NN(6,6)-(lr=1.0e-5)-(86-params)",classic_NN_6-6,40
19.0,19,325408,CartPole-v1,"CP-ppo-ac-NN(6,6)-(lr=1.0e-5)-(86-params)",classic_NN_6-6,40
23.0,23,325456,CartPole-v1,"CP-ppo-ac-NN(6,6)-(lr=1.0e-5)-(86-params)",classic_NN_6-6,40
43.0,43,325528,CartPole-v1,"CP-ppo-ac-NN(6,6)-(lr=1.0e-5)-(86-params)",classic_NN_6-6,40
21.0,21,325540,CartPole-v1,"CP-ppo-ac-NN(6,6)-(lr=1.0e-5)-(86-params)",classic_NN_6-6,40
84.0,84,325556,CartPole-v1,"CP-ppo-ac-NN(6,6)-(lr=1.0e-5)-(86-params)",classic_NN_6-6,40
38.0,38,325560,CartPole-v1,"CP-ppo-ac-NN(6,6)-(lr=1.0e-5)-(86-params)",classic_NN_6-6,40
17.0,17,325628,CartPole-v1,"CP-ppo-ac-NN(6,6)-(lr=1.0e-5)-(86-params)",classic_NN_6-6,40
10.0,10,325668,CartPole-v1,"CP-ppo-ac-NN(6,6)-(lr=1.0e-5)-(86-params)",classic_NN_6-6,40
44.0,44,325704,CartPole-v1,"CP-ppo-ac-NN(6,6)-(lr=1.0e-5)-(86-params)",classic_NN_6-6,40
48.0,48,325748,CartPole-v1,"CP-ppo-ac-NN(6,6)-(lr=1.0e-5)-(86-params)",classic_NN_6-6,40
15.0,15,325764,CartPole-v1,"CP-ppo-ac-NN(6,6)-(lr=1.0e-5)-(86-params)",classic_NN_6-6,40
10.0,10,325804,CartPole-v1,"CP-ppo-ac-NN(6,6)-(lr=1.0e-5)-(86-params)",classic_NN_6-6,40
20.0,20,325828,CartPole-v1,"CP-ppo-ac-NN(6,6)-(lr=1.0e-5)-(86-params)",classic_NN_6-6,40
41.0,41,325832,CartPole-v1,"CP-ppo-ac-NN(6,6)-(lr=1.0e-5)-(86-params)",classic_NN_6-6,40
73.0,73,325832,CartPole-v1,"CP-ppo-ac-NN(6,6)-(lr=1.0e-5)-(86-params)",classic_NN_6-6,40
23.0,23,325924,CartPole-v1,"CP-ppo-ac-NN(6,6)-(lr=1.0e-5)-(86-params)",classic_NN_6-6,40
29.0,29,325948,CartPole-v1,"CP-ppo-ac-NN(6,6)-(lr=1.0e-5)-(86-params)",classic_NN_6-6,40
31.0,31,325952,CartPole-v1,"CP-ppo-ac-NN(6,6)-(lr=1.0e-5)-(86-params)",classic_NN_6-6,40
39.0,39,325960,CartPole-v1,"CP-ppo-ac-NN(6,6)-(lr=1.0e-5)-(86-params)",classic_NN_6-6,40
18.0,18,326020,CartPole-v1,"CP-ppo-ac-NN(6,6)-(lr=1.0e-5)-(86-params)",classic_NN_6-6,40
33.0,33,326084,CartPole-v1,"CP-ppo-ac-NN(6,6)-(lr=1.0e-5)-(86-params)",classic_NN_6-6,40
42.0,42,326128,CartPole-v1,"CP-ppo-ac-NN(6,6)-(lr=1.0e-5)-(86-params)",classic_NN_6-6,40
60.0,60,326164,CartPole-v1,"CP-ppo-ac-NN(6,6)-(lr=1.0e-5)-(86-params)",classic_NN_6-6,40
28.0,28,326240,CartPole-v1,"CP-ppo-ac-NN(6,6)-(lr=1.0e-5)-(86-params)",classic_NN_6-6,40
47.0,47,326272,CartPole-v1,"CP-ppo-ac-NN(6,6)-(lr=1.0e-5)-(86-params)",classic_NN_6-6,40
28.0,28,326276,CartPole-v1,"CP-ppo-ac-NN(6,6)-(lr=1.0e-5)-(86-params)",classic_NN_6-6,40
67.0,67,326288,CartPole-v1,"CP-ppo-ac-NN(6,6)-(lr=1.0e-5)-(86-params)",classic_NN_6-6,40
27.0,27,326396,CartPole-v1,"CP-ppo-ac-NN(6,6)-(lr=1.0e-5)-(86-params)",classic_NN_6-6,40
40.0,40,326400,CartPole-v1,"CP-ppo-ac-NN(6,6)-(lr=1.0e-5)-(86-params)",classic_NN_6-6,40
43.0,43,326448,CartPole-v1,"CP-ppo-ac-NN(6,6)-(lr=1.0e-5)-(86-params)",classic_NN_6-6,40
71.0,71,326556,CartPole-v1,"CP-ppo-ac-NN(6,6)-(lr=1.0e-5)-(86-params)",classic_NN_6-6,40
33.0,33,326580,CartPole-v1,"CP-ppo-ac-NN(6,6)-(lr=1.0e-5)-(86-params)",classic_NN_6-6,40
52.0,52,326604,CartPole-v1,"CP-ppo-ac-NN(6,6)-(lr=1.0e-5)-(86-params)",classic_NN_6-6,40
61.0,61,326644,CartPole-v1,"CP-ppo-ac-NN(6,6)-(lr=1.0e-5)-(86-params)",classic_NN_6-6,40
16.0,16,326708,CartPole-v1,"CP-ppo-ac-NN(6,6)-(lr=1.0e-5)-(86-params)",classic_NN_6-6,40
41.0,41,326744,CartPole-v1,"CP-ppo-ac-NN(6,6)-(lr=1.0e-5)-(86-params)",classic_NN_6-6,40
22.0,22,326832,CartPole-v1,"CP-ppo-ac-NN(6,6)-(lr=1.0e-5)-(86-params)",classic_NN_6-6,40
70.0,70,326836,CartPole-v1,"CP-ppo-ac-NN(6,6)-(lr=1.0e-5)-(86-params)",classic_NN_6-6,40
62.0,62,326852,CartPole-v1,"CP-ppo-ac-NN(6,6)-(lr=1.0e-5)-(86-params)",classic_NN_6-6,40
32.0,32,326960,CartPole-v1,"CP-ppo-ac-NN(6,6)-(lr=1.0e-5)-(86-params)",classic_NN_6-6,40
42.0,42,327004,CartPole-v1,"CP-ppo-ac-NN(6,6)-(lr=1.0e-5)-(86-params)",classic_NN_6-6,40
75.0,75,327008,CartPole-v1,"CP-ppo-ac-NN(6,6)-(lr=1.0e-5)-(86-params)",classic_NN_6-6,40
50.0,50,327052,CartPole-v1,"CP-ppo-ac-NN(6,6)-(lr=1.0e-5)-(86-params)",classic_NN_6-6,40
26.0,26,327112,CartPole-v1,"CP-ppo-ac-NN(6,6)-(lr=1.0e-5)-(86-params)",classic_NN_6-6,40
29.0,29,327120,CartPole-v1,"CP-ppo-ac-NN(6,6)-(lr=1.0e-5)-(86-params)",classic_NN_6-6,40
64.0,64,327216,CartPole-v1,"CP-ppo-ac-NN(6,6)-(lr=1.0e-5)-(86-params)",classic_NN_6-6,40
26.0,26,327224,CartPole-v1,"CP-ppo-ac-NN(6,6)-(lr=1.0e-5)-(86-params)",classic_NN_6-6,40
46.0,46,327236,CartPole-v1,"CP-ppo-ac-NN(6,6)-(lr=1.0e-5)-(86-params)",classic_NN_6-6,40
38.0,38,327264,CartPole-v1,"CP-ppo-ac-NN(6,6)-(lr=1.0e-5)-(86-params)",classic_NN_6-6,40
15.0,15,327276,CartPole-v1,"CP-ppo-ac-NN(6,6)-(lr=1.0e-5)-(86-params)",classic_NN_6-6,40
28.0,28,327376,CartPole-v1,"CP-ppo-ac-NN(6,6)-(lr=1.0e-5)-(86-params)",classic_NN_6-6,40
35.0,35,327376,CartPole-v1,"CP-ppo-ac-NN(6,6)-(lr=1.0e-5)-(86-params)",classic_NN_6-6,40
43.0,43,327396,CartPole-v1,"CP-ppo-ac-NN(6,6)-(lr=1.0e-5)-(86-params)",classic_NN_6-6,40
17.0,17,327464,CartPole-v1,"CP-ppo-ac-NN(6,6)-(lr=1.0e-5)-(86-params)",classic_NN_6-6,40
59.0,59,327512,CartPole-v1,"CP-ppo-ac-NN(6,6)-(lr=1.0e-5)-(86-params)",classic_NN_6-6,40
46.0,46,327560,CartPole-v1,"CP-ppo-ac-NN(6,6)-(lr=1.0e-5)-(86-params)",classic_NN_6-6,40
28.0,28,327576,CartPole-v1,"CP-ppo-ac-NN(6,6)-(lr=1.0e-5)-(86-params)",classic_NN_6-6,40
58.0,58,327608,CartPole-v1,"CP-ppo-ac-NN(6,6)-(lr=1.0e-5)-(86-params)",classic_NN_6-6,40
24.0,24,327672,CartPole-v1,"CP-ppo-ac-NN(6,6)-(lr=1.0e-5)-(86-params)",classic_NN_6-6,40
24.0,24,327704,CartPole-v1,"CP-ppo-ac-NN(6,6)-(lr=1.0e-5)-(86-params)",classic_NN_6-6,40
51.0,51,327716,CartPole-v1,"CP-ppo-ac-NN(6,6)-(lr=1.0e-5)-(86-params)",classic_NN_6-6,40
43.0,43,327732,CartPole-v1,"CP-ppo-ac-NN(6,6)-(lr=1.0e-5)-(86-params)",classic_NN_6-6,40
27.0,27,327780,CartPole-v1,"CP-ppo-ac-NN(6,6)-(lr=1.0e-5)-(86-params)",classic_NN_6-6,40
29.0,29,327848,CartPole-v1,"CP-ppo-ac-NN(6,6)-(lr=1.0e-5)-(86-params)",classic_NN_6-6,40
37.0,37,327852,CartPole-v1,"CP-ppo-ac-NN(6,6)-(lr=1.0e-5)-(86-params)",classic_NN_6-6,40
31.0,31,327904,CartPole-v1,"CP-ppo-ac-NN(6,6)-(lr=1.0e-5)-(86-params)",classic_NN_6-6,40
21.0,21,327936,CartPole-v1,"CP-ppo-ac-NN(6,6)-(lr=1.0e-5)-(86-params)",classic_NN_6-6,40
48.0,48,328040,CartPole-v1,"CP-ppo-ac-NN(6,6)-(lr=1.0e-5)-(86-params)",classic_NN_6-6,40
84.0,84,328052,CartPole-v1,"CP-ppo-ac-NN(6,6)-(lr=1.0e-5)-(86-params)",classic_NN_6-6,40
49.0,49,328132,CartPole-v1,"CP-ppo-ac-NN(6,6)-(lr=1.0e-5)-(86-params)",classic_NN_6-6,40
26.0,26,328144,CartPole-v1,"CP-ppo-ac-NN(6,6)-(lr=1.0e-5)-(86-params)",classic_NN_6-6,40
21.0,21,328216,CartPole-v1,"CP-ppo-ac-NN(6,6)-(lr=1.0e-5)-(86-params)",classic_NN_6-6,40
54.0,54,328268,CartPole-v1,"CP-ppo-ac-NN(6,6)-(lr=1.0e-5)-(86-params)",classic_NN_6-6,40
37.0,37,328292,CartPole-v1,"CP-ppo-ac-NN(6,6)-(lr=1.0e-5)-(86-params)",classic_NN_6-6,40
100.0,100,328304,CartPole-v1,"CP-ppo-ac-NN(6,6)-(lr=1.0e-5)-(86-params)",classic_NN_6-6,40
32.0,32,328344,CartPole-v1,"CP-ppo-ac-NN(6,6)-(lr=1.0e-5)-(86-params)",classic_NN_6-6,40
29.0,29,328384,CartPole-v1,"CP-ppo-ac-NN(6,6)-(lr=1.0e-5)-(86-params)",classic_NN_6-6,40
20.0,20,328384,CartPole-v1,"CP-ppo-ac-NN(6,6)-(lr=1.0e-5)-(86-params)",classic_NN_6-6,40
42.0,42,328460,CartPole-v1,"CP-ppo-ac-NN(6,6)-(lr=1.0e-5)-(86-params)",classic_NN_6-6,40
29.0,29,328500,CartPole-v1,"CP-ppo-ac-NN(6,6)-(lr=1.0e-5)-(86-params)",classic_NN_6-6,40
18.0,18,328532,CartPole-v1,"CP-ppo-ac-NN(6,6)-(lr=1.0e-5)-(86-params)",classic_NN_6-6,40
49.0,49,328540,CartPole-v1,"CP-ppo-ac-NN(6,6)-(lr=1.0e-5)-(86-params)",classic_NN_6-6,40
41.0,41,328548,CartPole-v1,"CP-ppo-ac-NN(6,6)-(lr=1.0e-5)-(86-params)",classic_NN_6-6,40
14.0,14,328588,CartPole-v1,"CP-ppo-ac-NN(6,6)-(lr=1.0e-5)-(86-params)",classic_NN_6-6,40
25.0,25,328600,CartPole-v1,"CP-ppo-ac-NN(6,6)-(lr=1.0e-5)-(86-params)",classic_NN_6-6,40
19.0,19,328624,CartPole-v1,"CP-ppo-ac-NN(6,6)-(lr=1.0e-5)-(86-params)",classic_NN_6-6,40
22.0,22,328628,CartPole-v1,"CP-ppo-ac-NN(6,6)-(lr=1.0e-5)-(86-params)",classic_NN_6-6,40
21.0,21,328672,CartPole-v1,"CP-ppo-ac-NN(6,6)-(lr=1.0e-5)-(86-params)",classic_NN_6-6,40
19.0,19,328676,CartPole-v1,"CP-ppo-ac-NN(6,6)-(lr=1.0e-5)-(86-params)",classic_NN_6-6,40
21.0,21,328708,CartPole-v1,"CP-ppo-ac-NN(6,6)-(lr=1.0e-5)-(86-params)",classic_NN_6-6,40
11.0,11,328716,CartPole-v1,"CP-ppo-ac-NN(6,6)-(lr=1.0e-5)-(86-params)",classic_NN_6-6,40
17.0,17,328744,CartPole-v1,"CP-ppo-ac-NN(6,6)-(lr=1.0e-5)-(86-params)",classic_NN_6-6,40
34.0,34,328764,CartPole-v1,"CP-ppo-ac-NN(6,6)-(lr=1.0e-5)-(86-params)",classic_NN_6-6,40
16.0,16,328828,CartPole-v1,"CP-ppo-ac-NN(6,6)-(lr=1.0e-5)-(86-params)",classic_NN_6-6,40
36.0,36,328852,CartPole-v1,"CP-ppo-ac-NN(6,6)-(lr=1.0e-5)-(86-params)",classic_NN_6-6,40
34.0,34,328880,CartPole-v1,"CP-ppo-ac-NN(6,6)-(lr=1.0e-5)-(86-params)",classic_NN_6-6,40
44.0,44,328892,CartPole-v1,"CP-ppo-ac-NN(6,6)-(lr=1.0e-5)-(86-params)",classic_NN_6-6,40
19.0,19,328968,CartPole-v1,"CP-ppo-ac-NN(6,6)-(lr=1.0e-5)-(86-params)",classic_NN_6-6,40
36.0,36,328972,CartPole-v1,"CP-ppo-ac-NN(6,6)-(lr=1.0e-5)-(86-params)",classic_NN_6-6,40
35.0,35,328992,CartPole-v1,"CP-ppo-ac-NN(6,6)-(lr=1.0e-5)-(86-params)",classic_NN_6-6,40
23.0,23,329064,CartPole-v1,"CP-ppo-ac-NN(6,6)-(lr=1.0e-5)-(86-params)",classic_NN_6-6,40
26.0,26,329072,CartPole-v1,"CP-ppo-ac-NN(6,6)-(lr=1.0e-5)-(86-params)",classic_NN_6-6,40
22.0,22,329080,CartPole-v1,"CP-ppo-ac-NN(6,6)-(lr=1.0e-5)-(86-params)",classic_NN_6-6,40
56.0,56,329104,CartPole-v1,"CP-ppo-ac-NN(6,6)-(lr=1.0e-5)-(86-params)",classic_NN_6-6,40
15.0,15,329132,CartPole-v1,"CP-ppo-ac-NN(6,6)-(lr=1.0e-5)-(86-params)",classic_NN_6-6,40
27.0,27,329188,CartPole-v1,"CP-ppo-ac-NN(6,6)-(lr=1.0e-5)-(86-params)",classic_NN_6-6,40
61.0,61,329348,CartPole-v1,"CP-ppo-ac-NN(6,6)-(lr=1.0e-5)-(86-params)",classic_NN_6-6,40
41.0,41,329352,CartPole-v1,"CP-ppo-ac-NN(6,6)-(lr=1.0e-5)-(86-params)",classic_NN_6-6,40
59.0,59,329368,CartPole-v1,"CP-ppo-ac-NN(6,6)-(lr=1.0e-5)-(86-params)",classic_NN_6-6,40
22.0,22,329436,CartPole-v1,"CP-ppo-ac-NN(6,6)-(lr=1.0e-5)-(86-params)",classic_NN_6-6,40
30.0,30,329472,CartPole-v1,"CP-ppo-ac-NN(6,6)-(lr=1.0e-5)-(86-params)",classic_NN_6-6,40
125.0,125,329564,CartPole-v1,"CP-ppo-ac-NN(6,6)-(lr=1.0e-5)-(86-params)",classic_NN_6-6,40
28.0,28,329584,CartPole-v1,"CP-ppo-ac-NN(6,6)-(lr=1.0e-5)-(86-params)",classic_NN_6-6,40
37.0,37,329584,CartPole-v1,"CP-ppo-ac-NN(6,6)-(lr=1.0e-5)-(86-params)",classic_NN_6-6,40
57.0,57,329596,CartPole-v1,"CP-ppo-ac-NN(6,6)-(lr=1.0e-5)-(86-params)",classic_NN_6-6,40
24.0,24,329680,CartPole-v1,"CP-ppo-ac-NN(6,6)-(lr=1.0e-5)-(86-params)",classic_NN_6-6,40
25.0,25,329696,CartPole-v1,"CP-ppo-ac-NN(6,6)-(lr=1.0e-5)-(86-params)",classic_NN_6-6,40
36.0,36,329708,CartPole-v1,"CP-ppo-ac-NN(6,6)-(lr=1.0e-5)-(86-params)",classic_NN_6-6,40
16.0,16,329744,CartPole-v1,"CP-ppo-ac-NN(6,6)-(lr=1.0e-5)-(86-params)",classic_NN_6-6,40
45.0,45,329764,CartPole-v1,"CP-ppo-ac-NN(6,6)-(lr=1.0e-5)-(86-params)",classic_NN_6-6,40
25.0,25,329796,CartPole-v1,"CP-ppo-ac-NN(6,6)-(lr=1.0e-5)-(86-params)",classic_NN_6-6,40
15.0,15,329804,CartPole-v1,"CP-ppo-ac-NN(6,6)-(lr=1.0e-5)-(86-params)",classic_NN_6-6,40
35.0,35,329848,CartPole-v1,"CP-ppo-ac-NN(6,6)-(lr=1.0e-5)-(86-params)",classic_NN_6-6,40
22.0,22,329852,CartPole-v1,"CP-ppo-ac-NN(6,6)-(lr=1.0e-5)-(86-params)",classic_NN_6-6,40
18.0,18,329924,CartPole-v1,"CP-ppo-ac-NN(6,6)-(lr=1.0e-5)-(86-params)",classic_NN_6-6,40
30.0,30,329924,CartPole-v1,"CP-ppo-ac-NN(6,6)-(lr=1.0e-5)-(86-params)",classic_NN_6-6,40
20.0,20,329928,CartPole-v1,"CP-ppo-ac-NN(6,6)-(lr=1.0e-5)-(86-params)",classic_NN_6-6,40
79.0,79,330112,CartPole-v1,"CP-ppo-ac-NN(6,6)-(lr=1.0e-5)-(86-params)",classic_NN_6-6,40
58.0,58,330156,CartPole-v1,"CP-ppo-ac-NN(6,6)-(lr=1.0e-5)-(86-params)",classic_NN_6-6,40
63.0,63,330180,CartPole-v1,"CP-ppo-ac-NN(6,6)-(lr=1.0e-5)-(86-params)",classic_NN_6-6,40
75.0,75,330224,CartPole-v1,"CP-ppo-ac-NN(6,6)-(lr=1.0e-5)-(86-params)",classic_NN_6-6,40
11.0,11,330268,CartPole-v1,"CP-ppo-ac-NN(6,6)-(lr=1.0e-5)-(86-params)",classic_NN_6-6,40
31.0,31,330280,CartPole-v1,"CP-ppo-ac-NN(6,6)-(lr=1.0e-5)-(86-params)",classic_NN_6-6,40
51.0,51,330316,CartPole-v1,"CP-ppo-ac-NN(6,6)-(lr=1.0e-5)-(86-params)",classic_NN_6-6,40
42.0,42,330348,CartPole-v1,"CP-ppo-ac-NN(6,6)-(lr=1.0e-5)-(86-params)",classic_NN_6-6,40
37.0,37,330416,CartPole-v1,"CP-ppo-ac-NN(6,6)-(lr=1.0e-5)-(86-params)",classic_NN_6-6,40
27.0,27,330424,CartPole-v1,"CP-ppo-ac-NN(6,6)-(lr=1.0e-5)-(86-params)",classic_NN_6-6,40
20.0,20,330428,CartPole-v1,"CP-ppo-ac-NN(6,6)-(lr=1.0e-5)-(86-params)",classic_NN_6-6,40
40.0,40,330440,CartPole-v1,"CP-ppo-ac-NN(6,6)-(lr=1.0e-5)-(86-params)",classic_NN_6-6,40
19.0,19,330504,CartPole-v1,"CP-ppo-ac-NN(6,6)-(lr=1.0e-5)-(86-params)",classic_NN_6-6,40
27.0,27,330524,CartPole-v1,"CP-ppo-ac-NN(6,6)-(lr=1.0e-5)-(86-params)",classic_NN_6-6,40
36.0,36,330584,CartPole-v1,"CP-ppo-ac-NN(6,6)-(lr=1.0e-5)-(86-params)",classic_NN_6-6,40
22.0,22,330612,CartPole-v1,"CP-ppo-ac-NN(6,6)-(lr=1.0e-5)-(86-params)",classic_NN_6-6,40
29.0,29,330620,CartPole-v1,"CP-ppo-ac-NN(6,6)-(lr=1.0e-5)-(86-params)",classic_NN_6-6,40
55.0,55,330644,CartPole-v1,"CP-ppo-ac-NN(6,6)-(lr=1.0e-5)-(86-params)",classic_NN_6-6,40
24.0,24,330716,CartPole-v1,"CP-ppo-ac-NN(6,6)-(lr=1.0e-5)-(86-params)",classic_NN_6-6,40
29.0,29,330728,CartPole-v1,"CP-ppo-ac-NN(6,6)-(lr=1.0e-5)-(86-params)",classic_NN_6-6,40
52.0,52,330792,CartPole-v1,"CP-ppo-ac-NN(6,6)-(lr=1.0e-5)-(86-params)",classic_NN_6-6,40
24.0,24,330824,CartPole-v1,"CP-ppo-ac-NN(6,6)-(lr=1.0e-5)-(86-params)",classic_NN_6-6,40
53.0,53,330928,CartPole-v1,"CP-ppo-ac-NN(6,6)-(lr=1.0e-5)-(86-params)",classic_NN_6-6,40
39.0,39,330980,CartPole-v1,"CP-ppo-ac-NN(6,6)-(lr=1.0e-5)-(86-params)",classic_NN_6-6,40
58.0,58,331024,CartPole-v1,"CP-ppo-ac-NN(6,6)-(lr=1.0e-5)-(86-params)",classic_NN_6-6,40
97.0,97,331032,CartPole-v1,"CP-ppo-ac-NN(6,6)-(lr=1.0e-5)-(86-params)",classic_NN_6-6,40
37.0,37,331076,CartPole-v1,"CP-ppo-ac-NN(6,6)-(lr=1.0e-5)-(86-params)",classic_NN_6-6,40
20.0,20,331104,CartPole-v1,"CP-ppo-ac-NN(6,6)-(lr=1.0e-5)-(86-params)",classic_NN_6-6,40
18.0,18,331104,CartPole-v1,"CP-ppo-ac-NN(6,6)-(lr=1.0e-5)-(86-params)",classic_NN_6-6,40
24.0,24,331172,CartPole-v1,"CP-ppo-ac-NN(6,6)-(lr=1.0e-5)-(86-params)",classic_NN_6-6,40
55.0,55,331200,CartPole-v1,"CP-ppo-ac-NN(6,6)-(lr=1.0e-5)-(86-params)",classic_NN_6-6,40
27.0,27,331212,CartPole-v1,"CP-ppo-ac-NN(6,6)-(lr=1.0e-5)-(86-params)",classic_NN_6-6,40
28.0,28,331216,CartPole-v1,"CP-ppo-ac-NN(6,6)-(lr=1.0e-5)-(86-params)",classic_NN_6-6,40
19.0,19,331288,CartPole-v1,"CP-ppo-ac-NN(6,6)-(lr=1.0e-5)-(86-params)",classic_NN_6-6,40
36.0,36,331316,CartPole-v1,"CP-ppo-ac-NN(6,6)-(lr=1.0e-5)-(86-params)",classic_NN_6-6,40
36.0,36,331360,CartPole-v1,"CP-ppo-ac-NN(6,6)-(lr=1.0e-5)-(86-params)",classic_NN_6-6,40
43.0,43,331372,CartPole-v1,"CP-ppo-ac-NN(6,6)-(lr=1.0e-5)-(86-params)",classic_NN_6-6,40
32.0,32,331416,CartPole-v1,"CP-ppo-ac-NN(6,6)-(lr=1.0e-5)-(86-params)",classic_NN_6-6,40
17.0,17,331440,CartPole-v1,"CP-ppo-ac-NN(6,6)-(lr=1.0e-5)-(86-params)",classic_NN_6-6,40
39.0,39,331472,CartPole-v1,"CP-ppo-ac-NN(6,6)-(lr=1.0e-5)-(86-params)",classic_NN_6-6,40
33.0,33,331492,CartPole-v1,"CP-ppo-ac-NN(6,6)-(lr=1.0e-5)-(86-params)",classic_NN_6-6,40
27.0,27,331548,CartPole-v1,"CP-ppo-ac-NN(6,6)-(lr=1.0e-5)-(86-params)",classic_NN_6-6,40
37.0,37,331564,CartPole-v1,"CP-ppo-ac-NN(6,6)-(lr=1.0e-5)-(86-params)",classic_NN_6-6,40
24.0,24,331568,CartPole-v1,"CP-ppo-ac-NN(6,6)-(lr=1.0e-5)-(86-params)",classic_NN_6-6,40
20.0,20,331648,CartPole-v1,"CP-ppo-ac-NN(6,6)-(lr=1.0e-5)-(86-params)",classic_NN_6-6,40
31.0,31,331672,CartPole-v1,"CP-ppo-ac-NN(6,6)-(lr=1.0e-5)-(86-params)",classic_NN_6-6,40
29.0,29,331680,CartPole-v1,"CP-ppo-ac-NN(6,6)-(lr=1.0e-5)-(86-params)",classic_NN_6-6,40
55.0,55,331712,CartPole-v1,"CP-ppo-ac-NN(6,6)-(lr=1.0e-5)-(86-params)",classic_NN_6-6,40
31.0,31,331772,CartPole-v1,"CP-ppo-ac-NN(6,6)-(lr=1.0e-5)-(86-params)",classic_NN_6-6,40
20.0,20,331852,CartPole-v1,"CP-ppo-ac-NN(6,6)-(lr=1.0e-5)-(86-params)",classic_NN_6-6,40
48.0,48,331864,CartPole-v1,"CP-ppo-ac-NN(6,6)-(lr=1.0e-5)-(86-params)",classic_NN_6-6,40
41.0,41,331876,CartPole-v1,"CP-ppo-ac-NN(6,6)-(lr=1.0e-5)-(86-params)",classic_NN_6-6,40
53.0,53,331892,CartPole-v1,"CP-ppo-ac-NN(6,6)-(lr=1.0e-5)-(86-params)",classic_NN_6-6,40
20.0,20,331956,CartPole-v1,"CP-ppo-ac-NN(6,6)-(lr=1.0e-5)-(86-params)",classic_NN_6-6,40
29.0,29,332008,CartPole-v1,"CP-ppo-ac-NN(6,6)-(lr=1.0e-5)-(86-params)",classic_NN_6-6,40
38.0,38,332016,CartPole-v1,"CP-ppo-ac-NN(6,6)-(lr=1.0e-5)-(86-params)",classic_NN_6-6,40
14.0,14,332072,CartPole-v1,"CP-ppo-ac-NN(6,6)-(lr=1.0e-5)-(86-params)",classic_NN_6-6,40
69.0,69,332128,CartPole-v1,"CP-ppo-ac-NN(6,6)-(lr=1.0e-5)-(86-params)",classic_NN_6-6,40
16.0,16,332136,CartPole-v1,"CP-ppo-ac-NN(6,6)-(lr=1.0e-5)-(86-params)",classic_NN_6-6,40
46.0,46,332140,CartPole-v1,"CP-ppo-ac-NN(6,6)-(lr=1.0e-5)-(86-params)",classic_NN_6-6,40
28.0,28,332248,CartPole-v1,"CP-ppo-ac-NN(6,6)-(lr=1.0e-5)-(86-params)",classic_NN_6-6,40
36.0,36,332284,CartPole-v1,"CP-ppo-ac-NN(6,6)-(lr=1.0e-5)-(86-params)",classic_NN_6-6,40
87.0,87,332356,CartPole-v1,"CP-ppo-ac-NN(6,6)-(lr=1.0e-5)-(86-params)",classic_NN_6-6,40
28.0,28,332360,CartPole-v1,"CP-ppo-ac-NN(6,6)-(lr=1.0e-5)-(86-params)",classic_NN_6-6,40
60.0,60,332368,CartPole-v1,"CP-ppo-ac-NN(6,6)-(lr=1.0e-5)-(86-params)",classic_NN_6-6,40
29.0,29,332400,CartPole-v1,"CP-ppo-ac-NN(6,6)-(lr=1.0e-5)-(86-params)",classic_NN_6-6,40
19.0,19,332444,CartPole-v1,"CP-ppo-ac-NN(6,6)-(lr=1.0e-5)-(86-params)",classic_NN_6-6,40
13.0,13,332496,CartPole-v1,"CP-ppo-ac-NN(6,6)-(lr=1.0e-5)-(86-params)",classic_NN_6-6,40
48.0,48,332552,CartPole-v1,"CP-ppo-ac-NN(6,6)-(lr=1.0e-5)-(86-params)",classic_NN_6-6,40
55.0,55,332576,CartPole-v1,"CP-ppo-ac-NN(6,6)-(lr=1.0e-5)-(86-params)",classic_NN_6-6,40
51.0,51,332604,CartPole-v1,"CP-ppo-ac-NN(6,6)-(lr=1.0e-5)-(86-params)",classic_NN_6-6,40
40.0,40,332712,CartPole-v1,"CP-ppo-ac-NN(6,6)-(lr=1.0e-5)-(86-params)",classic_NN_6-6,40
60.0,60,332736,CartPole-v1,"CP-ppo-ac-NN(6,6)-(lr=1.0e-5)-(86-params)",classic_NN_6-6,40
35.0,35,332744,CartPole-v1,"CP-ppo-ac-NN(6,6)-(lr=1.0e-5)-(86-params)",classic_NN_6-6,40
46.0,46,332760,CartPole-v1,"CP-ppo-ac-NN(6,6)-(lr=1.0e-5)-(86-params)",classic_NN_6-6,40
32.0,32,332840,CartPole-v1,"CP-ppo-ac-NN(6,6)-(lr=1.0e-5)-(86-params)",classic_NN_6-6,40
39.0,39,332892,CartPole-v1,"CP-ppo-ac-NN(6,6)-(lr=1.0e-5)-(86-params)",classic_NN_6-6,40
14.0,14,332896,CartPole-v1,"CP-ppo-ac-NN(6,6)-(lr=1.0e-5)-(86-params)",classic_NN_6-6,40
35.0,35,332900,CartPole-v1,"CP-ppo-ac-NN(6,6)-(lr=1.0e-5)-(86-params)",classic_NN_6-6,40
65.0,65,333004,CartPole-v1,"CP-ppo-ac-NN(6,6)-(lr=1.0e-5)-(86-params)",classic_NN_6-6,40
29.0,29,333016,CartPole-v1,"CP-ppo-ac-NN(6,6)-(lr=1.0e-5)-(86-params)",classic_NN_6-6,40
42.0,42,333064,CartPole-v1,"CP-ppo-ac-NN(6,6)-(lr=1.0e-5)-(86-params)",classic_NN_6-6,40
44.0,44,333068,CartPole-v1,"CP-ppo-ac-NN(6,6)-(lr=1.0e-5)-(86-params)",classic_NN_6-6,40
14.0,14,333072,CartPole-v1,"CP-ppo-ac-NN(6,6)-(lr=1.0e-5)-(86-params)",classic_NN_6-6,40
11.0,11,333116,CartPole-v1,"CP-ppo-ac-NN(6,6)-(lr=1.0e-5)-(86-params)",classic_NN_6-6,40
18.0,18,333136,CartPole-v1,"CP-ppo-ac-NN(6,6)-(lr=1.0e-5)-(86-params)",classic_NN_6-6,40
38.0,38,333156,CartPole-v1,"CP-ppo-ac-NN(6,6)-(lr=1.0e-5)-(86-params)",classic_NN_6-6,40
12.0,12,333184,CartPole-v1,"CP-ppo-ac-NN(6,6)-(lr=1.0e-5)-(86-params)",classic_NN_6-6,40
33.0,33,333200,CartPole-v1,"CP-ppo-ac-NN(6,6)-(lr=1.0e-5)-(86-params)",classic_NN_6-6,40
15.0,15,333244,CartPole-v1,"CP-ppo-ac-NN(6,6)-(lr=1.0e-5)-(86-params)",classic_NN_6-6,40
26.0,26,333260,CartPole-v1,"CP-ppo-ac-NN(6,6)-(lr=1.0e-5)-(86-params)",classic_NN_6-6,40
24.0,24,333296,CartPole-v1,"CP-ppo-ac-NN(6,6)-(lr=1.0e-5)-(86-params)",classic_NN_6-6,40
48.0,48,333308,CartPole-v1,"CP-ppo-ac-NN(6,6)-(lr=1.0e-5)-(86-params)",classic_NN_6-6,40
31.0,31,333368,CartPole-v1,"CP-ppo-ac-NN(6,6)-(lr=1.0e-5)-(86-params)",classic_NN_6-6,40
19.0,19,333372,CartPole-v1,"CP-ppo-ac-NN(6,6)-(lr=1.0e-5)-(86-params)",classic_NN_6-6,40
34.0,34,333396,CartPole-v1,"CP-ppo-ac-NN(6,6)-(lr=1.0e-5)-(86-params)",classic_NN_6-6,40
11.0,11,333412,CartPole-v1,"CP-ppo-ac-NN(6,6)-(lr=1.0e-5)-(86-params)",classic_NN_6-6,40
18.0,18,333468,CartPole-v1,"CP-ppo-ac-NN(6,6)-(lr=1.0e-5)-(86-params)",classic_NN_6-6,40
24.0,24,333508,CartPole-v1,"CP-ppo-ac-NN(6,6)-(lr=1.0e-5)-(86-params)",classic_NN_6-6,40
40.0,40,333532,CartPole-v1,"CP-ppo-ac-NN(6,6)-(lr=1.0e-5)-(86-params)",classic_NN_6-6,40
68.0,68,333580,CartPole-v1,"CP-ppo-ac-NN(6,6)-(lr=1.0e-5)-(86-params)",classic_NN_6-6,40
41.0,41,333672,CartPole-v1,"CP-ppo-ac-NN(6,6)-(lr=1.0e-5)-(86-params)",classic_NN_6-6,40
60.0,60,333708,CartPole-v1,"CP-ppo-ac-NN(6,6)-(lr=1.0e-5)-(86-params)",classic_NN_6-6,40
37.0,37,333728,CartPole-v1,"CP-ppo-ac-NN(6,6)-(lr=1.0e-5)-(86-params)",classic_NN_6-6,40
62.0,62,333780,CartPole-v1,"CP-ppo-ac-NN(6,6)-(lr=1.0e-5)-(86-params)",classic_NN_6-6,40
23.0,23,333800,CartPole-v1,"CP-ppo-ac-NN(6,6)-(lr=1.0e-5)-(86-params)",classic_NN_6-6,40
20.0,20,333808,CartPole-v1,"CP-ppo-ac-NN(6,6)-(lr=1.0e-5)-(86-params)",classic_NN_6-6,40
40.0,40,333832,CartPole-v1,"CP-ppo-ac-NN(6,6)-(lr=1.0e-5)-(86-params)",classic_NN_6-6,40
20.0,20,333880,CartPole-v1,"CP-ppo-ac-NN(6,6)-(lr=1.0e-5)-(86-params)",classic_NN_6-6,40
30.0,30,333900,CartPole-v1,"CP-ppo-ac-NN(6,6)-(lr=1.0e-5)-(86-params)",classic_NN_6-6,40
18.0,18,333904,CartPole-v1,"CP-ppo-ac-NN(6,6)-(lr=1.0e-5)-(86-params)",classic_NN_6-6,40
21.0,21,333988,CartPole-v1,"CP-ppo-ac-NN(6,6)-(lr=1.0e-5)-(86-params)",classic_NN_6-6,40
52.0,52,334016,CartPole-v1,"CP-ppo-ac-NN(6,6)-(lr=1.0e-5)-(86-params)",classic_NN_6-6,40
37.0,37,334048,CartPole-v1,"CP-ppo-ac-NN(6,6)-(lr=1.0e-5)-(86-params)",classic_NN_6-6,40
20.0,20,334096,CartPole-v1,"CP-ppo-ac-NN(6,6)-(lr=1.0e-5)-(86-params)",classic_NN_6-6,40
30.0,30,334108,CartPole-v1,"CP-ppo-ac-NN(6,6)-(lr=1.0e-5)-(86-params)",classic_NN_6-6,40
58.0,58,334112,CartPole-v1,"CP-ppo-ac-NN(6,6)-(lr=1.0e-5)-(86-params)",classic_NN_6-6,40
13.0,13,334160,CartPole-v1,"CP-ppo-ac-NN(6,6)-(lr=1.0e-5)-(86-params)",classic_NN_6-6,40
23.0,23,334188,CartPole-v1,"CP-ppo-ac-NN(6,6)-(lr=1.0e-5)-(86-params)",classic_NN_6-6,40
26.0,26,334264,CartPole-v1,"CP-ppo-ac-NN(6,6)-(lr=1.0e-5)-(86-params)",classic_NN_6-6,40
52.0,52,334320,CartPole-v1,"CP-ppo-ac-NN(6,6)-(lr=1.0e-5)-(86-params)",classic_NN_6-6,40
73.0,73,334340,CartPole-v1,"CP-ppo-ac-NN(6,6)-(lr=1.0e-5)-(86-params)",classic_NN_6-6,40
42.0,42,334356,CartPole-v1,"CP-ppo-ac-NN(6,6)-(lr=1.0e-5)-(86-params)",classic_NN_6-6,40
29.0,29,334380,CartPole-v1,"CP-ppo-ac-NN(6,6)-(lr=1.0e-5)-(86-params)",classic_NN_6-6,40
20.0,20,334420,CartPole-v1,"CP-ppo-ac-NN(6,6)-(lr=1.0e-5)-(86-params)",classic_NN_6-6,40
11.0,11,334464,CartPole-v1,"CP-ppo-ac-NN(6,6)-(lr=1.0e-5)-(86-params)",classic_NN_6-6,40
22.0,22,334468,CartPole-v1,"CP-ppo-ac-NN(6,6)-(lr=1.0e-5)-(86-params)",classic_NN_6-6,40
39.0,39,334476,CartPole-v1,"CP-ppo-ac-NN(6,6)-(lr=1.0e-5)-(86-params)",classic_NN_6-6,40
11.0,11,334520,CartPole-v1,"CP-ppo-ac-NN(6,6)-(lr=1.0e-5)-(86-params)",classic_NN_6-6,40
47.0,47,334544,CartPole-v1,"CP-ppo-ac-NN(6,6)-(lr=1.0e-5)-(86-params)",classic_NN_6-6,40
24.0,24,334560,CartPole-v1,"CP-ppo-ac-NN(6,6)-(lr=1.0e-5)-(86-params)",classic_NN_6-6,40
33.0,33,334676,CartPole-v1,"CP-ppo-ac-NN(6,6)-(lr=1.0e-5)-(86-params)",classic_NN_6-6,40
53.0,53,334772,CartPole-v1,"CP-ppo-ac-NN(6,6)-(lr=1.0e-5)-(86-params)",classic_NN_6-6,40
27.0,27,334784,CartPole-v1,"CP-ppo-ac-NN(6,6)-(lr=1.0e-5)-(86-params)",classic_NN_6-6,40
87.0,87,334816,CartPole-v1,"CP-ppo-ac-NN(6,6)-(lr=1.0e-5)-(86-params)",classic_NN_6-6,40
76.0,76,334824,CartPole-v1,"CP-ppo-ac-NN(6,6)-(lr=1.0e-5)-(86-params)",classic_NN_6-6,40
26.0,26,334888,CartPole-v1,"CP-ppo-ac-NN(6,6)-(lr=1.0e-5)-(86-params)",classic_NN_6-6,40
30.0,30,334936,CartPole-v1,"CP-ppo-ac-NN(6,6)-(lr=1.0e-5)-(86-params)",classic_NN_6-6,40
30.0,30,334944,CartPole-v1,"CP-ppo-ac-NN(6,6)-(lr=1.0e-5)-(86-params)",classic_NN_6-6,40
20.0,20,334968,CartPole-v1,"CP-ppo-ac-NN(6,6)-(lr=1.0e-5)-(86-params)",classic_NN_6-6,40
17.0,17,335004,CartPole-v1,"CP-ppo-ac-NN(6,6)-(lr=1.0e-5)-(86-params)",classic_NN_6-6,40
38.0,38,335120,CartPole-v1,"CP-ppo-ac-NN(6,6)-(lr=1.0e-5)-(86-params)",classic_NN_6-6,40
43.0,43,335176,CartPole-v1,"CP-ppo-ac-NN(6,6)-(lr=1.0e-5)-(86-params)",classic_NN_6-6,40
61.0,61,335188,CartPole-v1,"CP-ppo-ac-NN(6,6)-(lr=1.0e-5)-(86-params)",classic_NN_6-6,40
21.0,21,335204,CartPole-v1,"CP-ppo-ac-NN(6,6)-(lr=1.0e-5)-(86-params)",classic_NN_6-6,40
14.0,14,335232,CartPole-v1,"CP-ppo-ac-NN(6,6)-(lr=1.0e-5)-(86-params)",classic_NN_6-6,40
115.0,115,335232,CartPole-v1,"CP-ppo-ac-NN(6,6)-(lr=1.0e-5)-(86-params)",classic_NN_6-6,40
13.0,13,335284,CartPole-v1,"CP-ppo-ac-NN(6,6)-(lr=1.0e-5)-(86-params)",classic_NN_6-6,40
13.0,13,335284,CartPole-v1,"CP-ppo-ac-NN(6,6)-(lr=1.0e-5)-(86-params)",classic_NN_6-6,40
22.0,22,335292,CartPole-v1,"CP-ppo-ac-NN(6,6)-(lr=1.0e-5)-(86-params)",classic_NN_6-6,40
10.0,10,335332,CartPole-v1,"CP-ppo-ac-NN(6,6)-(lr=1.0e-5)-(86-params)",classic_NN_6-6,40
22.0,22,335372,CartPole-v1,"CP-ppo-ac-NN(6,6)-(lr=1.0e-5)-(86-params)",classic_NN_6-6,40
49.0,49,335480,CartPole-v1,"CP-ppo-ac-NN(6,6)-(lr=1.0e-5)-(86-params)",classic_NN_6-6,40
40.0,40,335532,CartPole-v1,"CP-ppo-ac-NN(6,6)-(lr=1.0e-5)-(86-params)",classic_NN_6-6,40
95.0,95,335568,CartPole-v1,"CP-ppo-ac-NN(6,6)-(lr=1.0e-5)-(86-params)",classic_NN_6-6,40
26.0,26,335584,CartPole-v1,"CP-ppo-ac-NN(6,6)-(lr=1.0e-5)-(86-params)",classic_NN_6-6,40
67.0,67,335600,CartPole-v1,"CP-ppo-ac-NN(6,6)-(lr=1.0e-5)-(86-params)",classic_NN_6-6,40
14.0,14,335624,CartPole-v1,"CP-ppo-ac-NN(6,6)-(lr=1.0e-5)-(86-params)",classic_NN_6-6,40
17.0,17,335652,CartPole-v1,"CP-ppo-ac-NN(6,6)-(lr=1.0e-5)-(86-params)",classic_NN_6-6,40
33.0,33,335664,CartPole-v1,"CP-ppo-ac-NN(6,6)-(lr=1.0e-5)-(86-params)",classic_NN_6-6,40
25.0,25,335700,CartPole-v1,"CP-ppo-ac-NN(6,6)-(lr=1.0e-5)-(86-params)",classic_NN_6-6,40
42.0,42,335820,CartPole-v1,"CP-ppo-ac-NN(6,6)-(lr=1.0e-5)-(86-params)",classic_NN_6-6,40
50.0,50,335824,CartPole-v1,"CP-ppo-ac-NN(6,6)-(lr=1.0e-5)-(86-params)",classic_NN_6-6,40
37.0,37,335848,CartPole-v1,"CP-ppo-ac-NN(6,6)-(lr=1.0e-5)-(86-params)",classic_NN_6-6,40
13.0,13,335872,CartPole-v1,"CP-ppo-ac-NN(6,6)-(lr=1.0e-5)-(86-params)",classic_NN_6-6,40
28.0,28,335960,CartPole-v1,"CP-ppo-ac-NN(6,6)-(lr=1.0e-5)-(86-params)",classic_NN_6-6,40
36.0,36,335968,CartPole-v1,"CP-ppo-ac-NN(6,6)-(lr=1.0e-5)-(86-params)",classic_NN_6-6,40
99.0,99,336060,CartPole-v1,"CP-ppo-ac-NN(6,6)-(lr=1.0e-5)-(86-params)",classic_NN_6-6,40
30.0,30,336080,CartPole-v1,"CP-ppo-ac-NN(6,6)-(lr=1.0e-5)-(86-params)",classic_NN_6-6,40
16.0,16,336124,CartPole-v1,"CP-ppo-ac-NN(6,6)-(lr=1.0e-5)-(86-params)",classic_NN_6-6,40
75.0,75,336172,CartPole-v1,"CP-ppo-ac-NN(6,6)-(lr=1.0e-5)-(86-params)",classic_NN_6-6,40
15.0,15,336184,CartPole-v1,"CP-ppo-ac-NN(6,6)-(lr=1.0e-5)-(86-params)",classic_NN_6-6,40
27.0,27,336188,CartPole-v1,"CP-ppo-ac-NN(6,6)-(lr=1.0e-5)-(86-params)",classic_NN_6-6,40
57.0,57,336196,CartPole-v1,"CP-ppo-ac-NN(6,6)-(lr=1.0e-5)-(86-params)",classic_NN_6-6,40
30.0,30,336304,CartPole-v1,"CP-ppo-ac-NN(6,6)-(lr=1.0e-5)-(86-params)",classic_NN_6-6,40
36.0,36,336316,CartPole-v1,"CP-ppo-ac-NN(6,6)-(lr=1.0e-5)-(86-params)",classic_NN_6-6,40
59.0,59,336424,CartPole-v1,"CP-ppo-ac-NN(6,6)-(lr=1.0e-5)-(86-params)",classic_NN_6-6,40
31.0,31,336428,CartPole-v1,"CP-ppo-ac-NN(6,6)-(lr=1.0e-5)-(86-params)",classic_NN_6-6,40
14.0,14,336480,CartPole-v1,"CP-ppo-ac-NN(6,6)-(lr=1.0e-5)-(86-params)",classic_NN_6-6,40
74.0,74,336492,CartPole-v1,"CP-ppo-ac-NN(6,6)-(lr=1.0e-5)-(86-params)",classic_NN_6-6,40
17.0,17,336496,CartPole-v1,"CP-ppo-ac-NN(6,6)-(lr=1.0e-5)-(86-params)",classic_NN_6-6,40
53.0,53,336528,CartPole-v1,"CP-ppo-ac-NN(6,6)-(lr=1.0e-5)-(86-params)",classic_NN_6-6,40
14.0,14,336584,CartPole-v1,"CP-ppo-ac-NN(6,6)-(lr=1.0e-5)-(86-params)",classic_NN_6-6,40
27.0,27,336604,CartPole-v1,"CP-ppo-ac-NN(6,6)-(lr=1.0e-5)-(86-params)",classic_NN_6-6,40
41.0,41,336644,CartPole-v1,"CP-ppo-ac-NN(6,6)-(lr=1.0e-5)-(86-params)",classic_NN_6-6,40
21.0,21,336688,CartPole-v1,"CP-ppo-ac-NN(6,6)-(lr=1.0e-5)-(86-params)",classic_NN_6-6,40
20.0,20,336724,CartPole-v1,"CP-ppo-ac-NN(6,6)-(lr=1.0e-5)-(86-params)",classic_NN_6-6,40
36.0,36,336728,CartPole-v1,"CP-ppo-ac-NN(6,6)-(lr=1.0e-5)-(86-params)",classic_NN_6-6,40
12.0,12,336736,CartPole-v1,"CP-ppo-ac-NN(6,6)-(lr=1.0e-5)-(86-params)",classic_NN_6-6,40
64.0,64,336748,CartPole-v1,"CP-ppo-ac-NN(6,6)-(lr=1.0e-5)-(86-params)",classic_NN_6-6,40
16.0,16,336800,CartPole-v1,"CP-ppo-ac-NN(6,6)-(lr=1.0e-5)-(86-params)",classic_NN_6-6,40
19.0,19,336800,CartPole-v1,"CP-ppo-ac-NN(6,6)-(lr=1.0e-5)-(86-params)",classic_NN_6-6,40
24.0,24,336844,CartPole-v1,"CP-ppo-ac-NN(6,6)-(lr=1.0e-5)-(86-params)",classic_NN_6-6,40
30.0,30,336848,CartPole-v1,"CP-ppo-ac-NN(6,6)-(lr=1.0e-5)-(86-params)",classic_NN_6-6,40
26.0,26,336904,CartPole-v1,"CP-ppo-ac-NN(6,6)-(lr=1.0e-5)-(86-params)",classic_NN_6-6,40
17.0,17,336912,CartPole-v1,"CP-ppo-ac-NN(6,6)-(lr=1.0e-5)-(86-params)",classic_NN_6-6,40
36.0,36,336944,CartPole-v1,"CP-ppo-ac-NN(6,6)-(lr=1.0e-5)-(86-params)",classic_NN_6-6,40
12.0,12,336960,CartPole-v1,"CP-ppo-ac-NN(6,6)-(lr=1.0e-5)-(86-params)",classic_NN_6-6,40
20.0,20,337024,CartPole-v1,"CP-ppo-ac-NN(6,6)-(lr=1.0e-5)-(86-params)",classic_NN_6-6,40
61.0,61,337092,CartPole-v1,"CP-ppo-ac-NN(6,6)-(lr=1.0e-5)-(86-params)",classic_NN_6-6,40
29.0,29,337140,CartPole-v1,"CP-ppo-ac-NN(6,6)-(lr=1.0e-5)-(86-params)",classic_NN_6-6,40
65.0,65,337220,CartPole-v1,"CP-ppo-ac-NN(6,6)-(lr=1.0e-5)-(86-params)",classic_NN_6-6,40
46.0,46,337276,CartPole-v1,"CP-ppo-ac-NN(6,6)-(lr=1.0e-5)-(86-params)",classic_NN_6-6,40
31.0,31,337344,CartPole-v1,"CP-ppo-ac-NN(6,6)-(lr=1.0e-5)-(86-params)",classic_NN_6-6,40
68.0,68,337412,CartPole-v1,"CP-ppo-ac-NN(6,6)-(lr=1.0e-5)-(86-params)",classic_NN_6-6,40
129.0,129,337420,CartPole-v1,"CP-ppo-ac-NN(6,6)-(lr=1.0e-5)-(86-params)",classic_NN_6-6,40
51.0,51,337480,CartPole-v1,"CP-ppo-ac-NN(6,6)-(lr=1.0e-5)-(86-params)",classic_NN_6-6,40
37.0,37,337492,CartPole-v1,"CP-ppo-ac-NN(6,6)-(lr=1.0e-5)-(86-params)",classic_NN_6-6,40
27.0,27,337520,CartPole-v1,"CP-ppo-ac-NN(6,6)-(lr=1.0e-5)-(86-params)",classic_NN_6-6,40
30.0,30,337540,CartPole-v1,"CP-ppo-ac-NN(6,6)-(lr=1.0e-5)-(86-params)",classic_NN_6-6,40
23.0,23,337584,CartPole-v1,"CP-ppo-ac-NN(6,6)-(lr=1.0e-5)-(86-params)",classic_NN_6-6,40
25.0,25,337620,CartPole-v1,"CP-ppo-ac-NN(6,6)-(lr=1.0e-5)-(86-params)",classic_NN_6-6,40
36.0,36,337624,CartPole-v1,"CP-ppo-ac-NN(6,6)-(lr=1.0e-5)-(86-params)",classic_NN_6-6,40
16.0,16,337684,CartPole-v1,"CP-ppo-ac-NN(6,6)-(lr=1.0e-5)-(86-params)",classic_NN_6-6,40
38.0,38,337692,CartPole-v1,"CP-ppo-ac-NN(6,6)-(lr=1.0e-5)-(86-params)",classic_NN_6-6,40
40.0,40,337744,CartPole-v1,"CP-ppo-ac-NN(6,6)-(lr=1.0e-5)-(86-params)",classic_NN_6-6,40
17.0,17,337752,CartPole-v1,"CP-ppo-ac-NN(6,6)-(lr=1.0e-5)-(86-params)",classic_NN_6-6,40
13.0,13,337796,CartPole-v1,"CP-ppo-ac-NN(6,6)-(lr=1.0e-5)-(86-params)",classic_NN_6-6,40
46.0,46,337808,CartPole-v1,"CP-ppo-ac-NN(6,6)-(lr=1.0e-5)-(86-params)",classic_NN_6-6,40
50.0,50,337892,CartPole-v1,"CP-ppo-ac-NN(6,6)-(lr=1.0e-5)-(86-params)",classic_NN_6-6,40
22.0,22,337896,CartPole-v1,"CP-ppo-ac-NN(6,6)-(lr=1.0e-5)-(86-params)",classic_NN_6-6,40
25.0,25,337896,CartPole-v1,"CP-ppo-ac-NN(6,6)-(lr=1.0e-5)-(86-params)",classic_NN_6-6,40
42.0,42,337920,CartPole-v1,"CP-ppo-ac-NN(6,6)-(lr=1.0e-5)-(86-params)",classic_NN_6-6,40
22.0,22,337984,CartPole-v1,"CP-ppo-ac-NN(6,6)-(lr=1.0e-5)-(86-params)",classic_NN_6-6,40
28.0,28,338032,CartPole-v1,"CP-ppo-ac-NN(6,6)-(lr=1.0e-5)-(86-params)",classic_NN_6-6,40
32.0,32,338160,CartPole-v1,"CP-ppo-ac-NN(6,6)-(lr=1.0e-5)-(86-params)",classic_NN_6-6,40
67.0,67,338160,CartPole-v1,"CP-ppo-ac-NN(6,6)-(lr=1.0e-5)-(86-params)",classic_NN_6-6,40
70.0,70,338176,CartPole-v1,"CP-ppo-ac-NN(6,6)-(lr=1.0e-5)-(86-params)",classic_NN_6-6,40
21.0,21,338244,CartPole-v1,"CP-ppo-ac-NN(6,6)-(lr=1.0e-5)-(86-params)",classic_NN_6-6,40
67.0,67,338252,CartPole-v1,"CP-ppo-ac-NN(6,6)-(lr=1.0e-5)-(86-params)",classic_NN_6-6,40
21.0,21,338260,CartPole-v1,"CP-ppo-ac-NN(6,6)-(lr=1.0e-5)-(86-params)",classic_NN_6-6,40
21.0,21,338336,CartPole-v1,"CP-ppo-ac-NN(6,6)-(lr=1.0e-5)-(86-params)",classic_NN_6-6,40
48.0,48,338452,CartPole-v1,"CP-ppo-ac-NN(6,6)-(lr=1.0e-5)-(86-params)",classic_NN_6-6,40
74.0,74,338456,CartPole-v1,"CP-ppo-ac-NN(6,6)-(lr=1.0e-5)-(86-params)",classic_NN_6-6,40
35.0,35,338476,CartPole-v1,"CP-ppo-ac-NN(6,6)-(lr=1.0e-5)-(86-params)",classic_NN_6-6,40
69.0,69,338520,CartPole-v1,"CP-ppo-ac-NN(6,6)-(lr=1.0e-5)-(86-params)",classic_NN_6-6,40
12.0,12,338568,CartPole-v1,"CP-ppo-ac-NN(6,6)-(lr=1.0e-5)-(86-params)",classic_NN_6-6,40
36.0,36,338600,CartPole-v1,"CP-ppo-ac-NN(6,6)-(lr=1.0e-5)-(86-params)",classic_NN_6-6,40
39.0,39,338608,CartPole-v1,"CP-ppo-ac-NN(6,6)-(lr=1.0e-5)-(86-params)",classic_NN_6-6,40
48.0,48,338668,CartPole-v1,"CP-ppo-ac-NN(6,6)-(lr=1.0e-5)-(86-params)",classic_NN_6-6,40
17.0,17,338676,CartPole-v1,"CP-ppo-ac-NN(6,6)-(lr=1.0e-5)-(86-params)",classic_NN_6-6,40
31.0,31,338724,CartPole-v1,"CP-ppo-ac-NN(6,6)-(lr=1.0e-5)-(86-params)",classic_NN_6-6,40
31.0,31,338800,CartPole-v1,"CP-ppo-ac-NN(6,6)-(lr=1.0e-5)-(86-params)",classic_NN_6-6,40
30.0,30,338844,CartPole-v1,"CP-ppo-ac-NN(6,6)-(lr=1.0e-5)-(86-params)",classic_NN_6-6,40
48.0,48,338860,CartPole-v1,"CP-ppo-ac-NN(6,6)-(lr=1.0e-5)-(86-params)",classic_NN_6-6,40
76.0,76,338872,CartPole-v1,"CP-ppo-ac-NN(6,6)-(lr=1.0e-5)-(86-params)",classic_NN_6-6,40
19.0,19,338876,CartPole-v1,"CP-ppo-ac-NN(6,6)-(lr=1.0e-5)-(86-params)",classic_NN_6-6,40
13.0,13,338896,CartPole-v1,"CP-ppo-ac-NN(6,6)-(lr=1.0e-5)-(86-params)",classic_NN_6-6,40
32.0,32,338988,CartPole-v1,"CP-ppo-ac-NN(6,6)-(lr=1.0e-5)-(86-params)",classic_NN_6-6,40
34.0,34,339012,CartPole-v1,"CP-ppo-ac-NN(6,6)-(lr=1.0e-5)-(86-params)",classic_NN_6-6,40
29.0,29,339104,CartPole-v1,"CP-ppo-ac-NN(6,6)-(lr=1.0e-5)-(86-params)",classic_NN_6-6,40
29.0,29,339128,CartPole-v1,"CP-ppo-ac-NN(6,6)-(lr=1.0e-5)-(86-params)",classic_NN_6-6,40
13.0,13,339156,CartPole-v1,"CP-ppo-ac-NN(6,6)-(lr=1.0e-5)-(86-params)",classic_NN_6-6,40
68.0,68,339168,CartPole-v1,"CP-ppo-ac-NN(6,6)-(lr=1.0e-5)-(86-params)",classic_NN_6-6,40
75.0,75,339172,CartPole-v1,"CP-ppo-ac-NN(6,6)-(lr=1.0e-5)-(86-params)",classic_NN_6-6,40
18.0,18,339200,CartPole-v1,"CP-ppo-ac-NN(6,6)-(lr=1.0e-5)-(86-params)",classic_NN_6-6,40
16.0,16,339220,CartPole-v1,"CP-ppo-ac-NN(6,6)-(lr=1.0e-5)-(86-params)",classic_NN_6-6,40
20.0,20,339252,CartPole-v1,"CP-ppo-ac-NN(6,6)-(lr=1.0e-5)-(86-params)",classic_NN_6-6,40
14.0,14,339276,CartPole-v1,"CP-ppo-ac-NN(6,6)-(lr=1.0e-5)-(86-params)",classic_NN_6-6,40
15.0,15,339336,CartPole-v1,"CP-ppo-ac-NN(6,6)-(lr=1.0e-5)-(86-params)",classic_NN_6-6,40
37.0,37,339348,CartPole-v1,"CP-ppo-ac-NN(6,6)-(lr=1.0e-5)-(86-params)",classic_NN_6-6,40
46.0,46,339352,CartPole-v1,"CP-ppo-ac-NN(6,6)-(lr=1.0e-5)-(86-params)",classic_NN_6-6,40
27.0,27,339360,CartPole-v1,"CP-ppo-ac-NN(6,6)-(lr=1.0e-5)-(86-params)",classic_NN_6-6,40
16.0,16,339424,CartPole-v1,"CP-ppo-ac-NN(6,6)-(lr=1.0e-5)-(86-params)",classic_NN_6-6,40
35.0,35,339476,CartPole-v1,"CP-ppo-ac-NN(6,6)-(lr=1.0e-5)-(86-params)",classic_NN_6-6,40
45.0,45,339532,CartPole-v1,"CP-ppo-ac-NN(6,6)-(lr=1.0e-5)-(86-params)",classic_NN_6-6,40
49.0,49,339544,CartPole-v1,"CP-ppo-ac-NN(6,6)-(lr=1.0e-5)-(86-params)",classic_NN_6-6,40
22.0,22,339564,CartPole-v1,"CP-ppo-ac-NN(6,6)-(lr=1.0e-5)-(86-params)",classic_NN_6-6,40
46.0,46,339608,CartPole-v1,"CP-ppo-ac-NN(6,6)-(lr=1.0e-5)-(86-params)",classic_NN_6-6,40
27.0,27,339652,CartPole-v1,"CP-ppo-ac-NN(6,6)-(lr=1.0e-5)-(86-params)",classic_NN_6-6,40
16.0,16,339672,CartPole-v1,"CP-ppo-ac-NN(6,6)-(lr=1.0e-5)-(86-params)",classic_NN_6-6,40
27.0,27,339672,CartPole-v1,"CP-ppo-ac-NN(6,6)-(lr=1.0e-5)-(86-params)",classic_NN_6-6,40
35.0,35,339672,CartPole-v1,"CP-ppo-ac-NN(6,6)-(lr=1.0e-5)-(86-params)",classic_NN_6-6,40
24.0,24,339768,CartPole-v1,"CP-ppo-ac-NN(6,6)-(lr=1.0e-5)-(86-params)",classic_NN_6-6,40
32.0,32,339780,CartPole-v1,"CP-ppo-ac-NN(6,6)-(lr=1.0e-5)-(86-params)",classic_NN_6-6,40
31.0,31,339796,CartPole-v1,"CP-ppo-ac-NN(6,6)-(lr=1.0e-5)-(86-params)",classic_NN_6-6,40
35.0,35,339812,CartPole-v1,"CP-ppo-ac-NN(6,6)-(lr=1.0e-5)-(86-params)",classic_NN_6-6,40
17.0,17,339848,CartPole-v1,"CP-ppo-ac-NN(6,6)-(lr=1.0e-5)-(86-params)",classic_NN_6-6,40
21.0,21,339896,CartPole-v1,"CP-ppo-ac-NN(6,6)-(lr=1.0e-5)-(86-params)",classic_NN_6-6,40
35.0,35,339908,CartPole-v1,"CP-ppo-ac-NN(6,6)-(lr=1.0e-5)-(86-params)",classic_NN_6-6,40
41.0,41,339960,CartPole-v1,"CP-ppo-ac-NN(6,6)-(lr=1.0e-5)-(86-params)",classic_NN_6-6,40
18.0,18,339968,CartPole-v1,"CP-ppo-ac-NN(6,6)-(lr=1.0e-5)-(86-params)",classic_NN_6-6,40
28.0,28,340020,CartPole-v1,"CP-ppo-ac-NN(6,6)-(lr=1.0e-5)-(86-params)",classic_NN_6-6,40
23.0,23,340052,CartPole-v1,"CP-ppo-ac-NN(6,6)-(lr=1.0e-5)-(86-params)",classic_NN_6-6,40
23.0,23,340060,CartPole-v1,"CP-ppo-ac-NN(6,6)-(lr=1.0e-5)-(86-params)",classic_NN_6-6,40
54.0,54,340064,CartPole-v1,"CP-ppo-ac-NN(6,6)-(lr=1.0e-5)-(86-params)",classic_NN_6-6,40
12.0,12,340068,CartPole-v1,"CP-ppo-ac-NN(6,6)-(lr=1.0e-5)-(86-params)",classic_NN_6-6,40
15.0,15,340120,CartPole-v1,"CP-ppo-ac-NN(6,6)-(lr=1.0e-5)-(86-params)",classic_NN_6-6,40
22.0,22,340156,CartPole-v1,"CP-ppo-ac-NN(6,6)-(lr=1.0e-5)-(86-params)",classic_NN_6-6,40
44.0,44,340240,CartPole-v1,"CP-ppo-ac-NN(6,6)-(lr=1.0e-5)-(86-params)",classic_NN_6-6,40
49.0,49,340248,CartPole-v1,"CP-ppo-ac-NN(6,6)-(lr=1.0e-5)-(86-params)",classic_NN_6-6,40
19.0,19,340324,CartPole-v1,"CP-ppo-ac-NN(6,6)-(lr=1.0e-5)-(86-params)",classic_NN_6-6,40
56.0,56,340380,CartPole-v1,"CP-ppo-ac-NN(6,6)-(lr=1.0e-5)-(86-params)",classic_NN_6-6,40
71.0,71,340404,CartPole-v1,"CP-ppo-ac-NN(6,6)-(lr=1.0e-5)-(86-params)",classic_NN_6-6,40
27.0,27,340432,CartPole-v1,"CP-ppo-ac-NN(6,6)-(lr=1.0e-5)-(86-params)",classic_NN_6-6,40
18.0,18,340476,CartPole-v1,"CP-ppo-ac-NN(6,6)-(lr=1.0e-5)-(86-params)",classic_NN_6-6,40
77.0,77,340548,CartPole-v1,"CP-ppo-ac-NN(6,6)-(lr=1.0e-5)-(86-params)",classic_NN_6-6,40
46.0,46,340564,CartPole-v1,"CP-ppo-ac-NN(6,6)-(lr=1.0e-5)-(86-params)",classic_NN_6-6,40
34.0,34,340612,CartPole-v1,"CP-ppo-ac-NN(6,6)-(lr=1.0e-5)-(86-params)",classic_NN_6-6,40
25.0,25,340648,CartPole-v1,"CP-ppo-ac-NN(6,6)-(lr=1.0e-5)-(86-params)",classic_NN_6-6,40
28.0,28,340676,CartPole-v1,"CP-ppo-ac-NN(6,6)-(lr=1.0e-5)-(86-params)",classic_NN_6-6,40
20.0,20,340692,CartPole-v1,"CP-ppo-ac-NN(6,6)-(lr=1.0e-5)-(86-params)",classic_NN_6-6,40
72.0,72,340720,CartPole-v1,"CP-ppo-ac-NN(6,6)-(lr=1.0e-5)-(86-params)",classic_NN_6-6,40
29.0,29,340792,CartPole-v1,"CP-ppo-ac-NN(6,6)-(lr=1.0e-5)-(86-params)",classic_NN_6-6,40
26.0,26,340796,CartPole-v1,"CP-ppo-ac-NN(6,6)-(lr=1.0e-5)-(86-params)",classic_NN_6-6,40
41.0,41,340884,CartPole-v1,"CP-ppo-ac-NN(6,6)-(lr=1.0e-5)-(86-params)",classic_NN_6-6,40
66.0,66,340912,CartPole-v1,"CP-ppo-ac-NN(6,6)-(lr=1.0e-5)-(86-params)",classic_NN_6-6,40
31.0,31,340916,CartPole-v1,"CP-ppo-ac-NN(6,6)-(lr=1.0e-5)-(86-params)",classic_NN_6-6,40
33.0,33,340928,CartPole-v1,"CP-ppo-ac-NN(6,6)-(lr=1.0e-5)-(86-params)",classic_NN_6-6,40
16.0,16,340976,CartPole-v1,"CP-ppo-ac-NN(6,6)-(lr=1.0e-5)-(86-params)",classic_NN_6-6,40
16.0,16,340980,CartPole-v1,"CP-ppo-ac-NN(6,6)-(lr=1.0e-5)-(86-params)",classic_NN_6-6,40
21.0,21,341012,CartPole-v1,"CP-ppo-ac-NN(6,6)-(lr=1.0e-5)-(86-params)",classic_NN_6-6,40
22.0,22,341100,CartPole-v1,"CP-ppo-ac-NN(6,6)-(lr=1.0e-5)-(86-params)",classic_NN_6-6,40
34.0,34,341112,CartPole-v1,"CP-ppo-ac-NN(6,6)-(lr=1.0e-5)-(86-params)",classic_NN_6-6,40
40.0,40,341140,CartPole-v1,"CP-ppo-ac-NN(6,6)-(lr=1.0e-5)-(86-params)",classic_NN_6-6,40
11.0,11,341156,CartPole-v1,"CP-ppo-ac-NN(6,6)-(lr=1.0e-5)-(86-params)",classic_NN_6-6,40
14.0,14,341196,CartPole-v1,"CP-ppo-ac-NN(6,6)-(lr=1.0e-5)-(86-params)",classic_NN_6-6,40
33.0,33,341232,CartPole-v1,"CP-ppo-ac-NN(6,6)-(lr=1.0e-5)-(86-params)",classic_NN_6-6,40
15.0,15,341256,CartPole-v1,"CP-ppo-ac-NN(6,6)-(lr=1.0e-5)-(86-params)",classic_NN_6-6,40
29.0,29,341272,CartPole-v1,"CP-ppo-ac-NN(6,6)-(lr=1.0e-5)-(86-params)",classic_NN_6-6,40
12.0,12,341304,CartPole-v1,"CP-ppo-ac-NN(6,6)-(lr=1.0e-5)-(86-params)",classic_NN_6-6,40
108.0,108,341316,CartPole-v1,"CP-ppo-ac-NN(6,6)-(lr=1.0e-5)-(86-params)",classic_NN_6-6,40
20.0,20,341352,CartPole-v1,"CP-ppo-ac-NN(6,6)-(lr=1.0e-5)-(86-params)",classic_NN_6-6,40
15.0,15,341364,CartPole-v1,"CP-ppo-ac-NN(6,6)-(lr=1.0e-5)-(86-params)",classic_NN_6-6,40
20.0,20,341396,CartPole-v1,"CP-ppo-ac-NN(6,6)-(lr=1.0e-5)-(86-params)",classic_NN_6-6,40
12.0,12,341400,CartPole-v1,"CP-ppo-ac-NN(6,6)-(lr=1.0e-5)-(86-params)",classic_NN_6-6,40
49.0,49,341428,CartPole-v1,"CP-ppo-ac-NN(6,6)-(lr=1.0e-5)-(86-params)",classic_NN_6-6,40
11.0,11,341440,CartPole-v1,"CP-ppo-ac-NN(6,6)-(lr=1.0e-5)-(86-params)",classic_NN_6-6,40
16.0,16,341464,CartPole-v1,"CP-ppo-ac-NN(6,6)-(lr=1.0e-5)-(86-params)",classic_NN_6-6,40
34.0,34,341500,CartPole-v1,"CP-ppo-ac-NN(6,6)-(lr=1.0e-5)-(86-params)",classic_NN_6-6,40
17.0,17,341508,CartPole-v1,"CP-ppo-ac-NN(6,6)-(lr=1.0e-5)-(86-params)",classic_NN_6-6,40
25.0,25,341528,CartPole-v1,"CP-ppo-ac-NN(6,6)-(lr=1.0e-5)-(86-params)",classic_NN_6-6,40
12.0,12,341548,CartPole-v1,"CP-ppo-ac-NN(6,6)-(lr=1.0e-5)-(86-params)",classic_NN_6-6,40
13.0,13,341560,CartPole-v1,"CP-ppo-ac-NN(6,6)-(lr=1.0e-5)-(86-params)",classic_NN_6-6,40
13.0,13,341600,CartPole-v1,"CP-ppo-ac-NN(6,6)-(lr=1.0e-5)-(86-params)",classic_NN_6-6,40
35.0,35,341604,CartPole-v1,"CP-ppo-ac-NN(6,6)-(lr=1.0e-5)-(86-params)",classic_NN_6-6,40
19.0,19,341636,CartPole-v1,"CP-ppo-ac-NN(6,6)-(lr=1.0e-5)-(86-params)",classic_NN_6-6,40
16.0,16,341668,CartPole-v1,"CP-ppo-ac-NN(6,6)-(lr=1.0e-5)-(86-params)",classic_NN_6-6,40
41.0,41,341692,CartPole-v1,"CP-ppo-ac-NN(6,6)-(lr=1.0e-5)-(86-params)",classic_NN_6-6,40
20.0,20,341716,CartPole-v1,"CP-ppo-ac-NN(6,6)-(lr=1.0e-5)-(86-params)",classic_NN_6-6,40
39.0,39,341756,CartPole-v1,"CP-ppo-ac-NN(6,6)-(lr=1.0e-5)-(86-params)",classic_NN_6-6,40
26.0,26,341772,CartPole-v1,"CP-ppo-ac-NN(6,6)-(lr=1.0e-5)-(86-params)",classic_NN_6-6,40
32.0,32,341844,CartPole-v1,"CP-ppo-ac-NN(6,6)-(lr=1.0e-5)-(86-params)",classic_NN_6-6,40
42.0,42,341940,CartPole-v1,"CP-ppo-ac-NN(6,6)-(lr=1.0e-5)-(86-params)",classic_NN_6-6,40
24.0,24,341940,CartPole-v1,"CP-ppo-ac-NN(6,6)-(lr=1.0e-5)-(86-params)",classic_NN_6-6,40
51.0,51,341960,CartPole-v1,"CP-ppo-ac-NN(6,6)-(lr=1.0e-5)-(86-params)",classic_NN_6-6,40
68.0,68,341964,CartPole-v1,"CP-ppo-ac-NN(6,6)-(lr=1.0e-5)-(86-params)",classic_NN_6-6,40
16.0,16,342004,CartPole-v1,"CP-ppo-ac-NN(6,6)-(lr=1.0e-5)-(86-params)",classic_NN_6-6,40
18.0,18,342012,CartPole-v1,"CP-ppo-ac-NN(6,6)-(lr=1.0e-5)-(86-params)",classic_NN_6-6,40
27.0,27,342120,CartPole-v1,"CP-ppo-ac-NN(6,6)-(lr=1.0e-5)-(86-params)",classic_NN_6-6,40
69.0,69,342240,CartPole-v1,"CP-ppo-ac-NN(6,6)-(lr=1.0e-5)-(86-params)",classic_NN_6-6,40
41.0,41,342284,CartPole-v1,"CP-ppo-ac-NN(6,6)-(lr=1.0e-5)-(86-params)",classic_NN_6-6,40
18.0,18,342312,CartPole-v1,"CP-ppo-ac-NN(6,6)-(lr=1.0e-5)-(86-params)",classic_NN_6-6,40
83.0,83,342336,CartPole-v1,"CP-ppo-ac-NN(6,6)-(lr=1.0e-5)-(86-params)",classic_NN_6-6,40
99.0,99,342356,CartPole-v1,"CP-ppo-ac-NN(6,6)-(lr=1.0e-5)-(86-params)",classic_NN_6-6,40
21.0,21,342368,CartPole-v1,"CP-ppo-ac-NN(6,6)-(lr=1.0e-5)-(86-params)",classic_NN_6-6,40
22.0,22,342400,CartPole-v1,"CP-ppo-ac-NN(6,6)-(lr=1.0e-5)-(86-params)",classic_NN_6-6,40
28.0,28,342468,CartPole-v1,"CP-ppo-ac-NN(6,6)-(lr=1.0e-5)-(86-params)",classic_NN_6-6,40
34.0,34,342504,CartPole-v1,"CP-ppo-ac-NN(6,6)-(lr=1.0e-5)-(86-params)",classic_NN_6-6,40
43.0,43,342572,CartPole-v1,"CP-ppo-ac-NN(6,6)-(lr=1.0e-5)-(86-params)",classic_NN_6-6,40
22.0,22,342592,CartPole-v1,"CP-ppo-ac-NN(6,6)-(lr=1.0e-5)-(86-params)",classic_NN_6-6,40
11.0,11,342616,CartPole-v1,"CP-ppo-ac-NN(6,6)-(lr=1.0e-5)-(86-params)",classic_NN_6-6,40
18.0,18,342664,CartPole-v1,"CP-ppo-ac-NN(6,6)-(lr=1.0e-5)-(86-params)",classic_NN_6-6,40
83.0,83,342668,CartPole-v1,"CP-ppo-ac-NN(6,6)-(lr=1.0e-5)-(86-params)",classic_NN_6-6,40
24.0,24,342712,CartPole-v1,"CP-ppo-ac-NN(6,6)-(lr=1.0e-5)-(86-params)",classic_NN_6-6,40
16.0,16,342732,CartPole-v1,"CP-ppo-ac-NN(6,6)-(lr=1.0e-5)-(86-params)",classic_NN_6-6,40
19.0,19,342740,CartPole-v1,"CP-ppo-ac-NN(6,6)-(lr=1.0e-5)-(86-params)",classic_NN_6-6,40
30.0,30,342852,CartPole-v1,"CP-ppo-ac-NN(6,6)-(lr=1.0e-5)-(86-params)",classic_NN_6-6,40
109.0,109,342904,CartPole-v1,"CP-ppo-ac-NN(6,6)-(lr=1.0e-5)-(86-params)",classic_NN_6-6,40
15.0,15,342912,CartPole-v1,"CP-ppo-ac-NN(6,6)-(lr=1.0e-5)-(86-params)",classic_NN_6-6,40
47.0,47,342928,CartPole-v1,"CP-ppo-ac-NN(6,6)-(lr=1.0e-5)-(86-params)",classic_NN_6-6,40
67.0,67,342980,CartPole-v1,"CP-ppo-ac-NN(6,6)-(lr=1.0e-5)-(86-params)",classic_NN_6-6,40
21.0,21,342996,CartPole-v1,"CP-ppo-ac-NN(6,6)-(lr=1.0e-5)-(86-params)",classic_NN_6-6,40
19.0,19,343004,CartPole-v1,"CP-ppo-ac-NN(6,6)-(lr=1.0e-5)-(86-params)",classic_NN_6-6,40
37.0,37,343052,CartPole-v1,"CP-ppo-ac-NN(6,6)-(lr=1.0e-5)-(86-params)",classic_NN_6-6,40
27.0,27,343104,CartPole-v1,"CP-ppo-ac-NN(6,6)-(lr=1.0e-5)-(86-params)",classic_NN_6-6,40
26.0,26,343156,CartPole-v1,"CP-ppo-ac-NN(6,6)-(lr=1.0e-5)-(86-params)",classic_NN_6-6,40
51.0,51,343184,CartPole-v1,"CP-ppo-ac-NN(6,6)-(lr=1.0e-5)-(86-params)",classic_NN_6-6,40
34.0,34,343240,CartPole-v1,"CP-ppo-ac-NN(6,6)-(lr=1.0e-5)-(86-params)",classic_NN_6-6,40
68.0,68,343276,CartPole-v1,"CP-ppo-ac-NN(6,6)-(lr=1.0e-5)-(86-params)",classic_NN_6-6,40
26.0,26,343288,CartPole-v1,"CP-ppo-ac-NN(6,6)-(lr=1.0e-5)-(86-params)",classic_NN_6-6,40
37.0,37,343304,CartPole-v1,"CP-ppo-ac-NN(6,6)-(lr=1.0e-5)-(86-params)",classic_NN_6-6,40
20.0,20,343320,CartPole-v1,"CP-ppo-ac-NN(6,6)-(lr=1.0e-5)-(86-params)",classic_NN_6-6,40
15.0,15,343348,CartPole-v1,"CP-ppo-ac-NN(6,6)-(lr=1.0e-5)-(86-params)",classic_NN_6-6,40
19.0,19,343380,CartPole-v1,"CP-ppo-ac-NN(6,6)-(lr=1.0e-5)-(86-params)",classic_NN_6-6,40
37.0,37,343424,CartPole-v1,"CP-ppo-ac-NN(6,6)-(lr=1.0e-5)-(86-params)",classic_NN_6-6,40
21.0,21,343432,CartPole-v1,"CP-ppo-ac-NN(6,6)-(lr=1.0e-5)-(86-params)",classic_NN_6-6,40
21.0,21,343464,CartPole-v1,"CP-ppo-ac-NN(6,6)-(lr=1.0e-5)-(86-params)",classic_NN_6-6,40
36.0,36,343464,CartPole-v1,"CP-ppo-ac-NN(6,6)-(lr=1.0e-5)-(86-params)",classic_NN_6-6,40
18.0,18,343504,CartPole-v1,"CP-ppo-ac-NN(6,6)-(lr=1.0e-5)-(86-params)",classic_NN_6-6,40
22.0,22,343552,CartPole-v1,"CP-ppo-ac-NN(6,6)-(lr=1.0e-5)-(86-params)",classic_NN_6-6,40
34.0,34,343560,CartPole-v1,"CP-ppo-ac-NN(6,6)-(lr=1.0e-5)-(86-params)",classic_NN_6-6,40
31.0,31,343588,CartPole-v1,"CP-ppo-ac-NN(6,6)-(lr=1.0e-5)-(86-params)",classic_NN_6-6,40
14.0,14,343608,CartPole-v1,"CP-ppo-ac-NN(6,6)-(lr=1.0e-5)-(86-params)",classic_NN_6-6,40
22.0,22,343648,CartPole-v1,"CP-ppo-ac-NN(6,6)-(lr=1.0e-5)-(86-params)",classic_NN_6-6,40
20.0,20,343688,CartPole-v1,"CP-ppo-ac-NN(6,6)-(lr=1.0e-5)-(86-params)",classic_NN_6-6,40
36.0,36,343732,CartPole-v1,"CP-ppo-ac-NN(6,6)-(lr=1.0e-5)-(86-params)",classic_NN_6-6,40
67.0,67,343772,CartPole-v1,"CP-ppo-ac-NN(6,6)-(lr=1.0e-5)-(86-params)",classic_NN_6-6,40
32.0,32,343776,CartPole-v1,"CP-ppo-ac-NN(6,6)-(lr=1.0e-5)-(86-params)",classic_NN_6-6,40
22.0,22,343776,CartPole-v1,"CP-ppo-ac-NN(6,6)-(lr=1.0e-5)-(86-params)",classic_NN_6-6,40
35.0,35,343872,CartPole-v1,"CP-ppo-ac-NN(6,6)-(lr=1.0e-5)-(86-params)",classic_NN_6-6,40
31.0,31,343900,CartPole-v1,"CP-ppo-ac-NN(6,6)-(lr=1.0e-5)-(86-params)",classic_NN_6-6,40
38.0,38,343928,CartPole-v1,"CP-ppo-ac-NN(6,6)-(lr=1.0e-5)-(86-params)",classic_NN_6-6,40
17.0,17,343968,CartPole-v1,"CP-ppo-ac-NN(6,6)-(lr=1.0e-5)-(86-params)",classic_NN_6-6,40
61.0,61,344016,CartPole-v1,"CP-ppo-ac-NN(6,6)-(lr=1.0e-5)-(86-params)",classic_NN_6-6,40
23.0,23,344020,CartPole-v1,"CP-ppo-ac-NN(6,6)-(lr=1.0e-5)-(86-params)",classic_NN_6-6,40
13.0,13,344068,CartPole-v1,"CP-ppo-ac-NN(6,6)-(lr=1.0e-5)-(86-params)",classic_NN_6-6,40
50.0,50,344072,CartPole-v1,"CP-ppo-ac-NN(6,6)-(lr=1.0e-5)-(86-params)",classic_NN_6-6,40
21.0,21,344104,CartPole-v1,"CP-ppo-ac-NN(6,6)-(lr=1.0e-5)-(86-params)",classic_NN_6-6,40
17.0,17,344140,CartPole-v1,"CP-ppo-ac-NN(6,6)-(lr=1.0e-5)-(86-params)",classic_NN_6-6,40
17.0,17,344172,CartPole-v1,"CP-ppo-ac-NN(6,6)-(lr=1.0e-5)-(86-params)",classic_NN_6-6,40
59.0,59,344204,CartPole-v1,"CP-ppo-ac-NN(6,6)-(lr=1.0e-5)-(86-params)",classic_NN_6-6,40
35.0,35,344208,CartPole-v1,"CP-ppo-ac-NN(6,6)-(lr=1.0e-5)-(86-params)",classic_NN_6-6,40
27.0,27,344248,CartPole-v1,"CP-ppo-ac-NN(6,6)-(lr=1.0e-5)-(86-params)",classic_NN_6-6,40
12.0,12,344256,CartPole-v1,"CP-ppo-ac-NN(6,6)-(lr=1.0e-5)-(86-params)",classic_NN_6-6,40
21.0,21,344340,CartPole-v1,"CP-ppo-ac-NN(6,6)-(lr=1.0e-5)-(86-params)",classic_NN_6-6,40
32.0,32,344376,CartPole-v1,"CP-ppo-ac-NN(6,6)-(lr=1.0e-5)-(86-params)",classic_NN_6-6,40
43.0,43,344376,CartPole-v1,"CP-ppo-ac-NN(6,6)-(lr=1.0e-5)-(86-params)",classic_NN_6-6,40
52.0,52,344380,CartPole-v1,"CP-ppo-ac-NN(6,6)-(lr=1.0e-5)-(86-params)",classic_NN_6-6,40
20.0,20,344420,CartPole-v1,"CP-ppo-ac-NN(6,6)-(lr=1.0e-5)-(86-params)",classic_NN_6-6,40
16.0,16,344444,CartPole-v1,"CP-ppo-ac-NN(6,6)-(lr=1.0e-5)-(86-params)",classic_NN_6-6,40
21.0,21,344460,CartPole-v1,"CP-ppo-ac-NN(6,6)-(lr=1.0e-5)-(86-params)",classic_NN_6-6,40
21.0,21,344528,CartPole-v1,"CP-ppo-ac-NN(6,6)-(lr=1.0e-5)-(86-params)",classic_NN_6-6,40
34.0,34,344556,CartPole-v1,"CP-ppo-ac-NN(6,6)-(lr=1.0e-5)-(86-params)",classic_NN_6-6,40
31.0,31,344584,CartPole-v1,"CP-ppo-ac-NN(6,6)-(lr=1.0e-5)-(86-params)",classic_NN_6-6,40
34.0,34,344664,CartPole-v1,"CP-ppo-ac-NN(6,6)-(lr=1.0e-5)-(86-params)",classic_NN_6-6,40
76.0,76,344680,CartPole-v1,"CP-ppo-ac-NN(6,6)-(lr=1.0e-5)-(86-params)",classic_NN_6-6,40
34.0,34,344692,CartPole-v1,"CP-ppo-ac-NN(6,6)-(lr=1.0e-5)-(86-params)",classic_NN_6-6,40
32.0,32,344712,CartPole-v1,"CP-ppo-ac-NN(6,6)-(lr=1.0e-5)-(86-params)",classic_NN_6-6,40
25.0,25,344780,CartPole-v1,"CP-ppo-ac-NN(6,6)-(lr=1.0e-5)-(86-params)",classic_NN_6-6,40
26.0,26,344796,CartPole-v1,"CP-ppo-ac-NN(6,6)-(lr=1.0e-5)-(86-params)",classic_NN_6-6,40
23.0,23,344804,CartPole-v1,"CP-ppo-ac-NN(6,6)-(lr=1.0e-5)-(86-params)",classic_NN_6-6,40
21.0,21,344864,CartPole-v1,"CP-ppo-ac-NN(6,6)-(lr=1.0e-5)-(86-params)",classic_NN_6-6,40
51.0,51,344868,CartPole-v1,"CP-ppo-ac-NN(6,6)-(lr=1.0e-5)-(86-params)",classic_NN_6-6,40
16.0,16,344868,CartPole-v1,"CP-ppo-ac-NN(6,6)-(lr=1.0e-5)-(86-params)",classic_NN_6-6,40
14.0,14,344924,CartPole-v1,"CP-ppo-ac-NN(6,6)-(lr=1.0e-5)-(86-params)",classic_NN_6-6,40
30.0,30,344984,CartPole-v1,"CP-ppo-ac-NN(6,6)-(lr=1.0e-5)-(86-params)",classic_NN_6-6,40
36.0,36,345012,CartPole-v1,"CP-ppo-ac-NN(6,6)-(lr=1.0e-5)-(86-params)",classic_NN_6-6,40
13.0,13,345036,CartPole-v1,"CP-ppo-ac-NN(6,6)-(lr=1.0e-5)-(86-params)",classic_NN_6-6,40
64.0,64,345052,CartPole-v1,"CP-ppo-ac-NN(6,6)-(lr=1.0e-5)-(86-params)",classic_NN_6-6,40
36.0,36,345156,CartPole-v1,"CP-ppo-ac-NN(6,6)-(lr=1.0e-5)-(86-params)",classic_NN_6-6,40
66.0,66,345188,CartPole-v1,"CP-ppo-ac-NN(6,6)-(lr=1.0e-5)-(86-params)",classic_NN_6-6,40
53.0,53,345248,CartPole-v1,"CP-ppo-ac-NN(6,6)-(lr=1.0e-5)-(86-params)",classic_NN_6-6,40
28.0,28,345268,CartPole-v1,"CP-ppo-ac-NN(6,6)-(lr=1.0e-5)-(86-params)",classic_NN_6-6,40
64.0,64,345308,CartPole-v1,"CP-ppo-ac-NN(6,6)-(lr=1.0e-5)-(86-params)",classic_NN_6-6,40
37.0,37,345336,CartPole-v1,"CP-ppo-ac-NN(6,6)-(lr=1.0e-5)-(86-params)",classic_NN_6-6,40
19.0,19,345344,CartPole-v1,"CP-ppo-ac-NN(6,6)-(lr=1.0e-5)-(86-params)",classic_NN_6-6,40
16.0,16,345372,CartPole-v1,"CP-ppo-ac-NN(6,6)-(lr=1.0e-5)-(86-params)",classic_NN_6-6,40
46.0,46,345432,CartPole-v1,"CP-ppo-ac-NN(6,6)-(lr=1.0e-5)-(86-params)",classic_NN_6-6,40
25.0,25,345444,CartPole-v1,"CP-ppo-ac-NN(6,6)-(lr=1.0e-5)-(86-params)",classic_NN_6-6,40
31.0,31,345496,CartPole-v1,"CP-ppo-ac-NN(6,6)-(lr=1.0e-5)-(86-params)",classic_NN_6-6,40
44.0,44,345512,CartPole-v1,"CP-ppo-ac-NN(6,6)-(lr=1.0e-5)-(86-params)",classic_NN_6-6,40
25.0,25,345596,CartPole-v1,"CP-ppo-ac-NN(6,6)-(lr=1.0e-5)-(86-params)",classic_NN_6-6,40
28.0,28,345624,CartPole-v1,"CP-ppo-ac-NN(6,6)-(lr=1.0e-5)-(86-params)",classic_NN_6-6,40
52.0,52,345652,CartPole-v1,"CP-ppo-ac-NN(6,6)-(lr=1.0e-5)-(86-params)",classic_NN_6-6,40
16.0,16,345688,CartPole-v1,"CP-ppo-ac-NN(6,6)-(lr=1.0e-5)-(86-params)",classic_NN_6-6,40
27.0,27,345704,CartPole-v1,"CP-ppo-ac-NN(6,6)-(lr=1.0e-5)-(86-params)",classic_NN_6-6,40
86.0,86,345776,CartPole-v1,"CP-ppo-ac-NN(6,6)-(lr=1.0e-5)-(86-params)",classic_NN_6-6,40
18.0,18,345776,CartPole-v1,"CP-ppo-ac-NN(6,6)-(lr=1.0e-5)-(86-params)",classic_NN_6-6,40
39.0,39,345808,CartPole-v1,"CP-ppo-ac-NN(6,6)-(lr=1.0e-5)-(86-params)",classic_NN_6-6,40
12.0,12,345824,CartPole-v1,"CP-ppo-ac-NN(6,6)-(lr=1.0e-5)-(86-params)",classic_NN_6-6,40
17.0,17,345844,CartPole-v1,"CP-ppo-ac-NN(6,6)-(lr=1.0e-5)-(86-params)",classic_NN_6-6,40
14.0,14,345864,CartPole-v1,"CP-ppo-ac-NN(6,6)-(lr=1.0e-5)-(86-params)",classic_NN_6-6,40
18.0,18,345936,CartPole-v1,"CP-ppo-ac-NN(6,6)-(lr=1.0e-5)-(86-params)",classic_NN_6-6,40
28.0,28,345956,CartPole-v1,"CP-ppo-ac-NN(6,6)-(lr=1.0e-5)-(86-params)",classic_NN_6-6,40
44.0,44,346000,CartPole-v1,"CP-ppo-ac-NN(6,6)-(lr=1.0e-5)-(86-params)",classic_NN_6-6,40
83.0,83,346020,CartPole-v1,"CP-ppo-ac-NN(6,6)-(lr=1.0e-5)-(86-params)",classic_NN_6-6,40
30.0,30,346056,CartPole-v1,"CP-ppo-ac-NN(6,6)-(lr=1.0e-5)-(86-params)",classic_NN_6-6,40
16.0,16,346084,CartPole-v1,"CP-ppo-ac-NN(6,6)-(lr=1.0e-5)-(86-params)",classic_NN_6-6,40
38.0,38,346108,CartPole-v1,"CP-ppo-ac-NN(6,6)-(lr=1.0e-5)-(86-params)",classic_NN_6-6,40
13.0,13,346136,CartPole-v1,"CP-ppo-ac-NN(6,6)-(lr=1.0e-5)-(86-params)",classic_NN_6-6,40
36.0,36,346144,CartPole-v1,"CP-ppo-ac-NN(6,6)-(lr=1.0e-5)-(86-params)",classic_NN_6-6,40
31.0,31,346180,CartPole-v1,"CP-ppo-ac-NN(6,6)-(lr=1.0e-5)-(86-params)",classic_NN_6-6,40
22.0,22,346196,CartPole-v1,"CP-ppo-ac-NN(6,6)-(lr=1.0e-5)-(86-params)",classic_NN_6-6,40
19.0,19,346220,CartPole-v1,"CP-ppo-ac-NN(6,6)-(lr=1.0e-5)-(86-params)",classic_NN_6-6,40
14.0,14,346236,CartPole-v1,"CP-ppo-ac-NN(6,6)-(lr=1.0e-5)-(86-params)",classic_NN_6-6,40
31.0,31,346260,CartPole-v1,"CP-ppo-ac-NN(6,6)-(lr=1.0e-5)-(86-params)",classic_NN_6-6,40
17.0,17,346304,CartPole-v1,"CP-ppo-ac-NN(6,6)-(lr=1.0e-5)-(86-params)",classic_NN_6-6,40
34.0,34,346332,CartPole-v1,"CP-ppo-ac-NN(6,6)-(lr=1.0e-5)-(86-params)",classic_NN_6-6,40
32.0,32,346348,CartPole-v1,"CP-ppo-ac-NN(6,6)-(lr=1.0e-5)-(86-params)",classic_NN_6-6,40
15.0,15,346364,CartPole-v1,"CP-ppo-ac-NN(6,6)-(lr=1.0e-5)-(86-params)",classic_NN_6-6,40
39.0,39,346416,CartPole-v1,"CP-ppo-ac-NN(6,6)-(lr=1.0e-5)-(86-params)",classic_NN_6-6,40
25.0,25,346432,CartPole-v1,"CP-ppo-ac-NN(6,6)-(lr=1.0e-5)-(86-params)",classic_NN_6-6,40
23.0,23,346456,CartPole-v1,"CP-ppo-ac-NN(6,6)-(lr=1.0e-5)-(86-params)",classic_NN_6-6,40
33.0,33,346480,CartPole-v1,"CP-ppo-ac-NN(6,6)-(lr=1.0e-5)-(86-params)",classic_NN_6-6,40
20.0,20,346496,CartPole-v1,"CP-ppo-ac-NN(6,6)-(lr=1.0e-5)-(86-params)",classic_NN_6-6,40
19.0,19,346532,CartPole-v1,"CP-ppo-ac-NN(6,6)-(lr=1.0e-5)-(86-params)",classic_NN_6-6,40
13.0,13,346584,CartPole-v1,"CP-ppo-ac-NN(6,6)-(lr=1.0e-5)-(86-params)",classic_NN_6-6,40
30.0,30,346600,CartPole-v1,"CP-ppo-ac-NN(6,6)-(lr=1.0e-5)-(86-params)",classic_NN_6-6,40
46.0,46,346616,CartPole-v1,"CP-ppo-ac-NN(6,6)-(lr=1.0e-5)-(86-params)",classic_NN_6-6,40
31.0,31,346620,CartPole-v1,"CP-ppo-ac-NN(6,6)-(lr=1.0e-5)-(86-params)",classic_NN_6-6,40
18.0,18,346688,CartPole-v1,"CP-ppo-ac-NN(6,6)-(lr=1.0e-5)-(86-params)",classic_NN_6-6,40
32.0,32,346712,CartPole-v1,"CP-ppo-ac-NN(6,6)-(lr=1.0e-5)-(86-params)",classic_NN_6-6,40
29.0,29,346716,CartPole-v1,"CP-ppo-ac-NN(6,6)-(lr=1.0e-5)-(86-params)",classic_NN_6-6,40
19.0,19,346764,CartPole-v1,"CP-ppo-ac-NN(6,6)-(lr=1.0e-5)-(86-params)",classic_NN_6-6,40
47.0,47,346808,CartPole-v1,"CP-ppo-ac-NN(6,6)-(lr=1.0e-5)-(86-params)",classic_NN_6-6,40
14.0,14,346820,CartPole-v1,"CP-ppo-ac-NN(6,6)-(lr=1.0e-5)-(86-params)",classic_NN_6-6,40
30.0,30,346832,CartPole-v1,"CP-ppo-ac-NN(6,6)-(lr=1.0e-5)-(86-params)",classic_NN_6-6,40
15.0,15,346868,CartPole-v1,"CP-ppo-ac-NN(6,6)-(lr=1.0e-5)-(86-params)",classic_NN_6-6,40
16.0,16,346884,CartPole-v1,"CP-ppo-ac-NN(6,6)-(lr=1.0e-5)-(86-params)",classic_NN_6-6,40
26.0,26,346936,CartPole-v1,"CP-ppo-ac-NN(6,6)-(lr=1.0e-5)-(86-params)",classic_NN_6-6,40
20.0,20,346964,CartPole-v1,"CP-ppo-ac-NN(6,6)-(lr=1.0e-5)-(86-params)",classic_NN_6-6,40
73.0,73,347008,CartPole-v1,"CP-ppo-ac-NN(6,6)-(lr=1.0e-5)-(86-params)",classic_NN_6-6,40
51.0,51,347072,CartPole-v1,"CP-ppo-ac-NN(6,6)-(lr=1.0e-5)-(86-params)",classic_NN_6-6,40
32.0,32,347092,CartPole-v1,"CP-ppo-ac-NN(6,6)-(lr=1.0e-5)-(86-params)",classic_NN_6-6,40
42.0,42,347104,CartPole-v1,"CP-ppo-ac-NN(6,6)-(lr=1.0e-5)-(86-params)",classic_NN_6-6,40
13.0,13,347124,CartPole-v1,"CP-ppo-ac-NN(6,6)-(lr=1.0e-5)-(86-params)",classic_NN_6-6,40
17.0,17,347172,CartPole-v1,"CP-ppo-ac-NN(6,6)-(lr=1.0e-5)-(86-params)",classic_NN_6-6,40
45.0,45,347188,CartPole-v1,"CP-ppo-ac-NN(6,6)-(lr=1.0e-5)-(86-params)",classic_NN_6-6,40
14.0,14,347244,CartPole-v1,"CP-ppo-ac-NN(6,6)-(lr=1.0e-5)-(86-params)",classic_NN_6-6,40
44.0,44,347268,CartPole-v1,"CP-ppo-ac-NN(6,6)-(lr=1.0e-5)-(86-params)",classic_NN_6-6,40
37.0,37,347272,CartPole-v1,"CP-ppo-ac-NN(6,6)-(lr=1.0e-5)-(86-params)",classic_NN_6-6,40
15.0,15,347304,CartPole-v1,"CP-ppo-ac-NN(6,6)-(lr=1.0e-5)-(86-params)",classic_NN_6-6,40
34.0,34,347308,CartPole-v1,"CP-ppo-ac-NN(6,6)-(lr=1.0e-5)-(86-params)",classic_NN_6-6,40
24.0,24,347364,CartPole-v1,"CP-ppo-ac-NN(6,6)-(lr=1.0e-5)-(86-params)",classic_NN_6-6,40
18.0,18,347380,CartPole-v1,"CP-ppo-ac-NN(6,6)-(lr=1.0e-5)-(86-params)",classic_NN_6-6,40
32.0,32,347400,CartPole-v1,"CP-ppo-ac-NN(6,6)-(lr=1.0e-5)-(86-params)",classic_NN_6-6,40
37.0,37,347452,CartPole-v1,"CP-ppo-ac-NN(6,6)-(lr=1.0e-5)-(86-params)",classic_NN_6-6,40
19.0,19,347456,CartPole-v1,"CP-ppo-ac-NN(6,6)-(lr=1.0e-5)-(86-params)",classic_NN_6-6,40
29.0,29,347516,CartPole-v1,"CP-ppo-ac-NN(6,6)-(lr=1.0e-5)-(86-params)",classic_NN_6-6,40
39.0,39,347520,CartPole-v1,"CP-ppo-ac-NN(6,6)-(lr=1.0e-5)-(86-params)",classic_NN_6-6,40
19.0,19,347532,CartPole-v1,"CP-ppo-ac-NN(6,6)-(lr=1.0e-5)-(86-params)",classic_NN_6-6,40
36.0,36,347596,CartPole-v1,"CP-ppo-ac-NN(6,6)-(lr=1.0e-5)-(86-params)",classic_NN_6-6,40
21.0,21,347600,CartPole-v1,"CP-ppo-ac-NN(6,6)-(lr=1.0e-5)-(86-params)",classic_NN_6-6,40
25.0,25,347620,CartPole-v1,"CP-ppo-ac-NN(6,6)-(lr=1.0e-5)-(86-params)",classic_NN_6-6,40
24.0,24,347628,CartPole-v1,"CP-ppo-ac-NN(6,6)-(lr=1.0e-5)-(86-params)",classic_NN_6-6,40
20.0,20,347676,CartPole-v1,"CP-ppo-ac-NN(6,6)-(lr=1.0e-5)-(86-params)",classic_NN_6-6,40
22.0,22,347708,CartPole-v1,"CP-ppo-ac-NN(6,6)-(lr=1.0e-5)-(86-params)",classic_NN_6-6,40
38.0,38,347752,CartPole-v1,"CP-ppo-ac-NN(6,6)-(lr=1.0e-5)-(86-params)",classic_NN_6-6,40
33.0,33,347760,CartPole-v1,"CP-ppo-ac-NN(6,6)-(lr=1.0e-5)-(86-params)",classic_NN_6-6,40
27.0,27,347868,CartPole-v1,"CP-ppo-ac-NN(6,6)-(lr=1.0e-5)-(86-params)",classic_NN_6-6,40
54.0,54,347892,CartPole-v1,"CP-ppo-ac-NN(6,6)-(lr=1.0e-5)-(86-params)",classic_NN_6-6,40
17.0,17,347936,CartPole-v1,"CP-ppo-ac-NN(6,6)-(lr=1.0e-5)-(86-params)",classic_NN_6-6,40
18.0,18,348008,CartPole-v1,"CP-ppo-ac-NN(6,6)-(lr=1.0e-5)-(86-params)",classic_NN_6-6,40
31.0,31,348016,CartPole-v1,"CP-ppo-ac-NN(6,6)-(lr=1.0e-5)-(86-params)",classic_NN_6-6,40
97.0,97,348096,CartPole-v1,"CP-ppo-ac-NN(6,6)-(lr=1.0e-5)-(86-params)",classic_NN_6-6,40
24.0,24,348104,CartPole-v1,"CP-ppo-ac-NN(6,6)-(lr=1.0e-5)-(86-params)",classic_NN_6-6,40
33.0,33,348148,CartPole-v1,"CP-ppo-ac-NN(6,6)-(lr=1.0e-5)-(86-params)",classic_NN_6-6,40
11.0,11,348148,CartPole-v1,"CP-ppo-ac-NN(6,6)-(lr=1.0e-5)-(86-params)",classic_NN_6-6,40
106.0,106,348176,CartPole-v1,"CP-ppo-ac-NN(6,6)-(lr=1.0e-5)-(86-params)",classic_NN_6-6,40
9.0,9,348184,CartPole-v1,"CP-ppo-ac-NN(6,6)-(lr=1.0e-5)-(86-params)",classic_NN_6-6,40
49.0,49,348292,CartPole-v1,"CP-ppo-ac-NN(6,6)-(lr=1.0e-5)-(86-params)",classic_NN_6-6,40
27.0,27,348292,CartPole-v1,"CP-ppo-ac-NN(6,6)-(lr=1.0e-5)-(86-params)",classic_NN_6-6,40
38.0,38,348328,CartPole-v1,"CP-ppo-ac-NN(6,6)-(lr=1.0e-5)-(86-params)",classic_NN_6-6,40
13.0,13,348344,CartPole-v1,"CP-ppo-ac-NN(6,6)-(lr=1.0e-5)-(86-params)",classic_NN_6-6,40
15.0,15,348352,CartPole-v1,"CP-ppo-ac-NN(6,6)-(lr=1.0e-5)-(86-params)",classic_NN_6-6,40
23.0,23,348420,CartPole-v1,"CP-ppo-ac-NN(6,6)-(lr=1.0e-5)-(86-params)",classic_NN_6-6,40
76.0,76,348452,CartPole-v1,"CP-ppo-ac-NN(6,6)-(lr=1.0e-5)-(86-params)",classic_NN_6-6,40
32.0,32,348480,CartPole-v1,"CP-ppo-ac-NN(6,6)-(lr=1.0e-5)-(86-params)",classic_NN_6-6,40
22.0,22,348508,CartPole-v1,"CP-ppo-ac-NN(6,6)-(lr=1.0e-5)-(86-params)",classic_NN_6-6,40
15.0,15,348540,CartPole-v1,"CP-ppo-ac-NN(6,6)-(lr=1.0e-5)-(86-params)",classic_NN_6-6,40
25.0,25,348552,CartPole-v1,"CP-ppo-ac-NN(6,6)-(lr=1.0e-5)-(86-params)",classic_NN_6-6,40
20.0,20,348588,CartPole-v1,"CP-ppo-ac-NN(6,6)-(lr=1.0e-5)-(86-params)",classic_NN_6-6,40
26.0,26,348656,CartPole-v1,"CP-ppo-ac-NN(6,6)-(lr=1.0e-5)-(86-params)",classic_NN_6-6,40
21.0,21,348672,CartPole-v1,"CP-ppo-ac-NN(6,6)-(lr=1.0e-5)-(86-params)",classic_NN_6-6,40
97.0,97,348732,CartPole-v1,"CP-ppo-ac-NN(6,6)-(lr=1.0e-5)-(86-params)",classic_NN_6-6,40
21.0,21,348740,CartPole-v1,"CP-ppo-ac-NN(6,6)-(lr=1.0e-5)-(86-params)",classic_NN_6-6,40
69.0,69,348816,CartPole-v1,"CP-ppo-ac-NN(6,6)-(lr=1.0e-5)-(86-params)",classic_NN_6-6,40
46.0,46,348856,CartPole-v1,"CP-ppo-ac-NN(6,6)-(lr=1.0e-5)-(86-params)",classic_NN_6-6,40
35.0,35,348880,CartPole-v1,"CP-ppo-ac-NN(6,6)-(lr=1.0e-5)-(86-params)",classic_NN_6-6,40
47.0,47,348920,CartPole-v1,"CP-ppo-ac-NN(6,6)-(lr=1.0e-5)-(86-params)",classic_NN_6-6,40
38.0,38,348968,CartPole-v1,"CP-ppo-ac-NN(6,6)-(lr=1.0e-5)-(86-params)",classic_NN_6-6,40
26.0,26,349024,CartPole-v1,"CP-ppo-ac-NN(6,6)-(lr=1.0e-5)-(86-params)",classic_NN_6-6,40
41.0,41,349044,CartPole-v1,"CP-ppo-ac-NN(6,6)-(lr=1.0e-5)-(86-params)",classic_NN_6-6,40
61.0,61,349100,CartPole-v1,"CP-ppo-ac-NN(6,6)-(lr=1.0e-5)-(86-params)",classic_NN_6-6,40
34.0,34,349104,CartPole-v1,"CP-ppo-ac-NN(6,6)-(lr=1.0e-5)-(86-params)",classic_NN_6-6,40
23.0,23,349136,CartPole-v1,"CP-ppo-ac-NN(6,6)-(lr=1.0e-5)-(86-params)",classic_NN_6-6,40
22.0,22,349188,CartPole-v1,"CP-ppo-ac-NN(6,6)-(lr=1.0e-5)-(86-params)",classic_NN_6-6,40
20.0,20,349268,CartPole-v1,"CP-ppo-ac-NN(6,6)-(lr=1.0e-5)-(86-params)",classic_NN_6-6,40
62.0,62,349272,CartPole-v1,"CP-ppo-ac-NN(6,6)-(lr=1.0e-5)-(86-params)",classic_NN_6-6,40
49.0,49,349300,CartPole-v1,"CP-ppo-ac-NN(6,6)-(lr=1.0e-5)-(86-params)",classic_NN_6-6,40
24.0,24,349368,CartPole-v1,"CP-ppo-ac-NN(6,6)-(lr=1.0e-5)-(86-params)",classic_NN_6-6,40
27.0,27,349408,CartPole-v1,"CP-ppo-ac-NN(6,6)-(lr=1.0e-5)-(86-params)",classic_NN_6-6,40
57.0,57,349496,CartPole-v1,"CP-ppo-ac-NN(6,6)-(lr=1.0e-5)-(86-params)",classic_NN_6-6,40
22.0,22,349496,CartPole-v1,"CP-ppo-ac-NN(6,6)-(lr=1.0e-5)-(86-params)",classic_NN_6-6,40
92.0,92,349504,CartPole-v1,"CP-ppo-ac-NN(6,6)-(lr=1.0e-5)-(86-params)",classic_NN_6-6,40
34.0,34,349504,CartPole-v1,"CP-ppo-ac-NN(6,6)-(lr=1.0e-5)-(86-params)",classic_NN_6-6,40
20.0,20,349576,CartPole-v1,"CP-ppo-ac-NN(6,6)-(lr=1.0e-5)-(86-params)",classic_NN_6-6,40
24.0,24,349592,CartPole-v1,"CP-ppo-ac-NN(6,6)-(lr=1.0e-5)-(86-params)",classic_NN_6-6,40
29.0,29,349620,CartPole-v1,"CP-ppo-ac-NN(6,6)-(lr=1.0e-5)-(86-params)",classic_NN_6-6,40
34.0,34,349640,CartPole-v1,"CP-ppo-ac-NN(6,6)-(lr=1.0e-5)-(86-params)",classic_NN_6-6,40
16.0,16,349656,CartPole-v1,"CP-ppo-ac-NN(6,6)-(lr=1.0e-5)-(86-params)",classic_NN_6-6,40
21.0,21,349660,CartPole-v1,"CP-ppo-ac-NN(6,6)-(lr=1.0e-5)-(86-params)",classic_NN_6-6,40
30.0,30,349740,CartPole-v1,"CP-ppo-ac-NN(6,6)-(lr=1.0e-5)-(86-params)",classic_NN_6-6,40
27.0,27,349768,CartPole-v1,"CP-ppo-ac-NN(6,6)-(lr=1.0e-5)-(86-params)",classic_NN_6-6,40
34.0,34,349776,CartPole-v1,"CP-ppo-ac-NN(6,6)-(lr=1.0e-5)-(86-params)",classic_NN_6-6,40
16.0,16,349804,CartPole-v1,"CP-ppo-ac-NN(6,6)-(lr=1.0e-5)-(86-params)",classic_NN_6-6,40
38.0,38,349808,CartPole-v1,"CP-ppo-ac-NN(6,6)-(lr=1.0e-5)-(86-params)",classic_NN_6-6,40
18.0,18,349840,CartPole-v1,"CP-ppo-ac-NN(6,6)-(lr=1.0e-5)-(86-params)",classic_NN_6-6,40
32.0,32,349904,CartPole-v1,"CP-ppo-ac-NN(6,6)-(lr=1.0e-5)-(86-params)",classic_NN_6-6,40
28.0,28,349920,CartPole-v1,"CP-ppo-ac-NN(6,6)-(lr=1.0e-5)-(86-params)",classic_NN_6-6,40
32.0,32,349932,CartPole-v1,"CP-ppo-ac-NN(6,6)-(lr=1.0e-5)-(86-params)",classic_NN_6-6,40
26.0,26,349944,CartPole-v1,"CP-ppo-ac-NN(6,6)-(lr=1.0e-5)-(86-params)",classic_NN_6-6,40
28.0,28,350016,CartPole-v1,"CP-ppo-ac-NN(6,6)-(lr=1.0e-5)-(86-params)",classic_NN_6-6,40
22.0,22,350020,CartPole-v1,"CP-ppo-ac-NN(6,6)-(lr=1.0e-5)-(86-params)",classic_NN_6-6,40
22.0,22,350032,CartPole-v1,"CP-ppo-ac-NN(6,6)-(lr=1.0e-5)-(86-params)",classic_NN_6-6,40
12.0,12,350064,CartPole-v1,"CP-ppo-ac-NN(6,6)-(lr=1.0e-5)-(86-params)",classic_NN_6-6,40
12.0,12,350068,CartPole-v1,"CP-ppo-ac-NN(6,6)-(lr=1.0e-5)-(86-params)",classic_NN_6-6,40
15.0,15,350092,CartPole-v1,"CP-ppo-ac-NN(6,6)-(lr=1.0e-5)-(86-params)",classic_NN_6-6,40
43.0,43,350092,CartPole-v1,"CP-ppo-ac-NN(6,6)-(lr=1.0e-5)-(86-params)",classic_NN_6-6,40
12.0,12,350140,CartPole-v1,"CP-ppo-ac-NN(6,6)-(lr=1.0e-5)-(86-params)",classic_NN_6-6,40
34.0,34,350204,CartPole-v1,"CP-ppo-ac-NN(6,6)-(lr=1.0e-5)-(86-params)",classic_NN_6-6,40
39.0,39,350248,CartPole-v1,"CP-ppo-ac-NN(6,6)-(lr=1.0e-5)-(86-params)",classic_NN_6-6,40
51.0,51,350268,CartPole-v1,"CP-ppo-ac-NN(6,6)-(lr=1.0e-5)-(86-params)",classic_NN_6-6,40
18.0,18,350276,CartPole-v1,"CP-ppo-ac-NN(6,6)-(lr=1.0e-5)-(86-params)",classic_NN_6-6,40
39.0,39,350296,CartPole-v1,"CP-ppo-ac-NN(6,6)-(lr=1.0e-5)-(86-params)",classic_NN_6-6,40
14.0,14,350332,CartPole-v1,"CP-ppo-ac-NN(6,6)-(lr=1.0e-5)-(86-params)",classic_NN_6-6,40
12.0,12,350344,CartPole-v1,"CP-ppo-ac-NN(6,6)-(lr=1.0e-5)-(86-params)",classic_NN_6-6,40
28.0,28,350360,CartPole-v1,"CP-ppo-ac-NN(6,6)-(lr=1.0e-5)-(86-params)",classic_NN_6-6,40
10.0,10,350384,CartPole-v1,"CP-ppo-ac-NN(6,6)-(lr=1.0e-5)-(86-params)",classic_NN_6-6,40
34.0,34,350404,CartPole-v1,"CP-ppo-ac-NN(6,6)-(lr=1.0e-5)-(86-params)",classic_NN_6-6,40
23.0,23,350424,CartPole-v1,"CP-ppo-ac-NN(6,6)-(lr=1.0e-5)-(86-params)",classic_NN_6-6,40
20.0,20,350484,CartPole-v1,"CP-ppo-ac-NN(6,6)-(lr=1.0e-5)-(86-params)",classic_NN_6-6,40
28.0,28,350496,CartPole-v1,"CP-ppo-ac-NN(6,6)-(lr=1.0e-5)-(86-params)",classic_NN_6-6,40
34.0,34,350560,CartPole-v1,"CP-ppo-ac-NN(6,6)-(lr=1.0e-5)-(86-params)",classic_NN_6-6,40
30.0,30,350604,CartPole-v1,"CP-ppo-ac-NN(6,6)-(lr=1.0e-5)-(86-params)",classic_NN_6-6,40
77.0,77,350668,CartPole-v1,"CP-ppo-ac-NN(6,6)-(lr=1.0e-5)-(86-params)",classic_NN_6-6,40
27.0,27,350712,CartPole-v1,"CP-ppo-ac-NN(6,6)-(lr=1.0e-5)-(86-params)",classic_NN_6-6,40
42.0,42,350728,CartPole-v1,"CP-ppo-ac-NN(6,6)-(lr=1.0e-5)-(86-params)",classic_NN_6-6,40
29.0,29,350784,CartPole-v1,"CP-ppo-ac-NN(6,6)-(lr=1.0e-5)-(86-params)",classic_NN_6-6,40
22.0,22,350816,CartPole-v1,"CP-ppo-ac-NN(6,6)-(lr=1.0e-5)-(86-params)",classic_NN_6-6,40
13.0,13,350836,CartPole-v1,"CP-ppo-ac-NN(6,6)-(lr=1.0e-5)-(86-params)",classic_NN_6-6,40
41.0,41,350876,CartPole-v1,"CP-ppo-ac-NN(6,6)-(lr=1.0e-5)-(86-params)",classic_NN_6-6,40
105.0,105,350916,CartPole-v1,"CP-ppo-ac-NN(6,6)-(lr=1.0e-5)-(86-params)",classic_NN_6-6,40
27.0,27,350944,CartPole-v1,"CP-ppo-ac-NN(6,6)-(lr=1.0e-5)-(86-params)",classic_NN_6-6,40
19.0,19,350952,CartPole-v1,"CP-ppo-ac-NN(6,6)-(lr=1.0e-5)-(86-params)",classic_NN_6-6,40
11.0,11,350988,CartPole-v1,"CP-ppo-ac-NN(6,6)-(lr=1.0e-5)-(86-params)",classic_NN_6-6,40
56.0,56,351040,CartPole-v1,"CP-ppo-ac-NN(6,6)-(lr=1.0e-5)-(86-params)",classic_NN_6-6,40
19.0,19,351116,CartPole-v1,"CP-ppo-ac-NN(6,6)-(lr=1.0e-5)-(86-params)",classic_NN_6-6,40
32.0,32,351116,CartPole-v1,"CP-ppo-ac-NN(6,6)-(lr=1.0e-5)-(86-params)",classic_NN_6-6,40
48.0,48,351144,CartPole-v1,"CP-ppo-ac-NN(6,6)-(lr=1.0e-5)-(86-params)",classic_NN_6-6,40
68.0,68,351188,CartPole-v1,"CP-ppo-ac-NN(6,6)-(lr=1.0e-5)-(86-params)",classic_NN_6-6,40
26.0,26,351220,CartPole-v1,"CP-ppo-ac-NN(6,6)-(lr=1.0e-5)-(86-params)",classic_NN_6-6,40
20.0,20,351224,CartPole-v1,"CP-ppo-ac-NN(6,6)-(lr=1.0e-5)-(86-params)",classic_NN_6-6,40
32.0,32,351244,CartPole-v1,"CP-ppo-ac-NN(6,6)-(lr=1.0e-5)-(86-params)",classic_NN_6-6,40
27.0,27,351296,CartPole-v1,"CP-ppo-ac-NN(6,6)-(lr=1.0e-5)-(86-params)",classic_NN_6-6,40
23.0,23,351316,CartPole-v1,"CP-ppo-ac-NN(6,6)-(lr=1.0e-5)-(86-params)",classic_NN_6-6,40
33.0,33,351352,CartPole-v1,"CP-ppo-ac-NN(6,6)-(lr=1.0e-5)-(86-params)",classic_NN_6-6,40
13.0,13,351368,CartPole-v1,"CP-ppo-ac-NN(6,6)-(lr=1.0e-5)-(86-params)",classic_NN_6-6,40
19.0,19,351372,CartPole-v1,"CP-ppo-ac-NN(6,6)-(lr=1.0e-5)-(86-params)",classic_NN_6-6,40
15.0,15,351412,CartPole-v1,"CP-ppo-ac-NN(6,6)-(lr=1.0e-5)-(86-params)",classic_NN_6-6,40
14.0,14,351424,CartPole-v1,"CP-ppo-ac-NN(6,6)-(lr=1.0e-5)-(86-params)",classic_NN_6-6,40
48.0,48,351436,CartPole-v1,"CP-ppo-ac-NN(6,6)-(lr=1.0e-5)-(86-params)",classic_NN_6-6,40
31.0,31,351496,CartPole-v1,"CP-ppo-ac-NN(6,6)-(lr=1.0e-5)-(86-params)",classic_NN_6-6,40
22.0,22,351512,CartPole-v1,"CP-ppo-ac-NN(6,6)-(lr=1.0e-5)-(86-params)",classic_NN_6-6,40
23.0,23,351528,CartPole-v1,"CP-ppo-ac-NN(6,6)-(lr=1.0e-5)-(86-params)",classic_NN_6-6,40
12.0,12,351560,CartPole-v1,"CP-ppo-ac-NN(6,6)-(lr=1.0e-5)-(86-params)",classic_NN_6-6,40
18.0,18,351568,CartPole-v1,"CP-ppo-ac-NN(6,6)-(lr=1.0e-5)-(86-params)",classic_NN_6-6,40
41.0,41,351576,CartPole-v1,"CP-ppo-ac-NN(6,6)-(lr=1.0e-5)-(86-params)",classic_NN_6-6,40
16.0,16,351632,CartPole-v1,"CP-ppo-ac-NN(6,6)-(lr=1.0e-5)-(86-params)",classic_NN_6-6,40
18.0,18,351632,CartPole-v1,"CP-ppo-ac-NN(6,6)-(lr=1.0e-5)-(86-params)",classic_NN_6-6,40
26.0,26,351680,CartPole-v1,"CP-ppo-ac-NN(6,6)-(lr=1.0e-5)-(86-params)",classic_NN_6-6,40
21.0,21,351716,CartPole-v1,"CP-ppo-ac-NN(6,6)-(lr=1.0e-5)-(86-params)",classic_NN_6-6,40
41.0,41,351796,CartPole-v1,"CP-ppo-ac-NN(6,6)-(lr=1.0e-5)-(86-params)",classic_NN_6-6,40
74.0,74,351824,CartPole-v1,"CP-ppo-ac-NN(6,6)-(lr=1.0e-5)-(86-params)",classic_NN_6-6,40
23.0,23,351888,CartPole-v1,"CP-ppo-ac-NN(6,6)-(lr=1.0e-5)-(86-params)",classic_NN_6-6,40
48.0,48,351908,CartPole-v1,"CP-ppo-ac-NN(6,6)-(lr=1.0e-5)-(86-params)",classic_NN_6-6,40
78.0,78,351992,CartPole-v1,"CP-ppo-ac-NN(6,6)-(lr=1.0e-5)-(86-params)",classic_NN_6-6,40
37.0,37,352036,CartPole-v1,"CP-ppo-ac-NN(6,6)-(lr=1.0e-5)-(86-params)",classic_NN_6-6,40
12.0,12,352040,CartPole-v1,"CP-ppo-ac-NN(6,6)-(lr=1.0e-5)-(86-params)",classic_NN_6-6,40
54.0,54,352040,CartPole-v1,"CP-ppo-ac-NN(6,6)-(lr=1.0e-5)-(86-params)",classic_NN_6-6,40
12.0,12,352084,CartPole-v1,"CP-ppo-ac-NN(6,6)-(lr=1.0e-5)-(86-params)",classic_NN_6-6,40
13.0,13,352092,CartPole-v1,"CP-ppo-ac-NN(6,6)-(lr=1.0e-5)-(86-params)",classic_NN_6-6,40
15.0,15,352100,CartPole-v1,"CP-ppo-ac-NN(6,6)-(lr=1.0e-5)-(86-params)",classic_NN_6-6,40
54.0,54,352124,CartPole-v1,"CP-ppo-ac-NN(6,6)-(lr=1.0e-5)-(86-params)",classic_NN_6-6,40
12.0,12,352132,CartPole-v1,"CP-ppo-ac-NN(6,6)-(lr=1.0e-5)-(86-params)",classic_NN_6-6,40
21.0,21,352216,CartPole-v1,"CP-ppo-ac-NN(6,6)-(lr=1.0e-5)-(86-params)",classic_NN_6-6,40
43.0,43,352296,CartPole-v1,"CP-ppo-ac-NN(6,6)-(lr=1.0e-5)-(86-params)",classic_NN_6-6,40
62.0,62,352340,CartPole-v1,"CP-ppo-ac-NN(6,6)-(lr=1.0e-5)-(86-params)",classic_NN_6-6,40
69.0,69,352376,CartPole-v1,"CP-ppo-ac-NN(6,6)-(lr=1.0e-5)-(86-params)",classic_NN_6-6,40
42.0,42,352384,CartPole-v1,"CP-ppo-ac-NN(6,6)-(lr=1.0e-5)-(86-params)",classic_NN_6-6,40
56.0,56,352520,CartPole-v1,"CP-ppo-ac-NN(6,6)-(lr=1.0e-5)-(86-params)",classic_NN_6-6,40
38.0,38,352536,CartPole-v1,"CP-ppo-ac-NN(6,6)-(lr=1.0e-5)-(86-params)",classic_NN_6-6,40
51.0,51,352544,CartPole-v1,"CP-ppo-ac-NN(6,6)-(lr=1.0e-5)-(86-params)",classic_NN_6-6,40
50.0,50,352576,CartPole-v1,"CP-ppo-ac-NN(6,6)-(lr=1.0e-5)-(86-params)",classic_NN_6-6,40
14.0,14,352592,CartPole-v1,"CP-ppo-ac-NN(6,6)-(lr=1.0e-5)-(86-params)",classic_NN_6-6,40
30.0,30,352664,CartPole-v1,"CP-ppo-ac-NN(6,6)-(lr=1.0e-5)-(86-params)",classic_NN_6-6,40
46.0,46,352704,CartPole-v1,"CP-ppo-ac-NN(6,6)-(lr=1.0e-5)-(86-params)",classic_NN_6-6,40
15.0,15,352724,CartPole-v1,"CP-ppo-ac-NN(6,6)-(lr=1.0e-5)-(86-params)",classic_NN_6-6,40
51.0,51,352796,CartPole-v1,"CP-ppo-ac-NN(6,6)-(lr=1.0e-5)-(86-params)",classic_NN_6-6,40
66.0,66,352840,CartPole-v1,"CP-ppo-ac-NN(6,6)-(lr=1.0e-5)-(86-params)",classic_NN_6-6,40
40.0,40,352864,CartPole-v1,"CP-ppo-ac-NN(6,6)-(lr=1.0e-5)-(86-params)",classic_NN_6-6,40
13.0,13,352892,CartPole-v1,"CP-ppo-ac-NN(6,6)-(lr=1.0e-5)-(86-params)",classic_NN_6-6,40
51.0,51,352928,CartPole-v1,"CP-ppo-ac-NN(6,6)-(lr=1.0e-5)-(86-params)",classic_NN_6-6,40
39.0,39,352952,CartPole-v1,"CP-ppo-ac-NN(6,6)-(lr=1.0e-5)-(86-params)",classic_NN_6-6,40
22.0,22,352952,CartPole-v1,"CP-ppo-ac-NN(6,6)-(lr=1.0e-5)-(86-params)",classic_NN_6-6,40
22.0,22,352980,CartPole-v1,"CP-ppo-ac-NN(6,6)-(lr=1.0e-5)-(86-params)",classic_NN_6-6,40
11.0,11,352996,CartPole-v1,"CP-ppo-ac-NN(6,6)-(lr=1.0e-5)-(86-params)",classic_NN_6-6,40
21.0,21,353036,CartPole-v1,"CP-ppo-ac-NN(6,6)-(lr=1.0e-5)-(86-params)",classic_NN_6-6,40
39.0,39,353084,CartPole-v1,"CP-ppo-ac-NN(6,6)-(lr=1.0e-5)-(86-params)",classic_NN_6-6,40
26.0,26,353084,CartPole-v1,"CP-ppo-ac-NN(6,6)-(lr=1.0e-5)-(86-params)",classic_NN_6-6,40
28.0,28,353108,CartPole-v1,"CP-ppo-ac-NN(6,6)-(lr=1.0e-5)-(86-params)",classic_NN_6-6,40
15.0,15,353144,CartPole-v1,"CP-ppo-ac-NN(6,6)-(lr=1.0e-5)-(86-params)",classic_NN_6-6,40
30.0,30,353228,CartPole-v1,"CP-ppo-ac-NN(6,6)-(lr=1.0e-5)-(86-params)",classic_NN_6-6,40
56.0,56,353260,CartPole-v1,"CP-ppo-ac-NN(6,6)-(lr=1.0e-5)-(86-params)",classic_NN_6-6,40
33.0,33,353276,CartPole-v1,"CP-ppo-ac-NN(6,6)-(lr=1.0e-5)-(86-params)",classic_NN_6-6,40
54.0,54,353300,CartPole-v1,"CP-ppo-ac-NN(6,6)-(lr=1.0e-5)-(86-params)",classic_NN_6-6,40
18.0,18,353348,CartPole-v1,"CP-ppo-ac-NN(6,6)-(lr=1.0e-5)-(86-params)",classic_NN_6-6,40
30.0,30,353420,CartPole-v1,"CP-ppo-ac-NN(6,6)-(lr=1.0e-5)-(86-params)",classic_NN_6-6,40
55.0,55,353448,CartPole-v1,"CP-ppo-ac-NN(6,6)-(lr=1.0e-5)-(86-params)",classic_NN_6-6,40
28.0,28,353460,CartPole-v1,"CP-ppo-ac-NN(6,6)-(lr=1.0e-5)-(86-params)",classic_NN_6-6,40
51.0,51,353464,CartPole-v1,"CP-ppo-ac-NN(6,6)-(lr=1.0e-5)-(86-params)",classic_NN_6-6,40
21.0,21,353504,CartPole-v1,"CP-ppo-ac-NN(6,6)-(lr=1.0e-5)-(86-params)",classic_NN_6-6,40
22.0,22,353536,CartPole-v1,"CP-ppo-ac-NN(6,6)-(lr=1.0e-5)-(86-params)",classic_NN_6-6,40
22.0,22,353548,CartPole-v1,"CP-ppo-ac-NN(6,6)-(lr=1.0e-5)-(86-params)",classic_NN_6-6,40
17.0,17,353572,CartPole-v1,"CP-ppo-ac-NN(6,6)-(lr=1.0e-5)-(86-params)",classic_NN_6-6,40
46.0,46,353648,CartPole-v1,"CP-ppo-ac-NN(6,6)-(lr=1.0e-5)-(86-params)",classic_NN_6-6,40
25.0,25,353648,CartPole-v1,"CP-ppo-ac-NN(6,6)-(lr=1.0e-5)-(86-params)",classic_NN_6-6,40
28.0,28,353648,CartPole-v1,"CP-ppo-ac-NN(6,6)-(lr=1.0e-5)-(86-params)",classic_NN_6-6,40
30.0,30,353692,CartPole-v1,"CP-ppo-ac-NN(6,6)-(lr=1.0e-5)-(86-params)",classic_NN_6-6,40
22.0,22,353736,CartPole-v1,"CP-ppo-ac-NN(6,6)-(lr=1.0e-5)-(86-params)",classic_NN_6-6,40
18.0,18,353764,CartPole-v1,"CP-ppo-ac-NN(6,6)-(lr=1.0e-5)-(86-params)",classic_NN_6-6,40
36.0,36,353792,CartPole-v1,"CP-ppo-ac-NN(6,6)-(lr=1.0e-5)-(86-params)",classic_NN_6-6,40
19.0,19,353812,CartPole-v1,"CP-ppo-ac-NN(6,6)-(lr=1.0e-5)-(86-params)",classic_NN_6-6,40
12.0,12,353860,CartPole-v1,"CP-ppo-ac-NN(6,6)-(lr=1.0e-5)-(86-params)",classic_NN_6-6,40
60.0,60,353888,CartPole-v1,"CP-ppo-ac-NN(6,6)-(lr=1.0e-5)-(86-params)",classic_NN_6-6,40
11.0,11,353904,CartPole-v1,"CP-ppo-ac-NN(6,6)-(lr=1.0e-5)-(86-params)",classic_NN_6-6,40
38.0,38,353916,CartPole-v1,"CP-ppo-ac-NN(6,6)-(lr=1.0e-5)-(86-params)",classic_NN_6-6,40
16.0,16,353952,CartPole-v1,"CP-ppo-ac-NN(6,6)-(lr=1.0e-5)-(86-params)",classic_NN_6-6,40
13.0,13,353968,CartPole-v1,"CP-ppo-ac-NN(6,6)-(lr=1.0e-5)-(86-params)",classic_NN_6-6,40
50.0,50,353992,CartPole-v1,"CP-ppo-ac-NN(6,6)-(lr=1.0e-5)-(86-params)",classic_NN_6-6,40
25.0,25,354052,CartPole-v1,"CP-ppo-ac-NN(6,6)-(lr=1.0e-5)-(86-params)",classic_NN_6-6,40
48.0,48,354096,CartPole-v1,"CP-ppo-ac-NN(6,6)-(lr=1.0e-5)-(86-params)",classic_NN_6-6,40
34.0,34,354104,CartPole-v1,"CP-ppo-ac-NN(6,6)-(lr=1.0e-5)-(86-params)",classic_NN_6-6,40
45.0,45,354172,CartPole-v1,"CP-ppo-ac-NN(6,6)-(lr=1.0e-5)-(86-params)",classic_NN_6-6,40
23.0,23,354196,CartPole-v1,"CP-ppo-ac-NN(6,6)-(lr=1.0e-5)-(86-params)",classic_NN_6-6,40
42.0,42,354220,CartPole-v1,"CP-ppo-ac-NN(6,6)-(lr=1.0e-5)-(86-params)",classic_NN_6-6,40
39.0,39,354252,CartPole-v1,"CP-ppo-ac-NN(6,6)-(lr=1.0e-5)-(86-params)",classic_NN_6-6,40
17.0,17,354288,CartPole-v1,"CP-ppo-ac-NN(6,6)-(lr=1.0e-5)-(86-params)",classic_NN_6-6,40
44.0,44,354348,CartPole-v1,"CP-ppo-ac-NN(6,6)-(lr=1.0e-5)-(86-params)",classic_NN_6-6,40
38.0,38,354348,CartPole-v1,"CP-ppo-ac-NN(6,6)-(lr=1.0e-5)-(86-params)",classic_NN_6-6,40
36.0,36,354396,CartPole-v1,"CP-ppo-ac-NN(6,6)-(lr=1.0e-5)-(86-params)",classic_NN_6-6,40
25.0,25,354448,CartPole-v1,"CP-ppo-ac-NN(6,6)-(lr=1.0e-5)-(86-params)",classic_NN_6-6,40
43.0,43,354460,CartPole-v1,"CP-ppo-ac-NN(6,6)-(lr=1.0e-5)-(86-params)",classic_NN_6-6,40
35.0,35,354488,CartPole-v1,"CP-ppo-ac-NN(6,6)-(lr=1.0e-5)-(86-params)",classic_NN_6-6,40
29.0,29,354564,CartPole-v1,"CP-ppo-ac-NN(6,6)-(lr=1.0e-5)-(86-params)",classic_NN_6-6,40
37.0,37,354636,CartPole-v1,"CP-ppo-ac-NN(6,6)-(lr=1.0e-5)-(86-params)",classic_NN_6-6,40
61.0,61,354640,CartPole-v1,"CP-ppo-ac-NN(6,6)-(lr=1.0e-5)-(86-params)",classic_NN_6-6,40
19.0,19,354712,CartPole-v1,"CP-ppo-ac-NN(6,6)-(lr=1.0e-5)-(86-params)",classic_NN_6-6,40
71.0,71,354744,CartPole-v1,"CP-ppo-ac-NN(6,6)-(lr=1.0e-5)-(86-params)",classic_NN_6-6,40
16.0,16,354776,CartPole-v1,"CP-ppo-ac-NN(6,6)-(lr=1.0e-5)-(86-params)",classic_NN_6-6,40
22.0,22,354832,CartPole-v1,"CP-ppo-ac-NN(6,6)-(lr=1.0e-5)-(86-params)",classic_NN_6-6,40
70.0,70,354844,CartPole-v1,"CP-ppo-ac-NN(6,6)-(lr=1.0e-5)-(86-params)",classic_NN_6-6,40
54.0,54,354856,CartPole-v1,"CP-ppo-ac-NN(6,6)-(lr=1.0e-5)-(86-params)",classic_NN_6-6,40
40.0,40,354936,CartPole-v1,"CP-ppo-ac-NN(6,6)-(lr=1.0e-5)-(86-params)",classic_NN_6-6,40
33.0,33,354964,CartPole-v1,"CP-ppo-ac-NN(6,6)-(lr=1.0e-5)-(86-params)",classic_NN_6-6,40
18.0,18,355008,CartPole-v1,"CP-ppo-ac-NN(6,6)-(lr=1.0e-5)-(86-params)",classic_NN_6-6,40
44.0,44,355032,CartPole-v1,"CP-ppo-ac-NN(6,6)-(lr=1.0e-5)-(86-params)",classic_NN_6-6,40
37.0,37,355156,CartPole-v1,"CP-ppo-ac-NN(6,6)-(lr=1.0e-5)-(86-params)",classic_NN_6-6,40
58.0,58,355196,CartPole-v1,"CP-ppo-ac-NN(6,6)-(lr=1.0e-5)-(86-params)",classic_NN_6-6,40
98.0,98,355236,CartPole-v1,"CP-ppo-ac-NN(6,6)-(lr=1.0e-5)-(86-params)",classic_NN_6-6,40
27.0,27,355264,CartPole-v1,"CP-ppo-ac-NN(6,6)-(lr=1.0e-5)-(86-params)",classic_NN_6-6,40
21.0,21,355280,CartPole-v1,"CP-ppo-ac-NN(6,6)-(lr=1.0e-5)-(86-params)",classic_NN_6-6,40
79.0,79,355348,CartPole-v1,"CP-ppo-ac-NN(6,6)-(lr=1.0e-5)-(86-params)",classic_NN_6-6,40
19.0,19,355356,CartPole-v1,"CP-ppo-ac-NN(6,6)-(lr=1.0e-5)-(86-params)",classic_NN_6-6,40
31.0,31,355388,CartPole-v1,"CP-ppo-ac-NN(6,6)-(lr=1.0e-5)-(86-params)",classic_NN_6-6,40
60.0,60,355476,CartPole-v1,"CP-ppo-ac-NN(6,6)-(lr=1.0e-5)-(86-params)",classic_NN_6-6,40
38.0,38,355500,CartPole-v1,"CP-ppo-ac-NN(6,6)-(lr=1.0e-5)-(86-params)",classic_NN_6-6,40
46.0,46,355540,CartPole-v1,"CP-ppo-ac-NN(6,6)-(lr=1.0e-5)-(86-params)",classic_NN_6-6,40
30.0,30,355596,CartPole-v1,"CP-ppo-ac-NN(6,6)-(lr=1.0e-5)-(86-params)",classic_NN_6-6,40
57.0,57,355616,CartPole-v1,"CP-ppo-ac-NN(6,6)-(lr=1.0e-5)-(86-params)",classic_NN_6-6,40
20.0,20,355620,CartPole-v1,"CP-ppo-ac-NN(6,6)-(lr=1.0e-5)-(86-params)",classic_NN_6-6,40
32.0,32,355628,CartPole-v1,"CP-ppo-ac-NN(6,6)-(lr=1.0e-5)-(86-params)",classic_NN_6-6,40
24.0,24,355712,CartPole-v1,"CP-ppo-ac-NN(6,6)-(lr=1.0e-5)-(86-params)",classic_NN_6-6,40
23.0,23,355720,CartPole-v1,"CP-ppo-ac-NN(6,6)-(lr=1.0e-5)-(86-params)",classic_NN_6-6,40
21.0,21,355804,CartPole-v1,"CP-ppo-ac-NN(6,6)-(lr=1.0e-5)-(86-params)",classic_NN_6-6,40
50.0,50,355820,CartPole-v1,"CP-ppo-ac-NN(6,6)-(lr=1.0e-5)-(86-params)",classic_NN_6-6,40
60.0,60,355836,CartPole-v1,"CP-ppo-ac-NN(6,6)-(lr=1.0e-5)-(86-params)",classic_NN_6-6,40
41.0,41,355876,CartPole-v1,"CP-ppo-ac-NN(6,6)-(lr=1.0e-5)-(86-params)",classic_NN_6-6,40
17.0,17,355904,CartPole-v1,"CP-ppo-ac-NN(6,6)-(lr=1.0e-5)-(86-params)",classic_NN_6-6,40
41.0,41,355984,CartPole-v1,"CP-ppo-ac-NN(6,6)-(lr=1.0e-5)-(86-params)",classic_NN_6-6,40
51.0,51,356008,CartPole-v1,"CP-ppo-ac-NN(6,6)-(lr=1.0e-5)-(86-params)",classic_NN_6-6,40
39.0,39,356060,CartPole-v1,"CP-ppo-ac-NN(6,6)-(lr=1.0e-5)-(86-params)",classic_NN_6-6,40
46.0,46,356060,CartPole-v1,"CP-ppo-ac-NN(6,6)-(lr=1.0e-5)-(86-params)",classic_NN_6-6,40
23.0,23,356100,CartPole-v1,"CP-ppo-ac-NN(6,6)-(lr=1.0e-5)-(86-params)",classic_NN_6-6,40
11.0,11,356104,CartPole-v1,"CP-ppo-ac-NN(6,6)-(lr=1.0e-5)-(86-params)",classic_NN_6-6,40
18.0,18,356132,CartPole-v1,"CP-ppo-ac-NN(6,6)-(lr=1.0e-5)-(86-params)",classic_NN_6-6,40
18.0,18,356172,CartPole-v1,"CP-ppo-ac-NN(6,6)-(lr=1.0e-5)-(86-params)",classic_NN_6-6,40
68.0,68,356256,CartPole-v1,"CP-ppo-ac-NN(6,6)-(lr=1.0e-5)-(86-params)",classic_NN_6-6,40
33.0,33,356304,CartPole-v1,"CP-ppo-ac-NN(6,6)-(lr=1.0e-5)-(86-params)",classic_NN_6-6,40
60.0,60,356344,CartPole-v1,"CP-ppo-ac-NN(6,6)-(lr=1.0e-5)-(86-params)",classic_NN_6-6,40
32.0,32,356384,CartPole-v1,"CP-ppo-ac-NN(6,6)-(lr=1.0e-5)-(86-params)",classic_NN_6-6,40
68.0,68,356404,CartPole-v1,"CP-ppo-ac-NN(6,6)-(lr=1.0e-5)-(86-params)",classic_NN_6-6,40
17.0,17,356452,CartPole-v1,"CP-ppo-ac-NN(6,6)-(lr=1.0e-5)-(86-params)",classic_NN_6-6,40
37.0,37,356452,CartPole-v1,"CP-ppo-ac-NN(6,6)-(lr=1.0e-5)-(86-params)",classic_NN_6-6,40
40.0,40,356504,CartPole-v1,"CP-ppo-ac-NN(6,6)-(lr=1.0e-5)-(86-params)",classic_NN_6-6,40
27.0,27,356512,CartPole-v1,"CP-ppo-ac-NN(6,6)-(lr=1.0e-5)-(86-params)",classic_NN_6-6,40
30.0,30,356572,CartPole-v1,"CP-ppo-ac-NN(6,6)-(lr=1.0e-5)-(86-params)",classic_NN_6-6,40
13.0,13,356624,CartPole-v1,"CP-ppo-ac-NN(6,6)-(lr=1.0e-5)-(86-params)",classic_NN_6-6,40
36.0,36,356656,CartPole-v1,"CP-ppo-ac-NN(6,6)-(lr=1.0e-5)-(86-params)",classic_NN_6-6,40
47.0,47,356692,CartPole-v1,"CP-ppo-ac-NN(6,6)-(lr=1.0e-5)-(86-params)",classic_NN_6-6,40
60.0,60,356692,CartPole-v1,"CP-ppo-ac-NN(6,6)-(lr=1.0e-5)-(86-params)",classic_NN_6-6,40
30.0,30,356744,CartPole-v1,"CP-ppo-ac-NN(6,6)-(lr=1.0e-5)-(86-params)",classic_NN_6-6,40
18.0,18,356764,CartPole-v1,"CP-ppo-ac-NN(6,6)-(lr=1.0e-5)-(86-params)",classic_NN_6-6,40
30.0,30,356812,CartPole-v1,"CP-ppo-ac-NN(6,6)-(lr=1.0e-5)-(86-params)",classic_NN_6-6,40
12.0,12,356860,CartPole-v1,"CP-ppo-ac-NN(6,6)-(lr=1.0e-5)-(86-params)",classic_NN_6-6,40
32.0,32,356892,CartPole-v1,"CP-ppo-ac-NN(6,6)-(lr=1.0e-5)-(86-params)",classic_NN_6-6,40
11.0,11,356936,CartPole-v1,"CP-ppo-ac-NN(6,6)-(lr=1.0e-5)-(86-params)",classic_NN_6-6,40
54.0,54,356960,CartPole-v1,"CP-ppo-ac-NN(6,6)-(lr=1.0e-5)-(86-params)",classic_NN_6-6,40
81.0,81,356980,CartPole-v1,"CP-ppo-ac-NN(6,6)-(lr=1.0e-5)-(86-params)",classic_NN_6-6,40
33.0,33,356992,CartPole-v1,"CP-ppo-ac-NN(6,6)-(lr=1.0e-5)-(86-params)",classic_NN_6-6,40
32.0,32,357064,CartPole-v1,"CP-ppo-ac-NN(6,6)-(lr=1.0e-5)-(86-params)",classic_NN_6-6,40
21.0,21,357064,CartPole-v1,"CP-ppo-ac-NN(6,6)-(lr=1.0e-5)-(86-params)",classic_NN_6-6,40
35.0,35,357100,CartPole-v1,"CP-ppo-ac-NN(6,6)-(lr=1.0e-5)-(86-params)",classic_NN_6-6,40
31.0,31,357188,CartPole-v1,"CP-ppo-ac-NN(6,6)-(lr=1.0e-5)-(86-params)",classic_NN_6-6,40
52.0,52,357200,CartPole-v1,"CP-ppo-ac-NN(6,6)-(lr=1.0e-5)-(86-params)",classic_NN_6-6,40
30.0,30,357220,CartPole-v1,"CP-ppo-ac-NN(6,6)-(lr=1.0e-5)-(86-params)",classic_NN_6-6,40
44.0,44,357240,CartPole-v1,"CP-ppo-ac-NN(6,6)-(lr=1.0e-5)-(86-params)",classic_NN_6-6,40
18.0,18,357260,CartPole-v1,"CP-ppo-ac-NN(6,6)-(lr=1.0e-5)-(86-params)",classic_NN_6-6,40
29.0,29,357316,CartPole-v1,"CP-ppo-ac-NN(6,6)-(lr=1.0e-5)-(86-params)",classic_NN_6-6,40
21.0,21,357344,CartPole-v1,"CP-ppo-ac-NN(6,6)-(lr=1.0e-5)-(86-params)",classic_NN_6-6,40
29.0,29,357356,CartPole-v1,"CP-ppo-ac-NN(6,6)-(lr=1.0e-5)-(86-params)",classic_NN_6-6,40
14.0,14,357400,CartPole-v1,"CP-ppo-ac-NN(6,6)-(lr=1.0e-5)-(86-params)",classic_NN_6-6,40
27.0,27,357424,CartPole-v1,"CP-ppo-ac-NN(6,6)-(lr=1.0e-5)-(86-params)",classic_NN_6-6,40
61.0,61,357464,CartPole-v1,"CP-ppo-ac-NN(6,6)-(lr=1.0e-5)-(86-params)",classic_NN_6-6,40
18.0,18,357496,CartPole-v1,"CP-ppo-ac-NN(6,6)-(lr=1.0e-5)-(86-params)",classic_NN_6-6,40
30.0,30,357520,CartPole-v1,"CP-ppo-ac-NN(6,6)-(lr=1.0e-5)-(86-params)",classic_NN_6-6,40
41.0,41,357520,CartPole-v1,"CP-ppo-ac-NN(6,6)-(lr=1.0e-5)-(86-params)",classic_NN_6-6,40
13.0,13,357572,CartPole-v1,"CP-ppo-ac-NN(6,6)-(lr=1.0e-5)-(86-params)",classic_NN_6-6,40
24.0,24,357592,CartPole-v1,"CP-ppo-ac-NN(6,6)-(lr=1.0e-5)-(86-params)",classic_NN_6-6,40
21.0,21,357604,CartPole-v1,"CP-ppo-ac-NN(6,6)-(lr=1.0e-5)-(86-params)",classic_NN_6-6,40
10.0,10,357644,CartPole-v1,"CP-ppo-ac-NN(6,6)-(lr=1.0e-5)-(86-params)",classic_NN_6-6,40
24.0,24,357668,CartPole-v1,"CP-ppo-ac-NN(6,6)-(lr=1.0e-5)-(86-params)",classic_NN_6-6,40
57.0,57,357692,CartPole-v1,"CP-ppo-ac-NN(6,6)-(lr=1.0e-5)-(86-params)",classic_NN_6-6,40
17.0,17,357736,CartPole-v1,"CP-ppo-ac-NN(6,6)-(lr=1.0e-5)-(86-params)",classic_NN_6-6,40
27.0,27,357752,CartPole-v1,"CP-ppo-ac-NN(6,6)-(lr=1.0e-5)-(86-params)",classic_NN_6-6,40
17.0,17,357760,CartPole-v1,"CP-ppo-ac-NN(6,6)-(lr=1.0e-5)-(86-params)",classic_NN_6-6,40
50.0,50,357792,CartPole-v1,"CP-ppo-ac-NN(6,6)-(lr=1.0e-5)-(86-params)",classic_NN_6-6,40
13.0,13,357812,CartPole-v1,"CP-ppo-ac-NN(6,6)-(lr=1.0e-5)-(86-params)",classic_NN_6-6,40
34.0,34,357888,CartPole-v1,"CP-ppo-ac-NN(6,6)-(lr=1.0e-5)-(86-params)",classic_NN_6-6,40
48.0,48,357928,CartPole-v1,"CP-ppo-ac-NN(6,6)-(lr=1.0e-5)-(86-params)",classic_NN_6-6,40
21.0,21,357972,CartPole-v1,"CP-ppo-ac-NN(6,6)-(lr=1.0e-5)-(86-params)",classic_NN_6-6,40
48.0,48,358004,CartPole-v1,"CP-ppo-ac-NN(6,6)-(lr=1.0e-5)-(86-params)",classic_NN_6-6,40
23.0,23,358020,CartPole-v1,"CP-ppo-ac-NN(6,6)-(lr=1.0e-5)-(86-params)",classic_NN_6-6,40
25.0,25,358072,CartPole-v1,"CP-ppo-ac-NN(6,6)-(lr=1.0e-5)-(86-params)",classic_NN_6-6,40
71.0,71,358076,CartPole-v1,"CP-ppo-ac-NN(6,6)-(lr=1.0e-5)-(86-params)",classic_NN_6-6,40
23.0,23,358112,CartPole-v1,"CP-ppo-ac-NN(6,6)-(lr=1.0e-5)-(86-params)",classic_NN_6-6,40
28.0,28,358116,CartPole-v1,"CP-ppo-ac-NN(6,6)-(lr=1.0e-5)-(86-params)",classic_NN_6-6,40
16.0,16,358140,CartPole-v1,"CP-ppo-ac-NN(6,6)-(lr=1.0e-5)-(86-params)",classic_NN_6-6,40
25.0,25,358240,CartPole-v1,"CP-ppo-ac-NN(6,6)-(lr=1.0e-5)-(86-params)",classic_NN_6-6,40
42.0,42,358280,CartPole-v1,"CP-ppo-ac-NN(6,6)-(lr=1.0e-5)-(86-params)",classic_NN_6-6,40
11.0,11,358324,CartPole-v1,"CP-ppo-ac-NN(6,6)-(lr=1.0e-5)-(86-params)",classic_NN_6-6,40
64.0,64,358328,CartPole-v1,"CP-ppo-ac-NN(6,6)-(lr=1.0e-5)-(86-params)",classic_NN_6-6,40
12.0,12,358372,CartPole-v1,"CP-ppo-ac-NN(6,6)-(lr=1.0e-5)-(86-params)",classic_NN_6-6,40
28.0,28,358440,CartPole-v1,"CP-ppo-ac-NN(6,6)-(lr=1.0e-5)-(86-params)",classic_NN_6-6,40
23.0,23,358464,CartPole-v1,"CP-ppo-ac-NN(6,6)-(lr=1.0e-5)-(86-params)",classic_NN_6-6,40
89.0,89,358472,CartPole-v1,"CP-ppo-ac-NN(6,6)-(lr=1.0e-5)-(86-params)",classic_NN_6-6,40
61.0,61,358484,CartPole-v1,"CP-ppo-ac-NN(6,6)-(lr=1.0e-5)-(86-params)",classic_NN_6-6,40
12.0,12,358488,CartPole-v1,"CP-ppo-ac-NN(6,6)-(lr=1.0e-5)-(86-params)",classic_NN_6-6,40
17.0,17,358540,CartPole-v1,"CP-ppo-ac-NN(6,6)-(lr=1.0e-5)-(86-params)",classic_NN_6-6,40
38.0,38,358636,CartPole-v1,"CP-ppo-ac-NN(6,6)-(lr=1.0e-5)-(86-params)",classic_NN_6-6,40
53.0,53,358700,CartPole-v1,"CP-ppo-ac-NN(6,6)-(lr=1.0e-5)-(86-params)",classic_NN_6-6,40
60.0,60,358704,CartPole-v1,"CP-ppo-ac-NN(6,6)-(lr=1.0e-5)-(86-params)",classic_NN_6-6,40
31.0,31,358760,CartPole-v1,"CP-ppo-ac-NN(6,6)-(lr=1.0e-5)-(86-params)",classic_NN_6-6,40
28.0,28,358812,CartPole-v1,"CP-ppo-ac-NN(6,6)-(lr=1.0e-5)-(86-params)",classic_NN_6-6,40
69.0,69,358816,CartPole-v1,"CP-ppo-ac-NN(6,6)-(lr=1.0e-5)-(86-params)",classic_NN_6-6,40
19.0,19,358836,CartPole-v1,"CP-ppo-ac-NN(6,6)-(lr=1.0e-5)-(86-params)",classic_NN_6-6,40
37.0,37,358852,CartPole-v1,"CP-ppo-ac-NN(6,6)-(lr=1.0e-5)-(86-params)",classic_NN_6-6,40
17.0,17,358880,CartPole-v1,"CP-ppo-ac-NN(6,6)-(lr=1.0e-5)-(86-params)",classic_NN_6-6,40
38.0,38,358968,CartPole-v1,"CP-ppo-ac-NN(6,6)-(lr=1.0e-5)-(86-params)",classic_NN_6-6,40
34.0,34,358972,CartPole-v1,"CP-ppo-ac-NN(6,6)-(lr=1.0e-5)-(86-params)",classic_NN_6-6,40
37.0,37,359000,CartPole-v1,"CP-ppo-ac-NN(6,6)-(lr=1.0e-5)-(86-params)",classic_NN_6-6,40
35.0,35,359108,CartPole-v1,"CP-ppo-ac-NN(6,6)-(lr=1.0e-5)-(86-params)",classic_NN_6-6,40
78.0,78,359192,CartPole-v1,"CP-ppo-ac-NN(6,6)-(lr=1.0e-5)-(86-params)",classic_NN_6-6,40
49.0,49,359196,CartPole-v1,"CP-ppo-ac-NN(6,6)-(lr=1.0e-5)-(86-params)",classic_NN_6-6,40
58.0,58,359204,CartPole-v1,"CP-ppo-ac-NN(6,6)-(lr=1.0e-5)-(86-params)",classic_NN_6-6,40
35.0,35,359248,CartPole-v1,"CP-ppo-ac-NN(6,6)-(lr=1.0e-5)-(86-params)",classic_NN_6-6,40
22.0,22,359284,CartPole-v1,"CP-ppo-ac-NN(6,6)-(lr=1.0e-5)-(86-params)",classic_NN_6-6,40
58.0,58,359436,CartPole-v1,"CP-ppo-ac-NN(6,6)-(lr=1.0e-5)-(86-params)",classic_NN_6-6,40
95.0,95,359572,CartPole-v1,"CP-ppo-ac-NN(6,6)-(lr=1.0e-5)-(86-params)",classic_NN_6-6,40
84.0,84,359584,CartPole-v1,"CP-ppo-ac-NN(6,6)-(lr=1.0e-5)-(86-params)",classic_NN_6-6,40
11.0,11,359628,CartPole-v1,"CP-ppo-ac-NN(6,6)-(lr=1.0e-5)-(86-params)",classic_NN_6-6,40
91.0,91,359648,CartPole-v1,"CP-ppo-ac-NN(6,6)-(lr=1.0e-5)-(86-params)",classic_NN_6-6,40
63.0,63,359688,CartPole-v1,"CP-ppo-ac-NN(6,6)-(lr=1.0e-5)-(86-params)",classic_NN_6-6,40
15.0,15,359688,CartPole-v1,"CP-ppo-ac-NN(6,6)-(lr=1.0e-5)-(86-params)",classic_NN_6-6,40
42.0,42,359740,CartPole-v1,"CP-ppo-ac-NN(6,6)-(lr=1.0e-5)-(86-params)",classic_NN_6-6,40
26.0,26,359792,CartPole-v1,"CP-ppo-ac-NN(6,6)-(lr=1.0e-5)-(86-params)",classic_NN_6-6,40
39.0,39,359804,CartPole-v1,"CP-ppo-ac-NN(6,6)-(lr=1.0e-5)-(86-params)",classic_NN_6-6,40
28.0,28,359904,CartPole-v1,"CP-ppo-ac-NN(6,6)-(lr=1.0e-5)-(86-params)",classic_NN_6-6,40
61.0,61,359932,CartPole-v1,"CP-ppo-ac-NN(6,6)-(lr=1.0e-5)-(86-params)",classic_NN_6-6,40
12.0,12,359980,CartPole-v1,"CP-ppo-ac-NN(6,6)-(lr=1.0e-5)-(86-params)",classic_NN_6-6,40
23.0,23,359996,CartPole-v1,"CP-ppo-ac-NN(6,6)-(lr=1.0e-5)-(86-params)",classic_NN_6-6,40
51.0,51,360008,CartPole-v1,"CP-ppo-ac-NN(6,6)-(lr=1.0e-5)-(86-params)",classic_NN_6-6,40
16.0,16,360044,CartPole-v1,"CP-ppo-ac-NN(6,6)-(lr=1.0e-5)-(86-params)",classic_NN_6-6,40
82.0,82,360068,CartPole-v1,"CP-ppo-ac-NN(6,6)-(lr=1.0e-5)-(86-params)",classic_NN_6-6,40
21.0,21,360080,CartPole-v1,"CP-ppo-ac-NN(6,6)-(lr=1.0e-5)-(86-params)",classic_NN_6-6,40
26.0,26,360112,CartPole-v1,"CP-ppo-ac-NN(6,6)-(lr=1.0e-5)-(86-params)",classic_NN_6-6,40
19.0,19,360120,CartPole-v1,"CP-ppo-ac-NN(6,6)-(lr=1.0e-5)-(86-params)",classic_NN_6-6,40
16.0,16,360132,CartPole-v1,"CP-ppo-ac-NN(6,6)-(lr=1.0e-5)-(86-params)",classic_NN_6-6,40
25.0,25,360180,CartPole-v1,"CP-ppo-ac-NN(6,6)-(lr=1.0e-5)-(86-params)",classic_NN_6-6,40
17.0,17,360180,CartPole-v1,"CP-ppo-ac-NN(6,6)-(lr=1.0e-5)-(86-params)",classic_NN_6-6,40
13.0,13,360232,CartPole-v1,"CP-ppo-ac-NN(6,6)-(lr=1.0e-5)-(86-params)",classic_NN_6-6,40
35.0,35,360272,CartPole-v1,"CP-ppo-ac-NN(6,6)-(lr=1.0e-5)-(86-params)",classic_NN_6-6,40
20.0,20,360352,CartPole-v1,"CP-ppo-ac-NN(6,6)-(lr=1.0e-5)-(86-params)",classic_NN_6-6,40
74.0,74,360416,CartPole-v1,"CP-ppo-ac-NN(6,6)-(lr=1.0e-5)-(86-params)",classic_NN_6-6,40
48.0,48,360424,CartPole-v1,"CP-ppo-ac-NN(6,6)-(lr=1.0e-5)-(86-params)",classic_NN_6-6,40
24.0,24,360448,CartPole-v1,"CP-ppo-ac-NN(6,6)-(lr=1.0e-5)-(86-params)",classic_NN_6-6,40
70.0,70,360460,CartPole-v1,"CP-ppo-ac-NN(6,6)-(lr=1.0e-5)-(86-params)",classic_NN_6-6,40
17.0,17,360484,CartPole-v1,"CP-ppo-ac-NN(6,6)-(lr=1.0e-5)-(86-params)",classic_NN_6-6,40
22.0,22,360512,CartPole-v1,"CP-ppo-ac-NN(6,6)-(lr=1.0e-5)-(86-params)",classic_NN_6-6,40
55.0,55,360668,CartPole-v1,"CP-ppo-ac-NN(6,6)-(lr=1.0e-5)-(86-params)",classic_NN_6-6,40
57.0,57,360712,CartPole-v1,"CP-ppo-ac-NN(6,6)-(lr=1.0e-5)-(86-params)",classic_NN_6-6,40
76.0,76,360816,CartPole-v1,"CP-ppo-ac-NN(6,6)-(lr=1.0e-5)-(86-params)",classic_NN_6-6,40
93.0,93,360832,CartPole-v1,"CP-ppo-ac-NN(6,6)-(lr=1.0e-5)-(86-params)",classic_NN_6-6,40
33.0,33,360844,CartPole-v1,"CP-ppo-ac-NN(6,6)-(lr=1.0e-5)-(86-params)",classic_NN_6-6,40
10.0,10,360856,CartPole-v1,"CP-ppo-ac-NN(6,6)-(lr=1.0e-5)-(86-params)",classic_NN_6-6,40
65.0,65,360928,CartPole-v1,"CP-ppo-ac-NN(6,6)-(lr=1.0e-5)-(86-params)",classic_NN_6-6,40
22.0,22,360932,CartPole-v1,"CP-ppo-ac-NN(6,6)-(lr=1.0e-5)-(86-params)",classic_NN_6-6,40
35.0,35,360972,CartPole-v1,"CP-ppo-ac-NN(6,6)-(lr=1.0e-5)-(86-params)",classic_NN_6-6,40
20.0,20,361012,CartPole-v1,"CP-ppo-ac-NN(6,6)-(lr=1.0e-5)-(86-params)",classic_NN_6-6,40
43.0,43,361028,CartPole-v1,"CP-ppo-ac-NN(6,6)-(lr=1.0e-5)-(86-params)",classic_NN_6-6,40
17.0,17,361080,CartPole-v1,"CP-ppo-ac-NN(6,6)-(lr=1.0e-5)-(86-params)",classic_NN_6-6,40
33.0,33,361104,CartPole-v1,"CP-ppo-ac-NN(6,6)-(lr=1.0e-5)-(86-params)",classic_NN_6-6,40
50.0,50,361128,CartPole-v1,"CP-ppo-ac-NN(6,6)-(lr=1.0e-5)-(86-params)",classic_NN_6-6,40
24.0,24,361224,CartPole-v1,"CP-ppo-ac-NN(6,6)-(lr=1.0e-5)-(86-params)",classic_NN_6-6,40
58.0,58,361260,CartPole-v1,"CP-ppo-ac-NN(6,6)-(lr=1.0e-5)-(86-params)",classic_NN_6-6,40
50.0,50,361304,CartPole-v1,"CP-ppo-ac-NN(6,6)-(lr=1.0e-5)-(86-params)",classic_NN_6-6,40
61.0,61,361324,CartPole-v1,"CP-ppo-ac-NN(6,6)-(lr=1.0e-5)-(86-params)",classic_NN_6-6,40
27.0,27,361368,CartPole-v1,"CP-ppo-ac-NN(6,6)-(lr=1.0e-5)-(86-params)",classic_NN_6-6,40
14.0,14,361380,CartPole-v1,"CP-ppo-ac-NN(6,6)-(lr=1.0e-5)-(86-params)",classic_NN_6-6,40
52.0,52,361432,CartPole-v1,"CP-ppo-ac-NN(6,6)-(lr=1.0e-5)-(86-params)",classic_NN_6-6,40
17.0,17,361448,CartPole-v1,"CP-ppo-ac-NN(6,6)-(lr=1.0e-5)-(86-params)",classic_NN_6-6,40
43.0,43,361540,CartPole-v1,"CP-ppo-ac-NN(6,6)-(lr=1.0e-5)-(86-params)",classic_NN_6-6,40
60.0,60,361544,CartPole-v1,"CP-ppo-ac-NN(6,6)-(lr=1.0e-5)-(86-params)",classic_NN_6-6,40
35.0,35,361572,CartPole-v1,"CP-ppo-ac-NN(6,6)-(lr=1.0e-5)-(86-params)",classic_NN_6-6,40
43.0,43,361620,CartPole-v1,"CP-ppo-ac-NN(6,6)-(lr=1.0e-5)-(86-params)",classic_NN_6-6,40
26.0,26,361644,CartPole-v1,"CP-ppo-ac-NN(6,6)-(lr=1.0e-5)-(86-params)",classic_NN_6-6,40
27.0,27,361652,CartPole-v1,"CP-ppo-ac-NN(6,6)-(lr=1.0e-5)-(86-params)",classic_NN_6-6,40
28.0,28,361732,CartPole-v1,"CP-ppo-ac-NN(6,6)-(lr=1.0e-5)-(86-params)",classic_NN_6-6,40
37.0,37,361792,CartPole-v1,"CP-ppo-ac-NN(6,6)-(lr=1.0e-5)-(86-params)",classic_NN_6-6,40
64.0,64,361828,CartPole-v1,"CP-ppo-ac-NN(6,6)-(lr=1.0e-5)-(86-params)",classic_NN_6-6,40
27.0,27,361840,CartPole-v1,"CP-ppo-ac-NN(6,6)-(lr=1.0e-5)-(86-params)",classic_NN_6-6,40
57.0,57,361880,CartPole-v1,"CP-ppo-ac-NN(6,6)-(lr=1.0e-5)-(86-params)",classic_NN_6-6,40
18.0,18,361900,CartPole-v1,"CP-ppo-ac-NN(6,6)-(lr=1.0e-5)-(86-params)",classic_NN_6-6,40
17.0,17,361908,CartPole-v1,"CP-ppo-ac-NN(6,6)-(lr=1.0e-5)-(86-params)",classic_NN_6-6,40
50.0,50,361992,CartPole-v1,"CP-ppo-ac-NN(6,6)-(lr=1.0e-5)-(86-params)",classic_NN_6-6,40
36.0,36,362024,CartPole-v1,"CP-ppo-ac-NN(6,6)-(lr=1.0e-5)-(86-params)",classic_NN_6-6,40
47.0,47,362088,CartPole-v1,"CP-ppo-ac-NN(6,6)-(lr=1.0e-5)-(86-params)",classic_NN_6-6,40
17.0,17,362092,CartPole-v1,"CP-ppo-ac-NN(6,6)-(lr=1.0e-5)-(86-params)",classic_NN_6-6,40
27.0,27,362196,CartPole-v1,"CP-ppo-ac-NN(6,6)-(lr=1.0e-5)-(86-params)",classic_NN_6-6,40
68.0,68,362264,CartPole-v1,"CP-ppo-ac-NN(6,6)-(lr=1.0e-5)-(86-params)",classic_NN_6-6,40
22.0,22,362284,CartPole-v1,"CP-ppo-ac-NN(6,6)-(lr=1.0e-5)-(86-params)",classic_NN_6-6,40
53.0,53,362304,CartPole-v1,"CP-ppo-ac-NN(6,6)-(lr=1.0e-5)-(86-params)",classic_NN_6-6,40
107.0,107,362336,CartPole-v1,"CP-ppo-ac-NN(6,6)-(lr=1.0e-5)-(86-params)",classic_NN_6-6,40
34.0,34,362400,CartPole-v1,"CP-ppo-ac-NN(6,6)-(lr=1.0e-5)-(86-params)",classic_NN_6-6,40
39.0,39,362460,CartPole-v1,"CP-ppo-ac-NN(6,6)-(lr=1.0e-5)-(86-params)",classic_NN_6-6,40
36.0,36,362480,CartPole-v1,"CP-ppo-ac-NN(6,6)-(lr=1.0e-5)-(86-params)",classic_NN_6-6,40
20.0,20,362560,CartPole-v1,"CP-ppo-ac-NN(6,6)-(lr=1.0e-5)-(86-params)",classic_NN_6-6,40
71.0,71,362568,CartPole-v1,"CP-ppo-ac-NN(6,6)-(lr=1.0e-5)-(86-params)",classic_NN_6-6,40
38.0,38,362612,CartPole-v1,"CP-ppo-ac-NN(6,6)-(lr=1.0e-5)-(86-params)",classic_NN_6-6,40
21.0,21,362652,CartPole-v1,"CP-ppo-ac-NN(6,6)-(lr=1.0e-5)-(86-params)",classic_NN_6-6,40
29.0,29,362676,CartPole-v1,"CP-ppo-ac-NN(6,6)-(lr=1.0e-5)-(86-params)",classic_NN_6-6,40
30.0,30,362732,CartPole-v1,"CP-ppo-ac-NN(6,6)-(lr=1.0e-5)-(86-params)",classic_NN_6-6,40
87.0,87,362748,CartPole-v1,"CP-ppo-ac-NN(6,6)-(lr=1.0e-5)-(86-params)",classic_NN_6-6,40
26.0,26,362756,CartPole-v1,"CP-ppo-ac-NN(6,6)-(lr=1.0e-5)-(86-params)",classic_NN_6-6,40
20.0,20,362756,CartPole-v1,"CP-ppo-ac-NN(6,6)-(lr=1.0e-5)-(86-params)",classic_NN_6-6,40
22.0,22,362820,CartPole-v1,"CP-ppo-ac-NN(6,6)-(lr=1.0e-5)-(86-params)",classic_NN_6-6,40
18.0,18,362828,CartPole-v1,"CP-ppo-ac-NN(6,6)-(lr=1.0e-5)-(86-params)",classic_NN_6-6,40
22.0,22,362844,CartPole-v1,"CP-ppo-ac-NN(6,6)-(lr=1.0e-5)-(86-params)",classic_NN_6-6,40
13.0,13,362880,CartPole-v1,"CP-ppo-ac-NN(6,6)-(lr=1.0e-5)-(86-params)",classic_NN_6-6,40
35.0,35,362888,CartPole-v1,"CP-ppo-ac-NN(6,6)-(lr=1.0e-5)-(86-params)",classic_NN_6-6,40
31.0,31,362968,CartPole-v1,"CP-ppo-ac-NN(6,6)-(lr=1.0e-5)-(86-params)",classic_NN_6-6,40
42.0,42,362988,CartPole-v1,"CP-ppo-ac-NN(6,6)-(lr=1.0e-5)-(86-params)",classic_NN_6-6,40
31.0,31,363012,CartPole-v1,"CP-ppo-ac-NN(6,6)-(lr=1.0e-5)-(86-params)",classic_NN_6-6,40
19.0,19,363044,CartPole-v1,"CP-ppo-ac-NN(6,6)-(lr=1.0e-5)-(86-params)",classic_NN_6-6,40
11.0,11,363056,CartPole-v1,"CP-ppo-ac-NN(6,6)-(lr=1.0e-5)-(86-params)",classic_NN_6-6,40
53.0,53,363092,CartPole-v1,"CP-ppo-ac-NN(6,6)-(lr=1.0e-5)-(86-params)",classic_NN_6-6,40
11.0,11,363100,CartPole-v1,"CP-ppo-ac-NN(6,6)-(lr=1.0e-5)-(86-params)",classic_NN_6-6,40
21.0,21,363176,CartPole-v1,"CP-ppo-ac-NN(6,6)-(lr=1.0e-5)-(86-params)",classic_NN_6-6,40
49.0,49,363184,CartPole-v1,"CP-ppo-ac-NN(6,6)-(lr=1.0e-5)-(86-params)",classic_NN_6-6,40
14.0,14,363232,CartPole-v1,"CP-ppo-ac-NN(6,6)-(lr=1.0e-5)-(86-params)",classic_NN_6-6,40
36.0,36,363244,CartPole-v1,"CP-ppo-ac-NN(6,6)-(lr=1.0e-5)-(86-params)",classic_NN_6-6,40
65.0,65,363304,CartPole-v1,"CP-ppo-ac-NN(6,6)-(lr=1.0e-5)-(86-params)",classic_NN_6-6,40
25.0,25,363344,CartPole-v1,"CP-ppo-ac-NN(6,6)-(lr=1.0e-5)-(86-params)",classic_NN_6-6,40
44.0,44,363360,CartPole-v1,"CP-ppo-ac-NN(6,6)-(lr=1.0e-5)-(86-params)",classic_NN_6-6,40
35.0,35,363372,CartPole-v1,"CP-ppo-ac-NN(6,6)-(lr=1.0e-5)-(86-params)",classic_NN_6-6,40
26.0,26,363448,CartPole-v1,"CP-ppo-ac-NN(6,6)-(lr=1.0e-5)-(86-params)",classic_NN_6-6,40
29.0,29,363476,CartPole-v1,"CP-ppo-ac-NN(6,6)-(lr=1.0e-5)-(86-params)",classic_NN_6-6,40
44.0,44,363480,CartPole-v1,"CP-ppo-ac-NN(6,6)-(lr=1.0e-5)-(86-params)",classic_NN_6-6,40
33.0,33,363504,CartPole-v1,"CP-ppo-ac-NN(6,6)-(lr=1.0e-5)-(86-params)",classic_NN_6-6,40
18.0,18,363520,CartPole-v1,"CP-ppo-ac-NN(6,6)-(lr=1.0e-5)-(86-params)",classic_NN_6-6,40
15.0,15,363540,CartPole-v1,"CP-ppo-ac-NN(6,6)-(lr=1.0e-5)-(86-params)",classic_NN_6-6,40
19.0,19,363552,CartPole-v1,"CP-ppo-ac-NN(6,6)-(lr=1.0e-5)-(86-params)",classic_NN_6-6,40
22.0,22,363608,CartPole-v1,"CP-ppo-ac-NN(6,6)-(lr=1.0e-5)-(86-params)",classic_NN_6-6,40
26.0,26,363608,CartPole-v1,"CP-ppo-ac-NN(6,6)-(lr=1.0e-5)-(86-params)",classic_NN_6-6,40
17.0,17,363620,CartPole-v1,"CP-ppo-ac-NN(6,6)-(lr=1.0e-5)-(86-params)",classic_NN_6-6,40
37.0,37,363688,CartPole-v1,"CP-ppo-ac-NN(6,6)-(lr=1.0e-5)-(86-params)",classic_NN_6-6,40
21.0,21,363692,CartPole-v1,"CP-ppo-ac-NN(6,6)-(lr=1.0e-5)-(86-params)",classic_NN_6-6,40
19.0,19,363764,CartPole-v1,"CP-ppo-ac-NN(6,6)-(lr=1.0e-5)-(86-params)",classic_NN_6-6,40
36.0,36,363764,CartPole-v1,"CP-ppo-ac-NN(6,6)-(lr=1.0e-5)-(86-params)",classic_NN_6-6,40
21.0,21,363776,CartPole-v1,"CP-ppo-ac-NN(6,6)-(lr=1.0e-5)-(86-params)",classic_NN_6-6,40
50.0,50,363808,CartPole-v1,"CP-ppo-ac-NN(6,6)-(lr=1.0e-5)-(86-params)",classic_NN_6-6,40
25.0,25,363864,CartPole-v1,"CP-ppo-ac-NN(6,6)-(lr=1.0e-5)-(86-params)",classic_NN_6-6,40
43.0,43,363948,CartPole-v1,"CP-ppo-ac-NN(6,6)-(lr=1.0e-5)-(86-params)",classic_NN_6-6,40
42.0,42,363976,CartPole-v1,"CP-ppo-ac-NN(6,6)-(lr=1.0e-5)-(86-params)",classic_NN_6-6,40
13.0,13,364000,CartPole-v1,"CP-ppo-ac-NN(6,6)-(lr=1.0e-5)-(86-params)",classic_NN_6-6,40
60.0,60,364004,CartPole-v1,"CP-ppo-ac-NN(6,6)-(lr=1.0e-5)-(86-params)",classic_NN_6-6,40
14.0,14,364060,CartPole-v1,"CP-ppo-ac-NN(6,6)-(lr=1.0e-5)-(86-params)",classic_NN_6-6,40
54.0,54,364080,CartPole-v1,"CP-ppo-ac-NN(6,6)-(lr=1.0e-5)-(86-params)",classic_NN_6-6,40
47.0,47,364164,CartPole-v1,"CP-ppo-ac-NN(6,6)-(lr=1.0e-5)-(86-params)",classic_NN_6-6,40
22.0,22,364168,CartPole-v1,"CP-ppo-ac-NN(6,6)-(lr=1.0e-5)-(86-params)",classic_NN_6-6,40
51.0,51,364204,CartPole-v1,"CP-ppo-ac-NN(6,6)-(lr=1.0e-5)-(86-params)",classic_NN_6-6,40
39.0,39,364216,CartPole-v1,"CP-ppo-ac-NN(6,6)-(lr=1.0e-5)-(86-params)",classic_NN_6-6,40
23.0,23,364256,CartPole-v1,"CP-ppo-ac-NN(6,6)-(lr=1.0e-5)-(86-params)",classic_NN_6-6,40
15.0,15,364264,CartPole-v1,"CP-ppo-ac-NN(6,6)-(lr=1.0e-5)-(86-params)",classic_NN_6-6,40
30.0,30,364384,CartPole-v1,"CP-ppo-ac-NN(6,6)-(lr=1.0e-5)-(86-params)",classic_NN_6-6,40
45.0,45,364396,CartPole-v1,"CP-ppo-ac-NN(6,6)-(lr=1.0e-5)-(86-params)",classic_NN_6-6,40
59.0,59,364404,CartPole-v1,"CP-ppo-ac-NN(6,6)-(lr=1.0e-5)-(86-params)",classic_NN_6-6,40
49.0,49,364452,CartPole-v1,"CP-ppo-ac-NN(6,6)-(lr=1.0e-5)-(86-params)",classic_NN_6-6,40
45.0,45,364576,CartPole-v1,"CP-ppo-ac-NN(6,6)-(lr=1.0e-5)-(86-params)",classic_NN_6-6,40
31.0,31,364576,CartPole-v1,"CP-ppo-ac-NN(6,6)-(lr=1.0e-5)-(86-params)",classic_NN_6-6,40
53.0,53,364596,CartPole-v1,"CP-ppo-ac-NN(6,6)-(lr=1.0e-5)-(86-params)",classic_NN_6-6,40
56.0,56,364628,CartPole-v1,"CP-ppo-ac-NN(6,6)-(lr=1.0e-5)-(86-params)",classic_NN_6-6,40
21.0,21,364680,CartPole-v1,"CP-ppo-ac-NN(6,6)-(lr=1.0e-5)-(86-params)",classic_NN_6-6,40
18.0,18,364700,CartPole-v1,"CP-ppo-ac-NN(6,6)-(lr=1.0e-5)-(86-params)",classic_NN_6-6,40
11.0,11,364744,CartPole-v1,"CP-ppo-ac-NN(6,6)-(lr=1.0e-5)-(86-params)",classic_NN_6-6,40
18.0,18,364752,CartPole-v1,"CP-ppo-ac-NN(6,6)-(lr=1.0e-5)-(86-params)",classic_NN_6-6,40
46.0,46,364760,CartPole-v1,"CP-ppo-ac-NN(6,6)-(lr=1.0e-5)-(86-params)",classic_NN_6-6,40
46.0,46,364760,CartPole-v1,"CP-ppo-ac-NN(6,6)-(lr=1.0e-5)-(86-params)",classic_NN_6-6,40
18.0,18,364816,CartPole-v1,"CP-ppo-ac-NN(6,6)-(lr=1.0e-5)-(86-params)",classic_NN_6-6,40
15.0,15,364820,CartPole-v1,"CP-ppo-ac-NN(6,6)-(lr=1.0e-5)-(86-params)",classic_NN_6-6,40
19.0,19,364828,CartPole-v1,"CP-ppo-ac-NN(6,6)-(lr=1.0e-5)-(86-params)",classic_NN_6-6,40
39.0,39,364916,CartPole-v1,"CP-ppo-ac-NN(6,6)-(lr=1.0e-5)-(86-params)",classic_NN_6-6,40
38.0,38,364972,CartPole-v1,"CP-ppo-ac-NN(6,6)-(lr=1.0e-5)-(86-params)",classic_NN_6-6,40
45.0,45,364996,CartPole-v1,"CP-ppo-ac-NN(6,6)-(lr=1.0e-5)-(86-params)",classic_NN_6-6,40
44.0,44,365004,CartPole-v1,"CP-ppo-ac-NN(6,6)-(lr=1.0e-5)-(86-params)",classic_NN_6-6,40
19.0,19,365048,CartPole-v1,"CP-ppo-ac-NN(6,6)-(lr=1.0e-5)-(86-params)",classic_NN_6-6,40
21.0,21,365088,CartPole-v1,"CP-ppo-ac-NN(6,6)-(lr=1.0e-5)-(86-params)",classic_NN_6-6,40
19.0,19,365124,CartPole-v1,"CP-ppo-ac-NN(6,6)-(lr=1.0e-5)-(86-params)",classic_NN_6-6,40
34.0,34,365132,CartPole-v1,"CP-ppo-ac-NN(6,6)-(lr=1.0e-5)-(86-params)",classic_NN_6-6,40
20.0,20,365168,CartPole-v1,"CP-ppo-ac-NN(6,6)-(lr=1.0e-5)-(86-params)",classic_NN_6-6,40
28.0,28,365244,CartPole-v1,"CP-ppo-ac-NN(6,6)-(lr=1.0e-5)-(86-params)",classic_NN_6-6,40
31.0,31,365248,CartPole-v1,"CP-ppo-ac-NN(6,6)-(lr=1.0e-5)-(86-params)",classic_NN_6-6,40
22.0,22,365332,CartPole-v1,"CP-ppo-ac-NN(6,6)-(lr=1.0e-5)-(86-params)",classic_NN_6-6,40
60.0,60,365408,CartPole-v1,"CP-ppo-ac-NN(6,6)-(lr=1.0e-5)-(86-params)",classic_NN_6-6,40
123.0,123,365408,CartPole-v1,"CP-ppo-ac-NN(6,6)-(lr=1.0e-5)-(86-params)",classic_NN_6-6,40
50.0,50,365448,CartPole-v1,"CP-ppo-ac-NN(6,6)-(lr=1.0e-5)-(86-params)",classic_NN_6-6,40
12.0,12,365456,CartPole-v1,"CP-ppo-ac-NN(6,6)-(lr=1.0e-5)-(86-params)",classic_NN_6-6,40
16.0,16,365520,CartPole-v1,"CP-ppo-ac-NN(6,6)-(lr=1.0e-5)-(86-params)",classic_NN_6-6,40
21.0,21,365532,CartPole-v1,"CP-ppo-ac-NN(6,6)-(lr=1.0e-5)-(86-params)",classic_NN_6-6,40
22.0,22,365620,CartPole-v1,"CP-ppo-ac-NN(6,6)-(lr=1.0e-5)-(86-params)",classic_NN_6-6,40
56.0,56,365632,CartPole-v1,"CP-ppo-ac-NN(6,6)-(lr=1.0e-5)-(86-params)",classic_NN_6-6,40
81.0,81,365656,CartPole-v1,"CP-ppo-ac-NN(6,6)-(lr=1.0e-5)-(86-params)",classic_NN_6-6,40
35.0,35,365660,CartPole-v1,"CP-ppo-ac-NN(6,6)-(lr=1.0e-5)-(86-params)",classic_NN_6-6,40
21.0,21,365716,CartPole-v1,"CP-ppo-ac-NN(6,6)-(lr=1.0e-5)-(86-params)",classic_NN_6-6,40
16.0,16,365720,CartPole-v1,"CP-ppo-ac-NN(6,6)-(lr=1.0e-5)-(86-params)",classic_NN_6-6,40
22.0,22,365748,CartPole-v1,"CP-ppo-ac-NN(6,6)-(lr=1.0e-5)-(86-params)",classic_NN_6-6,40
15.0,15,365808,CartPole-v1,"CP-ppo-ac-NN(6,6)-(lr=1.0e-5)-(86-params)",classic_NN_6-6,40
35.0,35,365856,CartPole-v1,"CP-ppo-ac-NN(6,6)-(lr=1.0e-5)-(86-params)",classic_NN_6-6,40
60.0,60,365860,CartPole-v1,"CP-ppo-ac-NN(6,6)-(lr=1.0e-5)-(86-params)",classic_NN_6-6,40
53.0,53,365932,CartPole-v1,"CP-ppo-ac-NN(6,6)-(lr=1.0e-5)-(86-params)",classic_NN_6-6,40
20.0,20,365936,CartPole-v1,"CP-ppo-ac-NN(6,6)-(lr=1.0e-5)-(86-params)",classic_NN_6-6,40
35.0,35,365948,CartPole-v1,"CP-ppo-ac-NN(6,6)-(lr=1.0e-5)-(86-params)",classic_NN_6-6,40
35.0,35,366000,CartPole-v1,"CP-ppo-ac-NN(6,6)-(lr=1.0e-5)-(86-params)",classic_NN_6-6,40
24.0,24,366032,CartPole-v1,"CP-ppo-ac-NN(6,6)-(lr=1.0e-5)-(86-params)",classic_NN_6-6,40
32.0,32,366060,CartPole-v1,"CP-ppo-ac-NN(6,6)-(lr=1.0e-5)-(86-params)",classic_NN_6-6,40
24.0,24,366096,CartPole-v1,"CP-ppo-ac-NN(6,6)-(lr=1.0e-5)-(86-params)",classic_NN_6-6,40
27.0,27,366140,CartPole-v1,"CP-ppo-ac-NN(6,6)-(lr=1.0e-5)-(86-params)",classic_NN_6-6,40
50.0,50,366148,CartPole-v1,"CP-ppo-ac-NN(6,6)-(lr=1.0e-5)-(86-params)",classic_NN_6-6,40
25.0,25,366160,CartPole-v1,"CP-ppo-ac-NN(6,6)-(lr=1.0e-5)-(86-params)",classic_NN_6-6,40
30.0,30,366216,CartPole-v1,"CP-ppo-ac-NN(6,6)-(lr=1.0e-5)-(86-params)",classic_NN_6-6,40
21.0,21,366232,CartPole-v1,"CP-ppo-ac-NN(6,6)-(lr=1.0e-5)-(86-params)",classic_NN_6-6,40
19.0,19,366236,CartPole-v1,"CP-ppo-ac-NN(6,6)-(lr=1.0e-5)-(86-params)",classic_NN_6-6,40
25.0,25,366240,CartPole-v1,"CP-ppo-ac-NN(6,6)-(lr=1.0e-5)-(86-params)",classic_NN_6-6,40
22.0,22,366328,CartPole-v1,"CP-ppo-ac-NN(6,6)-(lr=1.0e-5)-(86-params)",classic_NN_6-6,40
36.0,36,366376,CartPole-v1,"CP-ppo-ac-NN(6,6)-(lr=1.0e-5)-(86-params)",classic_NN_6-6,40
18.0,18,366400,CartPole-v1,"CP-ppo-ac-NN(6,6)-(lr=1.0e-5)-(86-params)",classic_NN_6-6,40
84.0,84,366552,CartPole-v1,"CP-ppo-ac-NN(6,6)-(lr=1.0e-5)-(86-params)",classic_NN_6-6,40
46.0,46,366560,CartPole-v1,"CP-ppo-ac-NN(6,6)-(lr=1.0e-5)-(86-params)",classic_NN_6-6,40
42.0,42,366568,CartPole-v1,"CP-ppo-ac-NN(6,6)-(lr=1.0e-5)-(86-params)",classic_NN_6-6,40
15.0,15,366620,CartPole-v1,"CP-ppo-ac-NN(6,6)-(lr=1.0e-5)-(86-params)",classic_NN_6-6,40
21.0,21,366636,CartPole-v1,"CP-ppo-ac-NN(6,6)-(lr=1.0e-5)-(86-params)",classic_NN_6-6,40
13.0,13,366672,CartPole-v1,"CP-ppo-ac-NN(6,6)-(lr=1.0e-5)-(86-params)",classic_NN_6-6,40
121.0,121,366720,CartPole-v1,"CP-ppo-ac-NN(6,6)-(lr=1.0e-5)-(86-params)",classic_NN_6-6,40
24.0,24,366768,CartPole-v1,"CP-ppo-ac-NN(6,6)-(lr=1.0e-5)-(86-params)",classic_NN_6-6,40
51.0,51,366772,CartPole-v1,"CP-ppo-ac-NN(6,6)-(lr=1.0e-5)-(86-params)",classic_NN_6-6,40
16.0,16,366784,CartPole-v1,"CP-ppo-ac-NN(6,6)-(lr=1.0e-5)-(86-params)",classic_NN_6-6,40
12.0,12,366816,CartPole-v1,"CP-ppo-ac-NN(6,6)-(lr=1.0e-5)-(86-params)",classic_NN_6-6,40
52.0,52,366844,CartPole-v1,"CP-ppo-ac-NN(6,6)-(lr=1.0e-5)-(86-params)",classic_NN_6-6,40
18.0,18,366844,CartPole-v1,"CP-ppo-ac-NN(6,6)-(lr=1.0e-5)-(86-params)",classic_NN_6-6,40
34.0,34,366952,CartPole-v1,"CP-ppo-ac-NN(6,6)-(lr=1.0e-5)-(86-params)",classic_NN_6-6,40
31.0,31,366968,CartPole-v1,"CP-ppo-ac-NN(6,6)-(lr=1.0e-5)-(86-params)",classic_NN_6-6,40
37.0,37,366992,CartPole-v1,"CP-ppo-ac-NN(6,6)-(lr=1.0e-5)-(86-params)",classic_NN_6-6,40
15.0,15,367052,CartPole-v1,"CP-ppo-ac-NN(6,6)-(lr=1.0e-5)-(86-params)",classic_NN_6-6,40
39.0,39,367108,CartPole-v1,"CP-ppo-ac-NN(6,6)-(lr=1.0e-5)-(86-params)",classic_NN_6-6,40
102.0,102,367192,CartPole-v1,"CP-ppo-ac-NN(6,6)-(lr=1.0e-5)-(86-params)",classic_NN_6-6,40
58.0,58,367200,CartPole-v1,"CP-ppo-ac-NN(6,6)-(lr=1.0e-5)-(86-params)",classic_NN_6-6,40
45.0,45,367232,CartPole-v1,"CP-ppo-ac-NN(6,6)-(lr=1.0e-5)-(86-params)",classic_NN_6-6,40
32.0,32,367236,CartPole-v1,"CP-ppo-ac-NN(6,6)-(lr=1.0e-5)-(86-params)",classic_NN_6-6,40
25.0,25,367292,CartPole-v1,"CP-ppo-ac-NN(6,6)-(lr=1.0e-5)-(86-params)",classic_NN_6-6,40
18.0,18,367308,CartPole-v1,"CP-ppo-ac-NN(6,6)-(lr=1.0e-5)-(86-params)",classic_NN_6-6,40
27.0,27,367340,CartPole-v1,"CP-ppo-ac-NN(6,6)-(lr=1.0e-5)-(86-params)",classic_NN_6-6,40
20.0,20,367388,CartPole-v1,"CP-ppo-ac-NN(6,6)-(lr=1.0e-5)-(86-params)",classic_NN_6-6,40
58.0,58,367432,CartPole-v1,"CP-ppo-ac-NN(6,6)-(lr=1.0e-5)-(86-params)",classic_NN_6-6,40
41.0,41,367456,CartPole-v1,"CP-ppo-ac-NN(6,6)-(lr=1.0e-5)-(86-params)",classic_NN_6-6,40
19.0,19,367532,CartPole-v1,"CP-ppo-ac-NN(6,6)-(lr=1.0e-5)-(86-params)",classic_NN_6-6,40
43.0,43,367560,CartPole-v1,"CP-ppo-ac-NN(6,6)-(lr=1.0e-5)-(86-params)",classic_NN_6-6,40
20.0,20,367612,CartPole-v1,"CP-ppo-ac-NN(6,6)-(lr=1.0e-5)-(86-params)",classic_NN_6-6,40
21.0,21,367644,CartPole-v1,"CP-ppo-ac-NN(6,6)-(lr=1.0e-5)-(86-params)",classic_NN_6-6,40
63.0,63,367684,CartPole-v1,"CP-ppo-ac-NN(6,6)-(lr=1.0e-5)-(86-params)",classic_NN_6-6,40
14.0,14,367740,CartPole-v1,"CP-ppo-ac-NN(6,6)-(lr=1.0e-5)-(86-params)",classic_NN_6-6,40
111.0,111,367784,CartPole-v1,"CP-ppo-ac-NN(6,6)-(lr=1.0e-5)-(86-params)",classic_NN_6-6,40
16.0,16,367804,CartPole-v1,"CP-ppo-ac-NN(6,6)-(lr=1.0e-5)-(86-params)",classic_NN_6-6,40
16.0,16,367868,CartPole-v1,"CP-ppo-ac-NN(6,6)-(lr=1.0e-5)-(86-params)",classic_NN_6-6,40
56.0,56,367868,CartPole-v1,"CP-ppo-ac-NN(6,6)-(lr=1.0e-5)-(86-params)",classic_NN_6-6,40
78.0,78,367924,CartPole-v1,"CP-ppo-ac-NN(6,6)-(lr=1.0e-5)-(86-params)",classic_NN_6-6,40
18.0,18,367940,CartPole-v1,"CP-ppo-ac-NN(6,6)-(lr=1.0e-5)-(86-params)",classic_NN_6-6,40
46.0,46,368052,CartPole-v1,"CP-ppo-ac-NN(6,6)-(lr=1.0e-5)-(86-params)",classic_NN_6-6,40
40.0,40,368084,CartPole-v1,"CP-ppo-ac-NN(6,6)-(lr=1.0e-5)-(86-params)",classic_NN_6-6,40
45.0,45,368120,CartPole-v1,"CP-ppo-ac-NN(6,6)-(lr=1.0e-5)-(86-params)",classic_NN_6-6,40
34.0,34,368188,CartPole-v1,"CP-ppo-ac-NN(6,6)-(lr=1.0e-5)-(86-params)",classic_NN_6-6,40
41.0,41,368248,CartPole-v1,"CP-ppo-ac-NN(6,6)-(lr=1.0e-5)-(86-params)",classic_NN_6-6,40
118.0,118,368256,CartPole-v1,"CP-ppo-ac-NN(6,6)-(lr=1.0e-5)-(86-params)",classic_NN_6-6,40
19.0,19,368264,CartPole-v1,"CP-ppo-ac-NN(6,6)-(lr=1.0e-5)-(86-params)",classic_NN_6-6,40
49.0,49,368316,CartPole-v1,"CP-ppo-ac-NN(6,6)-(lr=1.0e-5)-(86-params)",classic_NN_6-6,40
23.0,23,368356,CartPole-v1,"CP-ppo-ac-NN(6,6)-(lr=1.0e-5)-(86-params)",classic_NN_6-6,40
30.0,30,368368,CartPole-v1,"CP-ppo-ac-NN(6,6)-(lr=1.0e-5)-(86-params)",classic_NN_6-6,40
15.0,15,368416,CartPole-v1,"CP-ppo-ac-NN(6,6)-(lr=1.0e-5)-(86-params)",classic_NN_6-6,40
34.0,34,368452,CartPole-v1,"CP-ppo-ac-NN(6,6)-(lr=1.0e-5)-(86-params)",classic_NN_6-6,40
58.0,58,368488,CartPole-v1,"CP-ppo-ac-NN(6,6)-(lr=1.0e-5)-(86-params)",classic_NN_6-6,40
35.0,35,368508,CartPole-v1,"CP-ppo-ac-NN(6,6)-(lr=1.0e-5)-(86-params)",classic_NN_6-6,40
17.0,17,368520,CartPole-v1,"CP-ppo-ac-NN(6,6)-(lr=1.0e-5)-(86-params)",classic_NN_6-6,40
36.0,36,368560,CartPole-v1,"CP-ppo-ac-NN(6,6)-(lr=1.0e-5)-(86-params)",classic_NN_6-6,40
26.0,26,368592,CartPole-v1,"CP-ppo-ac-NN(6,6)-(lr=1.0e-5)-(86-params)",classic_NN_6-6,40
35.0,35,368660,CartPole-v1,"CP-ppo-ac-NN(6,6)-(lr=1.0e-5)-(86-params)",classic_NN_6-6,40
55.0,55,368728,CartPole-v1,"CP-ppo-ac-NN(6,6)-(lr=1.0e-5)-(86-params)",classic_NN_6-6,40
39.0,39,368748,CartPole-v1,"CP-ppo-ac-NN(6,6)-(lr=1.0e-5)-(86-params)",classic_NN_6-6,40
52.0,52,368768,CartPole-v1,"CP-ppo-ac-NN(6,6)-(lr=1.0e-5)-(86-params)",classic_NN_6-6,40
32.0,32,368788,CartPole-v1,"CP-ppo-ac-NN(6,6)-(lr=1.0e-5)-(86-params)",classic_NN_6-6,40
17.0,17,368796,CartPole-v1,"CP-ppo-ac-NN(6,6)-(lr=1.0e-5)-(86-params)",classic_NN_6-6,40
17.0,17,368836,CartPole-v1,"CP-ppo-ac-NN(6,6)-(lr=1.0e-5)-(86-params)",classic_NN_6-6,40
31.0,31,368920,CartPole-v1,"CP-ppo-ac-NN(6,6)-(lr=1.0e-5)-(86-params)",classic_NN_6-6,40
41.0,41,368952,CartPole-v1,"CP-ppo-ac-NN(6,6)-(lr=1.0e-5)-(86-params)",classic_NN_6-6,40
18.0,18,369024,CartPole-v1,"CP-ppo-ac-NN(6,6)-(lr=1.0e-5)-(86-params)",classic_NN_6-6,40
54.0,54,369052,CartPole-v1,"CP-ppo-ac-NN(6,6)-(lr=1.0e-5)-(86-params)",classic_NN_6-6,40
42.0,42,369088,CartPole-v1,"CP-ppo-ac-NN(6,6)-(lr=1.0e-5)-(86-params)",classic_NN_6-6,40
21.0,21,369108,CartPole-v1,"CP-ppo-ac-NN(6,6)-(lr=1.0e-5)-(86-params)",classic_NN_6-6,40
12.0,12,369156,CartPole-v1,"CP-ppo-ac-NN(6,6)-(lr=1.0e-5)-(86-params)",classic_NN_6-6,40
103.0,103,369160,CartPole-v1,"CP-ppo-ac-NN(6,6)-(lr=1.0e-5)-(86-params)",classic_NN_6-6,40
33.0,33,369220,CartPole-v1,"CP-ppo-ac-NN(6,6)-(lr=1.0e-5)-(86-params)",classic_NN_6-6,40
15.0,15,369220,CartPole-v1,"CP-ppo-ac-NN(6,6)-(lr=1.0e-5)-(86-params)",classic_NN_6-6,40
17.0,17,369224,CartPole-v1,"CP-ppo-ac-NN(6,6)-(lr=1.0e-5)-(86-params)",classic_NN_6-6,40
56.0,56,369276,CartPole-v1,"CP-ppo-ac-NN(6,6)-(lr=1.0e-5)-(86-params)",classic_NN_6-6,40
17.0,17,369292,CartPole-v1,"CP-ppo-ac-NN(6,6)-(lr=1.0e-5)-(86-params)",classic_NN_6-6,40
19.0,19,369296,CartPole-v1,"CP-ppo-ac-NN(6,6)-(lr=1.0e-5)-(86-params)",classic_NN_6-6,40
19.0,19,369296,CartPole-v1,"CP-ppo-ac-NN(6,6)-(lr=1.0e-5)-(86-params)",classic_NN_6-6,40
14.0,14,369352,CartPole-v1,"CP-ppo-ac-NN(6,6)-(lr=1.0e-5)-(86-params)",classic_NN_6-6,40
22.0,22,369380,CartPole-v1,"CP-ppo-ac-NN(6,6)-(lr=1.0e-5)-(86-params)",classic_NN_6-6,40
37.0,37,369444,CartPole-v1,"CP-ppo-ac-NN(6,6)-(lr=1.0e-5)-(86-params)",classic_NN_6-6,40
26.0,26,369456,CartPole-v1,"CP-ppo-ac-NN(6,6)-(lr=1.0e-5)-(86-params)",classic_NN_6-6,40
24.0,24,369476,CartPole-v1,"CP-ppo-ac-NN(6,6)-(lr=1.0e-5)-(86-params)",classic_NN_6-6,40
57.0,57,369504,CartPole-v1,"CP-ppo-ac-NN(6,6)-(lr=1.0e-5)-(86-params)",classic_NN_6-6,40
17.0,17,369524,CartPole-v1,"CP-ppo-ac-NN(6,6)-(lr=1.0e-5)-(86-params)",classic_NN_6-6,40
21.0,21,369528,CartPole-v1,"CP-ppo-ac-NN(6,6)-(lr=1.0e-5)-(86-params)",classic_NN_6-6,40
14.0,14,369532,CartPole-v1,"CP-ppo-ac-NN(6,6)-(lr=1.0e-5)-(86-params)",classic_NN_6-6,40
20.0,20,369584,CartPole-v1,"CP-ppo-ac-NN(6,6)-(lr=1.0e-5)-(86-params)",classic_NN_6-6,40
15.0,15,369588,CartPole-v1,"CP-ppo-ac-NN(6,6)-(lr=1.0e-5)-(86-params)",classic_NN_6-6,40
33.0,33,369656,CartPole-v1,"CP-ppo-ac-NN(6,6)-(lr=1.0e-5)-(86-params)",classic_NN_6-6,40
21.0,21,369672,CartPole-v1,"CP-ppo-ac-NN(6,6)-(lr=1.0e-5)-(86-params)",classic_NN_6-6,40
55.0,55,369752,CartPole-v1,"CP-ppo-ac-NN(6,6)-(lr=1.0e-5)-(86-params)",classic_NN_6-6,40
44.0,44,369760,CartPole-v1,"CP-ppo-ac-NN(6,6)-(lr=1.0e-5)-(86-params)",classic_NN_6-6,40
36.0,36,369800,CartPole-v1,"CP-ppo-ac-NN(6,6)-(lr=1.0e-5)-(86-params)",classic_NN_6-6,40
37.0,37,369820,CartPole-v1,"CP-ppo-ac-NN(6,6)-(lr=1.0e-5)-(86-params)",classic_NN_6-6,40
39.0,39,369908,CartPole-v1,"CP-ppo-ac-NN(6,6)-(lr=1.0e-5)-(86-params)",classic_NN_6-6,40
29.0,29,369916,CartPole-v1,"CP-ppo-ac-NN(6,6)-(lr=1.0e-5)-(86-params)",classic_NN_6-6,40
49.0,49,370016,CartPole-v1,"CP-ppo-ac-NN(6,6)-(lr=1.0e-5)-(86-params)",classic_NN_6-6,40
35.0,35,370056,CartPole-v1,"CP-ppo-ac-NN(6,6)-(lr=1.0e-5)-(86-params)",classic_NN_6-6,40
84.0,84,370096,CartPole-v1,"CP-ppo-ac-NN(6,6)-(lr=1.0e-5)-(86-params)",classic_NN_6-6,40
21.0,21,370100,CartPole-v1,"CP-ppo-ac-NN(6,6)-(lr=1.0e-5)-(86-params)",classic_NN_6-6,40
62.0,62,370156,CartPole-v1,"CP-ppo-ac-NN(6,6)-(lr=1.0e-5)-(86-params)",classic_NN_6-6,40
15.0,15,370156,CartPole-v1,"CP-ppo-ac-NN(6,6)-(lr=1.0e-5)-(86-params)",classic_NN_6-6,40
32.0,32,370184,CartPole-v1,"CP-ppo-ac-NN(6,6)-(lr=1.0e-5)-(86-params)",classic_NN_6-6,40
13.0,13,370208,CartPole-v1,"CP-ppo-ac-NN(6,6)-(lr=1.0e-5)-(86-params)",classic_NN_6-6,40
28.0,28,370212,CartPole-v1,"CP-ppo-ac-NN(6,6)-(lr=1.0e-5)-(86-params)",classic_NN_6-6,40
23.0,23,370304,CartPole-v1,"CP-ppo-ac-NN(6,6)-(lr=1.0e-5)-(86-params)",classic_NN_6-6,40
41.0,41,370320,CartPole-v1,"CP-ppo-ac-NN(6,6)-(lr=1.0e-5)-(86-params)",classic_NN_6-6,40
52.0,52,370416,CartPole-v1,"CP-ppo-ac-NN(6,6)-(lr=1.0e-5)-(86-params)",classic_NN_6-6,40
28.0,28,370432,CartPole-v1,"CP-ppo-ac-NN(6,6)-(lr=1.0e-5)-(86-params)",classic_NN_6-6,40
23.0,23,370508,CartPole-v1,"CP-ppo-ac-NN(6,6)-(lr=1.0e-5)-(86-params)",classic_NN_6-6,40
54.0,54,370520,CartPole-v1,"CP-ppo-ac-NN(6,6)-(lr=1.0e-5)-(86-params)",classic_NN_6-6,40
36.0,36,370576,CartPole-v1,"CP-ppo-ac-NN(6,6)-(lr=1.0e-5)-(86-params)",classic_NN_6-6,40
100.0,100,370584,CartPole-v1,"CP-ppo-ac-NN(6,6)-(lr=1.0e-5)-(86-params)",classic_NN_6-6,40
33.0,33,370640,CartPole-v1,"CP-ppo-ac-NN(6,6)-(lr=1.0e-5)-(86-params)",classic_NN_6-6,40
19.0,19,370652,CartPole-v1,"CP-ppo-ac-NN(6,6)-(lr=1.0e-5)-(86-params)",classic_NN_6-6,40
25.0,25,370684,CartPole-v1,"CP-ppo-ac-NN(6,6)-(lr=1.0e-5)-(86-params)",classic_NN_6-6,40
48.0,48,370712,CartPole-v1,"CP-ppo-ac-NN(6,6)-(lr=1.0e-5)-(86-params)",classic_NN_6-6,40
25.0,25,370740,CartPole-v1,"CP-ppo-ac-NN(6,6)-(lr=1.0e-5)-(86-params)",classic_NN_6-6,40
40.0,40,370812,CartPole-v1,"CP-ppo-ac-NN(6,6)-(lr=1.0e-5)-(86-params)",classic_NN_6-6,40
33.0,33,370816,CartPole-v1,"CP-ppo-ac-NN(6,6)-(lr=1.0e-5)-(86-params)",classic_NN_6-6,40
28.0,28,370824,CartPole-v1,"CP-ppo-ac-NN(6,6)-(lr=1.0e-5)-(86-params)",classic_NN_6-6,40
32.0,32,370868,CartPole-v1,"CP-ppo-ac-NN(6,6)-(lr=1.0e-5)-(86-params)",classic_NN_6-6,40
20.0,20,370892,CartPole-v1,"CP-ppo-ac-NN(6,6)-(lr=1.0e-5)-(86-params)",classic_NN_6-6,40
25.0,25,370924,CartPole-v1,"CP-ppo-ac-NN(6,6)-(lr=1.0e-5)-(86-params)",classic_NN_6-6,40
22.0,22,370956,CartPole-v1,"CP-ppo-ac-NN(6,6)-(lr=1.0e-5)-(86-params)",classic_NN_6-6,40
37.0,37,370964,CartPole-v1,"CP-ppo-ac-NN(6,6)-(lr=1.0e-5)-(86-params)",classic_NN_6-6,40
24.0,24,370988,CartPole-v1,"CP-ppo-ac-NN(6,6)-(lr=1.0e-5)-(86-params)",classic_NN_6-6,40
24.0,24,371060,CartPole-v1,"CP-ppo-ac-NN(6,6)-(lr=1.0e-5)-(86-params)",classic_NN_6-6,40
22.0,22,371076,CartPole-v1,"CP-ppo-ac-NN(6,6)-(lr=1.0e-5)-(86-params)",classic_NN_6-6,40
51.0,51,371128,CartPole-v1,"CP-ppo-ac-NN(6,6)-(lr=1.0e-5)-(86-params)",classic_NN_6-6,40
32.0,32,371188,CartPole-v1,"CP-ppo-ac-NN(6,6)-(lr=1.0e-5)-(86-params)",classic_NN_6-6,40
19.0,19,371204,CartPole-v1,"CP-ppo-ac-NN(6,6)-(lr=1.0e-5)-(86-params)",classic_NN_6-6,40
34.0,34,371212,CartPole-v1,"CP-ppo-ac-NN(6,6)-(lr=1.0e-5)-(86-params)",classic_NN_6-6,40
81.0,81,371280,CartPole-v1,"CP-ppo-ac-NN(6,6)-(lr=1.0e-5)-(86-params)",classic_NN_6-6,40
26.0,26,371292,CartPole-v1,"CP-ppo-ac-NN(6,6)-(lr=1.0e-5)-(86-params)",classic_NN_6-6,40
23.0,23,371304,CartPole-v1,"CP-ppo-ac-NN(6,6)-(lr=1.0e-5)-(86-params)",classic_NN_6-6,40
17.0,17,371348,CartPole-v1,"CP-ppo-ac-NN(6,6)-(lr=1.0e-5)-(86-params)",classic_NN_6-6,40
16.0,16,371368,CartPole-v1,"CP-ppo-ac-NN(6,6)-(lr=1.0e-5)-(86-params)",classic_NN_6-6,40
27.0,27,371476,CartPole-v1,"CP-ppo-ac-NN(6,6)-(lr=1.0e-5)-(86-params)",classic_NN_6-6,40
41.0,41,371512,CartPole-v1,"CP-ppo-ac-NN(6,6)-(lr=1.0e-5)-(86-params)",classic_NN_6-6,40
61.0,61,371536,CartPole-v1,"CP-ppo-ac-NN(6,6)-(lr=1.0e-5)-(86-params)",classic_NN_6-6,40
17.0,17,371544,CartPole-v1,"CP-ppo-ac-NN(6,6)-(lr=1.0e-5)-(86-params)",classic_NN_6-6,40
15.0,15,371572,CartPole-v1,"CP-ppo-ac-NN(6,6)-(lr=1.0e-5)-(86-params)",classic_NN_6-6,40
95.0,95,371584,CartPole-v1,"CP-ppo-ac-NN(6,6)-(lr=1.0e-5)-(86-params)",classic_NN_6-6,40
47.0,47,371732,CartPole-v1,"CP-ppo-ac-NN(6,6)-(lr=1.0e-5)-(86-params)",classic_NN_6-6,40
39.0,39,371740,CartPole-v1,"CP-ppo-ac-NN(6,6)-(lr=1.0e-5)-(86-params)",classic_NN_6-6,40
15.0,15,371800,CartPole-v1,"CP-ppo-ac-NN(6,6)-(lr=1.0e-5)-(86-params)",classic_NN_6-6,40
57.0,57,371800,CartPole-v1,"CP-ppo-ac-NN(6,6)-(lr=1.0e-5)-(86-params)",classic_NN_6-6,40
18.0,18,371804,CartPole-v1,"CP-ppo-ac-NN(6,6)-(lr=1.0e-5)-(86-params)",classic_NN_6-6,40
77.0,77,371844,CartPole-v1,"CP-ppo-ac-NN(6,6)-(lr=1.0e-5)-(86-params)",classic_NN_6-6,40
22.0,22,371892,CartPole-v1,"CP-ppo-ac-NN(6,6)-(lr=1.0e-5)-(86-params)",classic_NN_6-6,40
25.0,25,371900,CartPole-v1,"CP-ppo-ac-NN(6,6)-(lr=1.0e-5)-(86-params)",classic_NN_6-6,40
19.0,19,371920,CartPole-v1,"CP-ppo-ac-NN(6,6)-(lr=1.0e-5)-(86-params)",classic_NN_6-6,40
20.0,20,372000,CartPole-v1,"CP-ppo-ac-NN(6,6)-(lr=1.0e-5)-(86-params)",classic_NN_6-6,40
49.0,49,372088,CartPole-v1,"CP-ppo-ac-NN(6,6)-(lr=1.0e-5)-(86-params)",classic_NN_6-6,40
28.0,28,372112,CartPole-v1,"CP-ppo-ac-NN(6,6)-(lr=1.0e-5)-(86-params)",classic_NN_6-6,40
55.0,55,372120,CartPole-v1,"CP-ppo-ac-NN(6,6)-(lr=1.0e-5)-(86-params)",classic_NN_6-6,40
15.0,15,372180,CartPole-v1,"CP-ppo-ac-NN(6,6)-(lr=1.0e-5)-(86-params)",classic_NN_6-6,40
20.0,20,372192,CartPole-v1,"CP-ppo-ac-NN(6,6)-(lr=1.0e-5)-(86-params)",classic_NN_6-6,40
103.0,103,372212,CartPole-v1,"CP-ppo-ac-NN(6,6)-(lr=1.0e-5)-(86-params)",classic_NN_6-6,40
34.0,34,372328,CartPole-v1,"CP-ppo-ac-NN(6,6)-(lr=1.0e-5)-(86-params)",classic_NN_6-6,40
39.0,39,372368,CartPole-v1,"CP-ppo-ac-NN(6,6)-(lr=1.0e-5)-(86-params)",classic_NN_6-6,40
73.0,73,372380,CartPole-v1,"CP-ppo-ac-NN(6,6)-(lr=1.0e-5)-(86-params)",classic_NN_6-6,40
55.0,55,372400,CartPole-v1,"CP-ppo-ac-NN(6,6)-(lr=1.0e-5)-(86-params)",classic_NN_6-6,40
32.0,32,372456,CartPole-v1,"CP-ppo-ac-NN(6,6)-(lr=1.0e-5)-(86-params)",classic_NN_6-6,40
32.0,32,372496,CartPole-v1,"CP-ppo-ac-NN(6,6)-(lr=1.0e-5)-(86-params)",classic_NN_6-6,40
24.0,24,372552,CartPole-v1,"CP-ppo-ac-NN(6,6)-(lr=1.0e-5)-(86-params)",classic_NN_6-6,40
39.0,39,372556,CartPole-v1,"CP-ppo-ac-NN(6,6)-(lr=1.0e-5)-(86-params)",classic_NN_6-6,40
55.0,55,372600,CartPole-v1,"CP-ppo-ac-NN(6,6)-(lr=1.0e-5)-(86-params)",classic_NN_6-6,40
30.0,30,372672,CartPole-v1,"CP-ppo-ac-NN(6,6)-(lr=1.0e-5)-(86-params)",classic_NN_6-6,40
21.0,21,372684,CartPole-v1,"CP-ppo-ac-NN(6,6)-(lr=1.0e-5)-(86-params)",classic_NN_6-6,40
51.0,51,372700,CartPole-v1,"CP-ppo-ac-NN(6,6)-(lr=1.0e-5)-(86-params)",classic_NN_6-6,40
30.0,30,372820,CartPole-v1,"CP-ppo-ac-NN(6,6)-(lr=1.0e-5)-(86-params)",classic_NN_6-6,40
70.0,70,372836,CartPole-v1,"CP-ppo-ac-NN(6,6)-(lr=1.0e-5)-(86-params)",classic_NN_6-6,40
50.0,50,372872,CartPole-v1,"CP-ppo-ac-NN(6,6)-(lr=1.0e-5)-(86-params)",classic_NN_6-6,40
21.0,21,372904,CartPole-v1,"CP-ppo-ac-NN(6,6)-(lr=1.0e-5)-(86-params)",classic_NN_6-6,40
56.0,56,372908,CartPole-v1,"CP-ppo-ac-NN(6,6)-(lr=1.0e-5)-(86-params)",classic_NN_6-6,40
33.0,33,372968,CartPole-v1,"CP-ppo-ac-NN(6,6)-(lr=1.0e-5)-(86-params)",classic_NN_6-6,40
33.0,33,373036,CartPole-v1,"CP-ppo-ac-NN(6,6)-(lr=1.0e-5)-(86-params)",classic_NN_6-6,40
45.0,45,373088,CartPole-v1,"CP-ppo-ac-NN(6,6)-(lr=1.0e-5)-(86-params)",classic_NN_6-6,40
32.0,32,373096,CartPole-v1,"CP-ppo-ac-NN(6,6)-(lr=1.0e-5)-(86-params)",classic_NN_6-6,40
23.0,23,373128,CartPole-v1,"CP-ppo-ac-NN(6,6)-(lr=1.0e-5)-(86-params)",classic_NN_6-6,40
17.0,17,373156,CartPole-v1,"CP-ppo-ac-NN(6,6)-(lr=1.0e-5)-(86-params)",classic_NN_6-6,40
72.0,72,373160,CartPole-v1,"CP-ppo-ac-NN(6,6)-(lr=1.0e-5)-(86-params)",classic_NN_6-6,40
32.0,32,373224,CartPole-v1,"CP-ppo-ac-NN(6,6)-(lr=1.0e-5)-(86-params)",classic_NN_6-6,40
22.0,22,373248,CartPole-v1,"CP-ppo-ac-NN(6,6)-(lr=1.0e-5)-(86-params)",classic_NN_6-6,40
35.0,35,373296,CartPole-v1,"CP-ppo-ac-NN(6,6)-(lr=1.0e-5)-(86-params)",classic_NN_6-6,40
46.0,46,373312,CartPole-v1,"CP-ppo-ac-NN(6,6)-(lr=1.0e-5)-(86-params)",classic_NN_6-6,40
25.0,25,373324,CartPole-v1,"CP-ppo-ac-NN(6,6)-(lr=1.0e-5)-(86-params)",classic_NN_6-6,40
19.0,19,373324,CartPole-v1,"CP-ppo-ac-NN(6,6)-(lr=1.0e-5)-(86-params)",classic_NN_6-6,40
16.0,16,373388,CartPole-v1,"CP-ppo-ac-NN(6,6)-(lr=1.0e-5)-(86-params)",classic_NN_6-6,40
27.0,27,373432,CartPole-v1,"CP-ppo-ac-NN(6,6)-(lr=1.0e-5)-(86-params)",classic_NN_6-6,40
24.0,24,373484,CartPole-v1,"CP-ppo-ac-NN(6,6)-(lr=1.0e-5)-(86-params)",classic_NN_6-6,40
18.0,18,373504,CartPole-v1,"CP-ppo-ac-NN(6,6)-(lr=1.0e-5)-(86-params)",classic_NN_6-6,40
50.0,50,373512,CartPole-v1,"CP-ppo-ac-NN(6,6)-(lr=1.0e-5)-(86-params)",classic_NN_6-6,40
11.0,11,373548,CartPole-v1,"CP-ppo-ac-NN(6,6)-(lr=1.0e-5)-(86-params)",classic_NN_6-6,40
14.0,14,373604,CartPole-v1,"CP-ppo-ac-NN(6,6)-(lr=1.0e-5)-(86-params)",classic_NN_6-6,40
77.0,77,373604,CartPole-v1,"CP-ppo-ac-NN(6,6)-(lr=1.0e-5)-(86-params)",classic_NN_6-6,40
39.0,39,373640,CartPole-v1,"CP-ppo-ac-NN(6,6)-(lr=1.0e-5)-(86-params)",classic_NN_6-6,40
37.0,37,373660,CartPole-v1,"CP-ppo-ac-NN(6,6)-(lr=1.0e-5)-(86-params)",classic_NN_6-6,40
27.0,27,373712,CartPole-v1,"CP-ppo-ac-NN(6,6)-(lr=1.0e-5)-(86-params)",classic_NN_6-6,40
17.0,17,373728,CartPole-v1,"CP-ppo-ac-NN(6,6)-(lr=1.0e-5)-(86-params)",classic_NN_6-6,40
48.0,48,373796,CartPole-v1,"CP-ppo-ac-NN(6,6)-(lr=1.0e-5)-(86-params)",classic_NN_6-6,40
24.0,24,373824,CartPole-v1,"CP-ppo-ac-NN(6,6)-(lr=1.0e-5)-(86-params)",classic_NN_6-6,40
47.0,47,373828,CartPole-v1,"CP-ppo-ac-NN(6,6)-(lr=1.0e-5)-(86-params)",classic_NN_6-6,40
42.0,42,373880,CartPole-v1,"CP-ppo-ac-NN(6,6)-(lr=1.0e-5)-(86-params)",classic_NN_6-6,40
41.0,41,373992,CartPole-v1,"CP-ppo-ac-NN(6,6)-(lr=1.0e-5)-(86-params)",classic_NN_6-6,40
44.0,44,374000,CartPole-v1,"CP-ppo-ac-NN(6,6)-(lr=1.0e-5)-(86-params)",classic_NN_6-6,40
58.0,58,374028,CartPole-v1,"CP-ppo-ac-NN(6,6)-(lr=1.0e-5)-(86-params)",classic_NN_6-6,40
19.0,19,374068,CartPole-v1,"CP-ppo-ac-NN(6,6)-(lr=1.0e-5)-(86-params)",classic_NN_6-6,40
25.0,25,374100,CartPole-v1,"CP-ppo-ac-NN(6,6)-(lr=1.0e-5)-(86-params)",classic_NN_6-6,40
70.0,70,374160,CartPole-v1,"CP-ppo-ac-NN(6,6)-(lr=1.0e-5)-(86-params)",classic_NN_6-6,40
16.0,16,374164,CartPole-v1,"CP-ppo-ac-NN(6,6)-(lr=1.0e-5)-(86-params)",classic_NN_6-6,40
35.0,35,374208,CartPole-v1,"CP-ppo-ac-NN(6,6)-(lr=1.0e-5)-(86-params)",classic_NN_6-6,40
20.0,20,374244,CartPole-v1,"CP-ppo-ac-NN(6,6)-(lr=1.0e-5)-(86-params)",classic_NN_6-6,40
13.0,13,374296,CartPole-v1,"CP-ppo-ac-NN(6,6)-(lr=1.0e-5)-(86-params)",classic_NN_6-6,40
68.0,68,374300,CartPole-v1,"CP-ppo-ac-NN(6,6)-(lr=1.0e-5)-(86-params)",classic_NN_6-6,40
61.0,61,374404,CartPole-v1,"CP-ppo-ac-NN(6,6)-(lr=1.0e-5)-(86-params)",classic_NN_6-6,40
56.0,56,374432,CartPole-v1,"CP-ppo-ac-NN(6,6)-(lr=1.0e-5)-(86-params)",classic_NN_6-6,40
40.0,40,374460,CartPole-v1,"CP-ppo-ac-NN(6,6)-(lr=1.0e-5)-(86-params)",classic_NN_6-6,40
21.0,21,374544,CartPole-v1,"CP-ppo-ac-NN(6,6)-(lr=1.0e-5)-(86-params)",classic_NN_6-6,40
63.0,63,374548,CartPole-v1,"CP-ppo-ac-NN(6,6)-(lr=1.0e-5)-(86-params)",classic_NN_6-6,40
20.0,20,374624,CartPole-v1,"CP-ppo-ac-NN(6,6)-(lr=1.0e-5)-(86-params)",classic_NN_6-6,40
70.0,70,374684,CartPole-v1,"CP-ppo-ac-NN(6,6)-(lr=1.0e-5)-(86-params)",classic_NN_6-6,40
69.0,69,374708,CartPole-v1,"CP-ppo-ac-NN(6,6)-(lr=1.0e-5)-(86-params)",classic_NN_6-6,40
57.0,57,374776,CartPole-v1,"CP-ppo-ac-NN(6,6)-(lr=1.0e-5)-(86-params)",classic_NN_6-6,40
25.0,25,374876,CartPole-v1,"CP-ppo-ac-NN(6,6)-(lr=1.0e-5)-(86-params)",classic_NN_6-6,40
54.0,54,374900,CartPole-v1,"CP-ppo-ac-NN(6,6)-(lr=1.0e-5)-(86-params)",classic_NN_6-6,40
78.0,78,374936,CartPole-v1,"CP-ppo-ac-NN(6,6)-(lr=1.0e-5)-(86-params)",classic_NN_6-6,40
29.0,29,374992,CartPole-v1,"CP-ppo-ac-NN(6,6)-(lr=1.0e-5)-(86-params)",classic_NN_6-6,40
31.0,31,375024,CartPole-v1,"CP-ppo-ac-NN(6,6)-(lr=1.0e-5)-(86-params)",classic_NN_6-6,40
87.0,87,375056,CartPole-v1,"CP-ppo-ac-NN(6,6)-(lr=1.0e-5)-(86-params)",classic_NN_6-6,40
29.0,29,375108,CartPole-v1,"CP-ppo-ac-NN(6,6)-(lr=1.0e-5)-(86-params)",classic_NN_6-6,40
14.0,14,375112,CartPole-v1,"CP-ppo-ac-NN(6,6)-(lr=1.0e-5)-(86-params)",classic_NN_6-6,40
62.0,62,375184,CartPole-v1,"CP-ppo-ac-NN(6,6)-(lr=1.0e-5)-(86-params)",classic_NN_6-6,40
22.0,22,375200,CartPole-v1,"CP-ppo-ac-NN(6,6)-(lr=1.0e-5)-(86-params)",classic_NN_6-6,40
25.0,25,375208,CartPole-v1,"CP-ppo-ac-NN(6,6)-(lr=1.0e-5)-(86-params)",classic_NN_6-6,40
60.0,60,375264,CartPole-v1,"CP-ppo-ac-NN(6,6)-(lr=1.0e-5)-(86-params)",classic_NN_6-6,40
20.0,20,375288,CartPole-v1,"CP-ppo-ac-NN(6,6)-(lr=1.0e-5)-(86-params)",classic_NN_6-6,40
19.0,19,375364,CartPole-v1,"CP-ppo-ac-NN(6,6)-(lr=1.0e-5)-(86-params)",classic_NN_6-6,40
28.0,28,375376,CartPole-v1,"CP-ppo-ac-NN(6,6)-(lr=1.0e-5)-(86-params)",classic_NN_6-6,40
51.0,51,375388,CartPole-v1,"CP-ppo-ac-NN(6,6)-(lr=1.0e-5)-(86-params)",classic_NN_6-6,40
15.0,15,375448,CartPole-v1,"CP-ppo-ac-NN(6,6)-(lr=1.0e-5)-(86-params)",classic_NN_6-6,40
72.0,72,375488,CartPole-v1,"CP-ppo-ac-NN(6,6)-(lr=1.0e-5)-(86-params)",classic_NN_6-6,40
11.0,11,375532,CartPole-v1,"CP-ppo-ac-NN(6,6)-(lr=1.0e-5)-(86-params)",classic_NN_6-6,40
32.0,32,375576,CartPole-v1,"CP-ppo-ac-NN(6,6)-(lr=1.0e-5)-(86-params)",classic_NN_6-6,40
55.0,55,375584,CartPole-v1,"CP-ppo-ac-NN(6,6)-(lr=1.0e-5)-(86-params)",classic_NN_6-6,40
40.0,40,375692,CartPole-v1,"CP-ppo-ac-NN(6,6)-(lr=1.0e-5)-(86-params)",classic_NN_6-6,40
37.0,37,375724,CartPole-v1,"CP-ppo-ac-NN(6,6)-(lr=1.0e-5)-(86-params)",classic_NN_6-6,40
37.0,37,375732,CartPole-v1,"CP-ppo-ac-NN(6,6)-(lr=1.0e-5)-(86-params)",classic_NN_6-6,40
100.0,100,375776,CartPole-v1,"CP-ppo-ac-NN(6,6)-(lr=1.0e-5)-(86-params)",classic_NN_6-6,40
37.0,37,375840,CartPole-v1,"CP-ppo-ac-NN(6,6)-(lr=1.0e-5)-(86-params)",classic_NN_6-6,40
47.0,47,375920,CartPole-v1,"CP-ppo-ac-NN(6,6)-(lr=1.0e-5)-(86-params)",classic_NN_6-6,40
52.0,52,375932,CartPole-v1,"CP-ppo-ac-NN(6,6)-(lr=1.0e-5)-(86-params)",classic_NN_6-6,40
44.0,44,375952,CartPole-v1,"CP-ppo-ac-NN(6,6)-(lr=1.0e-5)-(86-params)",classic_NN_6-6,40
13.0,13,376004,CartPole-v1,"CP-ppo-ac-NN(6,6)-(lr=1.0e-5)-(86-params)",classic_NN_6-6,40
20.0,20,376012,CartPole-v1,"CP-ppo-ac-NN(6,6)-(lr=1.0e-5)-(86-params)",classic_NN_6-6,40
46.0,46,376024,CartPole-v1,"CP-ppo-ac-NN(6,6)-(lr=1.0e-5)-(86-params)",classic_NN_6-6,40
23.0,23,376104,CartPole-v1,"CP-ppo-ac-NN(6,6)-(lr=1.0e-5)-(86-params)",classic_NN_6-6,40
34.0,34,376140,CartPole-v1,"CP-ppo-ac-NN(6,6)-(lr=1.0e-5)-(86-params)",classic_NN_6-6,40
33.0,33,376156,CartPole-v1,"CP-ppo-ac-NN(6,6)-(lr=1.0e-5)-(86-params)",classic_NN_6-6,40
66.0,66,376184,CartPole-v1,"CP-ppo-ac-NN(6,6)-(lr=1.0e-5)-(86-params)",classic_NN_6-6,40
19.0,19,376216,CartPole-v1,"CP-ppo-ac-NN(6,6)-(lr=1.0e-5)-(86-params)",classic_NN_6-6,40
31.0,31,376228,CartPole-v1,"CP-ppo-ac-NN(6,6)-(lr=1.0e-5)-(86-params)",classic_NN_6-6,40
22.0,22,376244,CartPole-v1,"CP-ppo-ac-NN(6,6)-(lr=1.0e-5)-(86-params)",classic_NN_6-6,40
20.0,20,376308,CartPole-v1,"CP-ppo-ac-NN(6,6)-(lr=1.0e-5)-(86-params)",classic_NN_6-6,40
16.0,16,376308,CartPole-v1,"CP-ppo-ac-NN(6,6)-(lr=1.0e-5)-(86-params)",classic_NN_6-6,40
32.0,32,376312,CartPole-v1,"CP-ppo-ac-NN(6,6)-(lr=1.0e-5)-(86-params)",classic_NN_6-6,40
40.0,40,376376,CartPole-v1,"CP-ppo-ac-NN(6,6)-(lr=1.0e-5)-(86-params)",classic_NN_6-6,40
21.0,21,376392,CartPole-v1,"CP-ppo-ac-NN(6,6)-(lr=1.0e-5)-(86-params)",classic_NN_6-6,40
22.0,22,376400,CartPole-v1,"CP-ppo-ac-NN(6,6)-(lr=1.0e-5)-(86-params)",classic_NN_6-6,40
28.0,28,376420,CartPole-v1,"CP-ppo-ac-NN(6,6)-(lr=1.0e-5)-(86-params)",classic_NN_6-6,40
18.0,18,376448,CartPole-v1,"CP-ppo-ac-NN(6,6)-(lr=1.0e-5)-(86-params)",classic_NN_6-6,40
21.0,21,376484,CartPole-v1,"CP-ppo-ac-NN(6,6)-(lr=1.0e-5)-(86-params)",classic_NN_6-6,40
22.0,22,376536,CartPole-v1,"CP-ppo-ac-NN(6,6)-(lr=1.0e-5)-(86-params)",classic_NN_6-6,40
33.0,33,376616,CartPole-v1,"CP-ppo-ac-NN(6,6)-(lr=1.0e-5)-(86-params)",classic_NN_6-6,40
70.0,70,376700,CartPole-v1,"CP-ppo-ac-NN(6,6)-(lr=1.0e-5)-(86-params)",classic_NN_6-6,40
48.0,48,376728,CartPole-v1,"CP-ppo-ac-NN(6,6)-(lr=1.0e-5)-(86-params)",classic_NN_6-6,40
91.0,91,376756,CartPole-v1,"CP-ppo-ac-NN(6,6)-(lr=1.0e-5)-(86-params)",classic_NN_6-6,40
26.0,26,376804,CartPole-v1,"CP-ppo-ac-NN(6,6)-(lr=1.0e-5)-(86-params)",classic_NN_6-6,40
20.0,20,376808,CartPole-v1,"CP-ppo-ac-NN(6,6)-(lr=1.0e-5)-(86-params)",classic_NN_6-6,40
19.0,19,376832,CartPole-v1,"CP-ppo-ac-NN(6,6)-(lr=1.0e-5)-(86-params)",classic_NN_6-6,40
55.0,55,376836,CartPole-v1,"CP-ppo-ac-NN(6,6)-(lr=1.0e-5)-(86-params)",classic_NN_6-6,40
31.0,31,376932,CartPole-v1,"CP-ppo-ac-NN(6,6)-(lr=1.0e-5)-(86-params)",classic_NN_6-6,40
34.0,34,376940,CartPole-v1,"CP-ppo-ac-NN(6,6)-(lr=1.0e-5)-(86-params)",classic_NN_6-6,40
42.0,42,377004,CartPole-v1,"CP-ppo-ac-NN(6,6)-(lr=1.0e-5)-(86-params)",classic_NN_6-6,40
18.0,18,377004,CartPole-v1,"CP-ppo-ac-NN(6,6)-(lr=1.0e-5)-(86-params)",classic_NN_6-6,40
51.0,51,377036,CartPole-v1,"CP-ppo-ac-NN(6,6)-(lr=1.0e-5)-(86-params)",classic_NN_6-6,40
41.0,41,377104,CartPole-v1,"CP-ppo-ac-NN(6,6)-(lr=1.0e-5)-(86-params)",classic_NN_6-6,40
24.0,24,377132,CartPole-v1,"CP-ppo-ac-NN(6,6)-(lr=1.0e-5)-(86-params)",classic_NN_6-6,40
38.0,38,377156,CartPole-v1,"CP-ppo-ac-NN(6,6)-(lr=1.0e-5)-(86-params)",classic_NN_6-6,40
13.0,13,377156,CartPole-v1,"CP-ppo-ac-NN(6,6)-(lr=1.0e-5)-(86-params)",classic_NN_6-6,40
47.0,47,377192,CartPole-v1,"CP-ppo-ac-NN(6,6)-(lr=1.0e-5)-(86-params)",classic_NN_6-6,40
22.0,22,377244,CartPole-v1,"CP-ppo-ac-NN(6,6)-(lr=1.0e-5)-(86-params)",classic_NN_6-6,40
31.0,31,377256,CartPole-v1,"CP-ppo-ac-NN(6,6)-(lr=1.0e-5)-(86-params)",classic_NN_6-6,40
20.0,20,377272,CartPole-v1,"CP-ppo-ac-NN(6,6)-(lr=1.0e-5)-(86-params)",classic_NN_6-6,40
15.0,15,377304,CartPole-v1,"CP-ppo-ac-NN(6,6)-(lr=1.0e-5)-(86-params)",classic_NN_6-6,40
18.0,18,377328,CartPole-v1,"CP-ppo-ac-NN(6,6)-(lr=1.0e-5)-(86-params)",classic_NN_6-6,40
19.0,19,377404,CartPole-v1,"CP-ppo-ac-NN(6,6)-(lr=1.0e-5)-(86-params)",classic_NN_6-6,40
36.0,36,377416,CartPole-v1,"CP-ppo-ac-NN(6,6)-(lr=1.0e-5)-(86-params)",classic_NN_6-6,40
73.0,73,377448,CartPole-v1,"CP-ppo-ac-NN(6,6)-(lr=1.0e-5)-(86-params)",classic_NN_6-6,40
21.0,21,377488,CartPole-v1,"CP-ppo-ac-NN(6,6)-(lr=1.0e-5)-(86-params)",classic_NN_6-6,40
48.0,48,377496,CartPole-v1,"CP-ppo-ac-NN(6,6)-(lr=1.0e-5)-(86-params)",classic_NN_6-6,40
34.0,34,377552,CartPole-v1,"CP-ppo-ac-NN(6,6)-(lr=1.0e-5)-(86-params)",classic_NN_6-6,40
18.0,18,377560,CartPole-v1,"CP-ppo-ac-NN(6,6)-(lr=1.0e-5)-(86-params)",classic_NN_6-6,40
38.0,38,377648,CartPole-v1,"CP-ppo-ac-NN(6,6)-(lr=1.0e-5)-(86-params)",classic_NN_6-6,40
25.0,25,377652,CartPole-v1,"CP-ppo-ac-NN(6,6)-(lr=1.0e-5)-(86-params)",classic_NN_6-6,40
72.0,72,377736,CartPole-v1,"CP-ppo-ac-NN(6,6)-(lr=1.0e-5)-(86-params)",classic_NN_6-6,40
25.0,25,377752,CartPole-v1,"CP-ppo-ac-NN(6,6)-(lr=1.0e-5)-(86-params)",classic_NN_6-6,40
29.0,29,377764,CartPole-v1,"CP-ppo-ac-NN(6,6)-(lr=1.0e-5)-(86-params)",classic_NN_6-6,40
17.0,17,377832,CartPole-v1,"CP-ppo-ac-NN(6,6)-(lr=1.0e-5)-(86-params)",classic_NN_6-6,40
12.0,12,377880,CartPole-v1,"CP-ppo-ac-NN(6,6)-(lr=1.0e-5)-(86-params)",classic_NN_6-6,40
41.0,41,377900,CartPole-v1,"CP-ppo-ac-NN(6,6)-(lr=1.0e-5)-(86-params)",classic_NN_6-6,40
92.0,92,377928,CartPole-v1,"CP-ppo-ac-NN(6,6)-(lr=1.0e-5)-(86-params)",classic_NN_6-6,40
35.0,35,378040,CartPole-v1,"CP-ppo-ac-NN(6,6)-(lr=1.0e-5)-(86-params)",classic_NN_6-6,40
32.0,32,378056,CartPole-v1,"CP-ppo-ac-NN(6,6)-(lr=1.0e-5)-(86-params)",classic_NN_6-6,40
88.0,88,378104,CartPole-v1,"CP-ppo-ac-NN(6,6)-(lr=1.0e-5)-(86-params)",classic_NN_6-6,40
26.0,26,378144,CartPole-v1,"CP-ppo-ac-NN(6,6)-(lr=1.0e-5)-(86-params)",classic_NN_6-6,40
23.0,23,378196,CartPole-v1,"CP-ppo-ac-NN(6,6)-(lr=1.0e-5)-(86-params)",classic_NN_6-6,40
88.0,88,378232,CartPole-v1,"CP-ppo-ac-NN(6,6)-(lr=1.0e-5)-(86-params)",classic_NN_6-6,40
22.0,22,378232,CartPole-v1,"CP-ppo-ac-NN(6,6)-(lr=1.0e-5)-(86-params)",classic_NN_6-6,40
48.0,48,378248,CartPole-v1,"CP-ppo-ac-NN(6,6)-(lr=1.0e-5)-(86-params)",classic_NN_6-6,40
12.0,12,378280,CartPole-v1,"CP-ppo-ac-NN(6,6)-(lr=1.0e-5)-(86-params)",classic_NN_6-6,40
13.0,13,378300,CartPole-v1,"CP-ppo-ac-NN(6,6)-(lr=1.0e-5)-(86-params)",classic_NN_6-6,40
20.0,20,378312,CartPole-v1,"CP-ppo-ac-NN(6,6)-(lr=1.0e-5)-(86-params)",classic_NN_6-6,40
32.0,32,378324,CartPole-v1,"CP-ppo-ac-NN(6,6)-(lr=1.0e-5)-(86-params)",classic_NN_6-6,40
12.0,12,378360,CartPole-v1,"CP-ppo-ac-NN(6,6)-(lr=1.0e-5)-(86-params)",classic_NN_6-6,40
11.0,11,378368,CartPole-v1,"CP-ppo-ac-NN(6,6)-(lr=1.0e-5)-(86-params)",classic_NN_6-6,40
23.0,23,378392,CartPole-v1,"CP-ppo-ac-NN(6,6)-(lr=1.0e-5)-(86-params)",classic_NN_6-6,40
30.0,30,378400,CartPole-v1,"CP-ppo-ac-NN(6,6)-(lr=1.0e-5)-(86-params)",classic_NN_6-6,40
32.0,32,378488,CartPole-v1,"CP-ppo-ac-NN(6,6)-(lr=1.0e-5)-(86-params)",classic_NN_6-6,40
45.0,45,378572,CartPole-v1,"CP-ppo-ac-NN(6,6)-(lr=1.0e-5)-(86-params)",classic_NN_6-6,40
61.0,61,378612,CartPole-v1,"CP-ppo-ac-NN(6,6)-(lr=1.0e-5)-(86-params)",classic_NN_6-6,40
13.0,13,378624,CartPole-v1,"CP-ppo-ac-NN(6,6)-(lr=1.0e-5)-(86-params)",classic_NN_6-6,40
59.0,59,378636,CartPole-v1,"CP-ppo-ac-NN(6,6)-(lr=1.0e-5)-(86-params)",classic_NN_6-6,40
47.0,47,378676,CartPole-v1,"CP-ppo-ac-NN(6,6)-(lr=1.0e-5)-(86-params)",classic_NN_6-6,40
15.0,15,378696,CartPole-v1,"CP-ppo-ac-NN(6,6)-(lr=1.0e-5)-(86-params)",classic_NN_6-6,40
25.0,25,378724,CartPole-v1,"CP-ppo-ac-NN(6,6)-(lr=1.0e-5)-(86-params)",classic_NN_6-6,40
22.0,22,378784,CartPole-v1,"CP-ppo-ac-NN(6,6)-(lr=1.0e-5)-(86-params)",classic_NN_6-6,40
19.0,19,378800,CartPole-v1,"CP-ppo-ac-NN(6,6)-(lr=1.0e-5)-(86-params)",classic_NN_6-6,40
50.0,50,378876,CartPole-v1,"CP-ppo-ac-NN(6,6)-(lr=1.0e-5)-(86-params)",classic_NN_6-6,40
70.0,70,378892,CartPole-v1,"CP-ppo-ac-NN(6,6)-(lr=1.0e-5)-(86-params)",classic_NN_6-6,40
24.0,24,378896,CartPole-v1,"CP-ppo-ac-NN(6,6)-(lr=1.0e-5)-(86-params)",classic_NN_6-6,40
42.0,42,378952,CartPole-v1,"CP-ppo-ac-NN(6,6)-(lr=1.0e-5)-(86-params)",classic_NN_6-6,40
24.0,24,378972,CartPole-v1,"CP-ppo-ac-NN(6,6)-(lr=1.0e-5)-(86-params)",classic_NN_6-6,40
18.0,18,379024,CartPole-v1,"CP-ppo-ac-NN(6,6)-(lr=1.0e-5)-(86-params)",classic_NN_6-6,40
37.0,37,379044,CartPole-v1,"CP-ppo-ac-NN(6,6)-(lr=1.0e-5)-(86-params)",classic_NN_6-6,40
39.0,39,379048,CartPole-v1,"CP-ppo-ac-NN(6,6)-(lr=1.0e-5)-(86-params)",classic_NN_6-6,40
34.0,34,379108,CartPole-v1,"CP-ppo-ac-NN(6,6)-(lr=1.0e-5)-(86-params)",classic_NN_6-6,40
27.0,27,379132,CartPole-v1,"CP-ppo-ac-NN(6,6)-(lr=1.0e-5)-(86-params)",classic_NN_6-6,40
33.0,33,379180,CartPole-v1,"CP-ppo-ac-NN(6,6)-(lr=1.0e-5)-(86-params)",classic_NN_6-6,40
60.0,60,379284,CartPole-v1,"CP-ppo-ac-NN(6,6)-(lr=1.0e-5)-(86-params)",classic_NN_6-6,40
50.0,50,379308,CartPole-v1,"CP-ppo-ac-NN(6,6)-(lr=1.0e-5)-(86-params)",classic_NN_6-6,40
51.0,51,379336,CartPole-v1,"CP-ppo-ac-NN(6,6)-(lr=1.0e-5)-(86-params)",classic_NN_6-6,40
20.0,20,379388,CartPole-v1,"CP-ppo-ac-NN(6,6)-(lr=1.0e-5)-(86-params)",classic_NN_6-6,40
29.0,29,379400,CartPole-v1,"CP-ppo-ac-NN(6,6)-(lr=1.0e-5)-(86-params)",classic_NN_6-6,40
60.0,60,379420,CartPole-v1,"CP-ppo-ac-NN(6,6)-(lr=1.0e-5)-(86-params)",classic_NN_6-6,40
29.0,29,379504,CartPole-v1,"CP-ppo-ac-NN(6,6)-(lr=1.0e-5)-(86-params)",classic_NN_6-6,40
40.0,40,379560,CartPole-v1,"CP-ppo-ac-NN(6,6)-(lr=1.0e-5)-(86-params)",classic_NN_6-6,40
61.0,61,379580,CartPole-v1,"CP-ppo-ac-NN(6,6)-(lr=1.0e-5)-(86-params)",classic_NN_6-6,40
26.0,26,379608,CartPole-v1,"CP-ppo-ac-NN(6,6)-(lr=1.0e-5)-(86-params)",classic_NN_6-6,40
58.0,58,379652,CartPole-v1,"CP-ppo-ac-NN(6,6)-(lr=1.0e-5)-(86-params)",classic_NN_6-6,40
20.0,20,379660,CartPole-v1,"CP-ppo-ac-NN(6,6)-(lr=1.0e-5)-(86-params)",classic_NN_6-6,40
19.0,19,379684,CartPole-v1,"CP-ppo-ac-NN(6,6)-(lr=1.0e-5)-(86-params)",classic_NN_6-6,40
17.0,17,379720,CartPole-v1,"CP-ppo-ac-NN(6,6)-(lr=1.0e-5)-(86-params)",classic_NN_6-6,40
25.0,25,379760,CartPole-v1,"CP-ppo-ac-NN(6,6)-(lr=1.0e-5)-(86-params)",classic_NN_6-6,40
33.0,33,379816,CartPole-v1,"CP-ppo-ac-NN(6,6)-(lr=1.0e-5)-(86-params)",classic_NN_6-6,40
15.0,15,379820,CartPole-v1,"CP-ppo-ac-NN(6,6)-(lr=1.0e-5)-(86-params)",classic_NN_6-6,40
37.0,37,379868,CartPole-v1,"CP-ppo-ac-NN(6,6)-(lr=1.0e-5)-(86-params)",classic_NN_6-6,40
27.0,27,379924,CartPole-v1,"CP-ppo-ac-NN(6,6)-(lr=1.0e-5)-(86-params)",classic_NN_6-6,40
101.0,101,379964,CartPole-v1,"CP-ppo-ac-NN(6,6)-(lr=1.0e-5)-(86-params)",classic_NN_6-6,40
13.0,13,380016,CartPole-v1,"CP-ppo-ac-NN(6,6)-(lr=1.0e-5)-(86-params)",classic_NN_6-6,40
51.0,51,380024,CartPole-v1,"CP-ppo-ac-NN(6,6)-(lr=1.0e-5)-(86-params)",classic_NN_6-6,40
44.0,44,380044,CartPole-v1,"CP-ppo-ac-NN(6,6)-(lr=1.0e-5)-(86-params)",classic_NN_6-6,40
11.0,11,380060,CartPole-v1,"CP-ppo-ac-NN(6,6)-(lr=1.0e-5)-(86-params)",classic_NN_6-6,40
34.0,34,380060,CartPole-v1,"CP-ppo-ac-NN(6,6)-(lr=1.0e-5)-(86-params)",classic_NN_6-6,40
20.0,20,380140,CartPole-v1,"CP-ppo-ac-NN(6,6)-(lr=1.0e-5)-(86-params)",classic_NN_6-6,40
41.0,41,380188,CartPole-v1,"CP-ppo-ac-NN(6,6)-(lr=1.0e-5)-(86-params)",classic_NN_6-6,40
15.0,15,380200,CartPole-v1,"CP-ppo-ac-NN(6,6)-(lr=1.0e-5)-(86-params)",classic_NN_6-6,40
44.0,44,380236,CartPole-v1,"CP-ppo-ac-NN(6,6)-(lr=1.0e-5)-(86-params)",classic_NN_6-6,40
28.0,28,380300,CartPole-v1,"CP-ppo-ac-NN(6,6)-(lr=1.0e-5)-(86-params)",classic_NN_6-6,40
65.0,65,380304,CartPole-v1,"CP-ppo-ac-NN(6,6)-(lr=1.0e-5)-(86-params)",classic_NN_6-6,40
43.0,43,380372,CartPole-v1,"CP-ppo-ac-NN(6,6)-(lr=1.0e-5)-(86-params)",classic_NN_6-6,40
24.0,24,380396,CartPole-v1,"CP-ppo-ac-NN(6,6)-(lr=1.0e-5)-(86-params)",classic_NN_6-6,40
40.0,40,380396,CartPole-v1,"CP-ppo-ac-NN(6,6)-(lr=1.0e-5)-(86-params)",classic_NN_6-6,40
35.0,35,380444,CartPole-v1,"CP-ppo-ac-NN(6,6)-(lr=1.0e-5)-(86-params)",classic_NN_6-6,40
20.0,20,380476,CartPole-v1,"CP-ppo-ac-NN(6,6)-(lr=1.0e-5)-(86-params)",classic_NN_6-6,40
30.0,30,380492,CartPole-v1,"CP-ppo-ac-NN(6,6)-(lr=1.0e-5)-(86-params)",classic_NN_6-6,40
26.0,26,380500,CartPole-v1,"CP-ppo-ac-NN(6,6)-(lr=1.0e-5)-(86-params)",classic_NN_6-6,40
15.0,15,380536,CartPole-v1,"CP-ppo-ac-NN(6,6)-(lr=1.0e-5)-(86-params)",classic_NN_6-6,40
26.0,26,380548,CartPole-v1,"CP-ppo-ac-NN(6,6)-(lr=1.0e-5)-(86-params)",classic_NN_6-6,40
14.0,14,380592,CartPole-v1,"CP-ppo-ac-NN(6,6)-(lr=1.0e-5)-(86-params)",classic_NN_6-6,40
45.0,45,380728,CartPole-v1,"CP-ppo-ac-NN(6,6)-(lr=1.0e-5)-(86-params)",classic_NN_6-6,40
41.0,41,380756,CartPole-v1,"CP-ppo-ac-NN(6,6)-(lr=1.0e-5)-(86-params)",classic_NN_6-6,40
74.0,74,380788,CartPole-v1,"CP-ppo-ac-NN(6,6)-(lr=1.0e-5)-(86-params)",classic_NN_6-6,40
20.0,20,380808,CartPole-v1,"CP-ppo-ac-NN(6,6)-(lr=1.0e-5)-(86-params)",classic_NN_6-6,40
26.0,26,380860,CartPole-v1,"CP-ppo-ac-NN(6,6)-(lr=1.0e-5)-(86-params)",classic_NN_6-6,40
90.0,90,380860,CartPole-v1,"CP-ppo-ac-NN(6,6)-(lr=1.0e-5)-(86-params)",classic_NN_6-6,40
18.0,18,380880,CartPole-v1,"CP-ppo-ac-NN(6,6)-(lr=1.0e-5)-(86-params)",classic_NN_6-6,40
13.0,13,380912,CartPole-v1,"CP-ppo-ac-NN(6,6)-(lr=1.0e-5)-(86-params)",classic_NN_6-6,40
21.0,21,380944,CartPole-v1,"CP-ppo-ac-NN(6,6)-(lr=1.0e-5)-(86-params)",classic_NN_6-6,40
32.0,32,381072,CartPole-v1,"CP-ppo-ac-NN(6,6)-(lr=1.0e-5)-(86-params)",classic_NN_6-6,40
43.0,43,381084,CartPole-v1,"CP-ppo-ac-NN(6,6)-(lr=1.0e-5)-(86-params)",classic_NN_6-6,40
82.0,82,381116,CartPole-v1,"CP-ppo-ac-NN(6,6)-(lr=1.0e-5)-(86-params)",classic_NN_6-6,40
61.0,61,381124,CartPole-v1,"CP-ppo-ac-NN(6,6)-(lr=1.0e-5)-(86-params)",classic_NN_6-6,40
25.0,25,381172,CartPole-v1,"CP-ppo-ac-NN(6,6)-(lr=1.0e-5)-(86-params)",classic_NN_6-6,40
28.0,28,381196,CartPole-v1,"CP-ppo-ac-NN(6,6)-(lr=1.0e-5)-(86-params)",classic_NN_6-6,40
20.0,20,381204,CartPole-v1,"CP-ppo-ac-NN(6,6)-(lr=1.0e-5)-(86-params)",classic_NN_6-6,40
23.0,23,381264,CartPole-v1,"CP-ppo-ac-NN(6,6)-(lr=1.0e-5)-(86-params)",classic_NN_6-6,40
21.0,21,381280,CartPole-v1,"CP-ppo-ac-NN(6,6)-(lr=1.0e-5)-(86-params)",classic_NN_6-6,40
51.0,51,381320,CartPole-v1,"CP-ppo-ac-NN(6,6)-(lr=1.0e-5)-(86-params)",classic_NN_6-6,40
26.0,26,381368,CartPole-v1,"CP-ppo-ac-NN(6,6)-(lr=1.0e-5)-(86-params)",classic_NN_6-6,40
45.0,45,381384,CartPole-v1,"CP-ppo-ac-NN(6,6)-(lr=1.0e-5)-(86-params)",classic_NN_6-6,40
38.0,38,381432,CartPole-v1,"CP-ppo-ac-NN(6,6)-(lr=1.0e-5)-(86-params)",classic_NN_6-6,40
20.0,20,381464,CartPole-v1,"CP-ppo-ac-NN(6,6)-(lr=1.0e-5)-(86-params)",classic_NN_6-6,40
13.0,13,381484,CartPole-v1,"CP-ppo-ac-NN(6,6)-(lr=1.0e-5)-(86-params)",classic_NN_6-6,40
31.0,31,381492,CartPole-v1,"CP-ppo-ac-NN(6,6)-(lr=1.0e-5)-(86-params)",classic_NN_6-6,40
34.0,34,381600,CartPole-v1,"CP-ppo-ac-NN(6,6)-(lr=1.0e-5)-(86-params)",classic_NN_6-6,40
36.0,36,381636,CartPole-v1,"CP-ppo-ac-NN(6,6)-(lr=1.0e-5)-(86-params)",classic_NN_6-6,40
94.0,94,381696,CartPole-v1,"CP-ppo-ac-NN(6,6)-(lr=1.0e-5)-(86-params)",classic_NN_6-6,40
16.0,16,381700,CartPole-v1,"CP-ppo-ac-NN(6,6)-(lr=1.0e-5)-(86-params)",classic_NN_6-6,40
28.0,28,381712,CartPole-v1,"CP-ppo-ac-NN(6,6)-(lr=1.0e-5)-(86-params)",classic_NN_6-6,40
35.0,35,381836,CartPole-v1,"CP-ppo-ac-NN(6,6)-(lr=1.0e-5)-(86-params)",classic_NN_6-6,40
95.0,95,381864,CartPole-v1,"CP-ppo-ac-NN(6,6)-(lr=1.0e-5)-(86-params)",classic_NN_6-6,40
40.0,40,381872,CartPole-v1,"CP-ppo-ac-NN(6,6)-(lr=1.0e-5)-(86-params)",classic_NN_6-6,40
22.0,22,381924,CartPole-v1,"CP-ppo-ac-NN(6,6)-(lr=1.0e-5)-(86-params)",classic_NN_6-6,40
69.0,69,381976,CartPole-v1,"CP-ppo-ac-NN(6,6)-(lr=1.0e-5)-(86-params)",classic_NN_6-6,40
31.0,31,381988,CartPole-v1,"CP-ppo-ac-NN(6,6)-(lr=1.0e-5)-(86-params)",classic_NN_6-6,40
18.0,18,381996,CartPole-v1,"CP-ppo-ac-NN(6,6)-(lr=1.0e-5)-(86-params)",classic_NN_6-6,40
20.0,20,382076,CartPole-v1,"CP-ppo-ac-NN(6,6)-(lr=1.0e-5)-(86-params)",classic_NN_6-6,40
32.0,32,382104,CartPole-v1,"CP-ppo-ac-NN(6,6)-(lr=1.0e-5)-(86-params)",classic_NN_6-6,40
65.0,65,382132,CartPole-v1,"CP-ppo-ac-NN(6,6)-(lr=1.0e-5)-(86-params)",classic_NN_6-6,40
20.0,20,382156,CartPole-v1,"CP-ppo-ac-NN(6,6)-(lr=1.0e-5)-(86-params)",classic_NN_6-6,40
34.0,34,382268,CartPole-v1,"CP-ppo-ac-NN(6,6)-(lr=1.0e-5)-(86-params)",classic_NN_6-6,40
34.0,34,382292,CartPole-v1,"CP-ppo-ac-NN(6,6)-(lr=1.0e-5)-(86-params)",classic_NN_6-6,40
57.0,57,382332,CartPole-v1,"CP-ppo-ac-NN(6,6)-(lr=1.0e-5)-(86-params)",classic_NN_6-6,40
22.0,22,382356,CartPole-v1,"CP-ppo-ac-NN(6,6)-(lr=1.0e-5)-(86-params)",classic_NN_6-6,40
98.0,98,382380,CartPole-v1,"CP-ppo-ac-NN(6,6)-(lr=1.0e-5)-(86-params)",classic_NN_6-6,40
16.0,16,382396,CartPole-v1,"CP-ppo-ac-NN(6,6)-(lr=1.0e-5)-(86-params)",classic_NN_6-6,40
38.0,38,382444,CartPole-v1,"CP-ppo-ac-NN(6,6)-(lr=1.0e-5)-(86-params)",classic_NN_6-6,40
29.0,29,382496,CartPole-v1,"CP-ppo-ac-NN(6,6)-(lr=1.0e-5)-(86-params)",classic_NN_6-6,40
36.0,36,382500,CartPole-v1,"CP-ppo-ac-NN(6,6)-(lr=1.0e-5)-(86-params)",classic_NN_6-6,40
32.0,32,382524,CartPole-v1,"CP-ppo-ac-NN(6,6)-(lr=1.0e-5)-(86-params)",classic_NN_6-6,40
9.0,9,382536,CartPole-v1,"CP-ppo-ac-NN(6,6)-(lr=1.0e-5)-(86-params)",classic_NN_6-6,40
19.0,19,382612,CartPole-v1,"CP-ppo-ac-NN(6,6)-(lr=1.0e-5)-(86-params)",classic_NN_6-6,40
44.0,44,382620,CartPole-v1,"CP-ppo-ac-NN(6,6)-(lr=1.0e-5)-(86-params)",classic_NN_6-6,40
32.0,32,382624,CartPole-v1,"CP-ppo-ac-NN(6,6)-(lr=1.0e-5)-(86-params)",classic_NN_6-6,40
26.0,26,382728,CartPole-v1,"CP-ppo-ac-NN(6,6)-(lr=1.0e-5)-(86-params)",classic_NN_6-6,40
31.0,31,382744,CartPole-v1,"CP-ppo-ac-NN(6,6)-(lr=1.0e-5)-(86-params)",classic_NN_6-6,40
58.0,58,382756,CartPole-v1,"CP-ppo-ac-NN(6,6)-(lr=1.0e-5)-(86-params)",classic_NN_6-6,40
20.0,20,382824,CartPole-v1,"CP-ppo-ac-NN(6,6)-(lr=1.0e-5)-(86-params)",classic_NN_6-6,40
21.0,21,382908,CartPole-v1,"CP-ppo-ac-NN(6,6)-(lr=1.0e-5)-(86-params)",classic_NN_6-6,40
48.0,48,382948,CartPole-v1,"CP-ppo-ac-NN(6,6)-(lr=1.0e-5)-(86-params)",classic_NN_6-6,40
23.0,23,383040,CartPole-v1,"CP-ppo-ac-NN(6,6)-(lr=1.0e-5)-(86-params)",classic_NN_6-6,40
110.0,110,383052,CartPole-v1,"CP-ppo-ac-NN(6,6)-(lr=1.0e-5)-(86-params)",classic_NN_6-6,40
45.0,45,383088,CartPole-v1,"CP-ppo-ac-NN(6,6)-(lr=1.0e-5)-(86-params)",classic_NN_6-6,40
96.0,96,383112,CartPole-v1,"CP-ppo-ac-NN(6,6)-(lr=1.0e-5)-(86-params)",classic_NN_6-6,40
13.0,13,383164,CartPole-v1,"CP-ppo-ac-NN(6,6)-(lr=1.0e-5)-(86-params)",classic_NN_6-6,40
34.0,34,383176,CartPole-v1,"CP-ppo-ac-NN(6,6)-(lr=1.0e-5)-(86-params)",classic_NN_6-6,40
34.0,34,383188,CartPole-v1,"CP-ppo-ac-NN(6,6)-(lr=1.0e-5)-(86-params)",classic_NN_6-6,40
34.0,34,383224,CartPole-v1,"CP-ppo-ac-NN(6,6)-(lr=1.0e-5)-(86-params)",classic_NN_6-6,40
19.0,19,383240,CartPole-v1,"CP-ppo-ac-NN(6,6)-(lr=1.0e-5)-(86-params)",classic_NN_6-6,40
27.0,27,383348,CartPole-v1,"CP-ppo-ac-NN(6,6)-(lr=1.0e-5)-(86-params)",classic_NN_6-6,40
57.0,57,383404,CartPole-v1,"CP-ppo-ac-NN(6,6)-(lr=1.0e-5)-(86-params)",classic_NN_6-6,40
47.0,47,383412,CartPole-v1,"CP-ppo-ac-NN(6,6)-(lr=1.0e-5)-(86-params)",classic_NN_6-6,40
21.0,21,383432,CartPole-v1,"CP-ppo-ac-NN(6,6)-(lr=1.0e-5)-(86-params)",classic_NN_6-6,40
15.0,15,383472,CartPole-v1,"CP-ppo-ac-NN(6,6)-(lr=1.0e-5)-(86-params)",classic_NN_6-6,40
12.0,12,383480,CartPole-v1,"CP-ppo-ac-NN(6,6)-(lr=1.0e-5)-(86-params)",classic_NN_6-6,40
23.0,23,383496,CartPole-v1,"CP-ppo-ac-NN(6,6)-(lr=1.0e-5)-(86-params)",classic_NN_6-6,40
89.0,89,383544,CartPole-v1,"CP-ppo-ac-NN(6,6)-(lr=1.0e-5)-(86-params)",classic_NN_6-6,40
20.0,20,383560,CartPole-v1,"CP-ppo-ac-NN(6,6)-(lr=1.0e-5)-(86-params)",classic_NN_6-6,40
19.0,19,383572,CartPole-v1,"CP-ppo-ac-NN(6,6)-(lr=1.0e-5)-(86-params)",classic_NN_6-6,40
54.0,54,383688,CartPole-v1,"CP-ppo-ac-NN(6,6)-(lr=1.0e-5)-(86-params)",classic_NN_6-6,40
41.0,41,383708,CartPole-v1,"CP-ppo-ac-NN(6,6)-(lr=1.0e-5)-(86-params)",classic_NN_6-6,40
41.0,41,383724,CartPole-v1,"CP-ppo-ac-NN(6,6)-(lr=1.0e-5)-(86-params)",classic_NN_6-6,40
16.0,16,383772,CartPole-v1,"CP-ppo-ac-NN(6,6)-(lr=1.0e-5)-(86-params)",classic_NN_6-6,40
26.0,26,383828,CartPole-v1,"CP-ppo-ac-NN(6,6)-(lr=1.0e-5)-(86-params)",classic_NN_6-6,40
67.0,67,383840,CartPole-v1,"CP-ppo-ac-NN(6,6)-(lr=1.0e-5)-(86-params)",classic_NN_6-6,40
39.0,39,383844,CartPole-v1,"CP-ppo-ac-NN(6,6)-(lr=1.0e-5)-(86-params)",classic_NN_6-6,40
12.0,12,383888,CartPole-v1,"CP-ppo-ac-NN(6,6)-(lr=1.0e-5)-(86-params)",classic_NN_6-6,40
31.0,31,383952,CartPole-v1,"CP-ppo-ac-NN(6,6)-(lr=1.0e-5)-(86-params)",classic_NN_6-6,40
56.0,56,383996,CartPole-v1,"CP-ppo-ac-NN(6,6)-(lr=1.0e-5)-(86-params)",classic_NN_6-6,40
18.0,18,384068,CartPole-v1,"CP-ppo-ac-NN(6,6)-(lr=1.0e-5)-(86-params)",classic_NN_6-6,40
33.0,33,384084,CartPole-v1,"CP-ppo-ac-NN(6,6)-(lr=1.0e-5)-(86-params)",classic_NN_6-6,40
63.0,63,384096,CartPole-v1,"CP-ppo-ac-NN(6,6)-(lr=1.0e-5)-(86-params)",classic_NN_6-6,40
71.0,71,384172,CartPole-v1,"CP-ppo-ac-NN(6,6)-(lr=1.0e-5)-(86-params)",classic_NN_6-6,40
28.0,28,384180,CartPole-v1,"CP-ppo-ac-NN(6,6)-(lr=1.0e-5)-(86-params)",classic_NN_6-6,40
42.0,42,384252,CartPole-v1,"CP-ppo-ac-NN(6,6)-(lr=1.0e-5)-(86-params)",classic_NN_6-6,40
26.0,26,384276,CartPole-v1,"CP-ppo-ac-NN(6,6)-(lr=1.0e-5)-(86-params)",classic_NN_6-6,40
33.0,33,384312,CartPole-v1,"CP-ppo-ac-NN(6,6)-(lr=1.0e-5)-(86-params)",classic_NN_6-6,40
27.0,27,384384,CartPole-v1,"CP-ppo-ac-NN(6,6)-(lr=1.0e-5)-(86-params)",classic_NN_6-6,40
34.0,34,384388,CartPole-v1,"CP-ppo-ac-NN(6,6)-(lr=1.0e-5)-(86-params)",classic_NN_6-6,40
77.0,77,384404,CartPole-v1,"CP-ppo-ac-NN(6,6)-(lr=1.0e-5)-(86-params)",classic_NN_6-6,40
20.0,20,384468,CartPole-v1,"CP-ppo-ac-NN(6,6)-(lr=1.0e-5)-(86-params)",classic_NN_6-6,40
25.0,25,384504,CartPole-v1,"CP-ppo-ac-NN(6,6)-(lr=1.0e-5)-(86-params)",classic_NN_6-6,40
42.0,42,384552,CartPole-v1,"CP-ppo-ac-NN(6,6)-(lr=1.0e-5)-(86-params)",classic_NN_6-6,40
17.0,17,384572,CartPole-v1,"CP-ppo-ac-NN(6,6)-(lr=1.0e-5)-(86-params)",classic_NN_6-6,40
27.0,27,384576,CartPole-v1,"CP-ppo-ac-NN(6,6)-(lr=1.0e-5)-(86-params)",classic_NN_6-6,40
19.0,19,384652,CartPole-v1,"CP-ppo-ac-NN(6,6)-(lr=1.0e-5)-(86-params)",classic_NN_6-6,40
25.0,25,384652,CartPole-v1,"CP-ppo-ac-NN(6,6)-(lr=1.0e-5)-(86-params)",classic_NN_6-6,40
21.0,21,384656,CartPole-v1,"CP-ppo-ac-NN(6,6)-(lr=1.0e-5)-(86-params)",classic_NN_6-6,40
92.0,92,384680,CartPole-v1,"CP-ppo-ac-NN(6,6)-(lr=1.0e-5)-(86-params)",classic_NN_6-6,40
28.0,28,384768,CartPole-v1,"CP-ppo-ac-NN(6,6)-(lr=1.0e-5)-(86-params)",classic_NN_6-6,40
37.0,37,384828,CartPole-v1,"CP-ppo-ac-NN(6,6)-(lr=1.0e-5)-(86-params)",classic_NN_6-6,40
48.0,48,384844,CartPole-v1,"CP-ppo-ac-NN(6,6)-(lr=1.0e-5)-(86-params)",classic_NN_6-6,40
20.0,20,384848,CartPole-v1,"CP-ppo-ac-NN(6,6)-(lr=1.0e-5)-(86-params)",classic_NN_6-6,40
55.0,55,384872,CartPole-v1,"CP-ppo-ac-NN(6,6)-(lr=1.0e-5)-(86-params)",classic_NN_6-6,40
21.0,21,384912,CartPole-v1,"CP-ppo-ac-NN(6,6)-(lr=1.0e-5)-(86-params)",classic_NN_6-6,40
11.0,11,384956,CartPole-v1,"CP-ppo-ac-NN(6,6)-(lr=1.0e-5)-(86-params)",classic_NN_6-6,40
32.0,32,384972,CartPole-v1,"CP-ppo-ac-NN(6,6)-(lr=1.0e-5)-(86-params)",classic_NN_6-6,40
32.0,32,384976,CartPole-v1,"CP-ppo-ac-NN(6,6)-(lr=1.0e-5)-(86-params)",classic_NN_6-6,40
13.0,13,385024,CartPole-v1,"CP-ppo-ac-NN(6,6)-(lr=1.0e-5)-(86-params)",classic_NN_6-6,40
16.0,16,385040,CartPole-v1,"CP-ppo-ac-NN(6,6)-(lr=1.0e-5)-(86-params)",classic_NN_6-6,40
44.0,44,385048,CartPole-v1,"CP-ppo-ac-NN(6,6)-(lr=1.0e-5)-(86-params)",classic_NN_6-6,40
36.0,36,385100,CartPole-v1,"CP-ppo-ac-NN(6,6)-(lr=1.0e-5)-(86-params)",classic_NN_6-6,40
27.0,27,385132,CartPole-v1,"CP-ppo-ac-NN(6,6)-(lr=1.0e-5)-(86-params)",classic_NN_6-6,40
32.0,32,385168,CartPole-v1,"CP-ppo-ac-NN(6,6)-(lr=1.0e-5)-(86-params)",classic_NN_6-6,40
40.0,40,385208,CartPole-v1,"CP-ppo-ac-NN(6,6)-(lr=1.0e-5)-(86-params)",classic_NN_6-6,40
29.0,29,385216,CartPole-v1,"CP-ppo-ac-NN(6,6)-(lr=1.0e-5)-(86-params)",classic_NN_6-6,40
23.0,23,385224,CartPole-v1,"CP-ppo-ac-NN(6,6)-(lr=1.0e-5)-(86-params)",classic_NN_6-6,40
11.0,11,385252,CartPole-v1,"CP-ppo-ac-NN(6,6)-(lr=1.0e-5)-(86-params)",classic_NN_6-6,40
23.0,23,385260,CartPole-v1,"CP-ppo-ac-NN(6,6)-(lr=1.0e-5)-(86-params)",classic_NN_6-6,40
26.0,26,385328,CartPole-v1,"CP-ppo-ac-NN(6,6)-(lr=1.0e-5)-(86-params)",classic_NN_6-6,40
25.0,25,385352,CartPole-v1,"CP-ppo-ac-NN(6,6)-(lr=1.0e-5)-(86-params)",classic_NN_6-6,40
23.0,23,385352,CartPole-v1,"CP-ppo-ac-NN(6,6)-(lr=1.0e-5)-(86-params)",classic_NN_6-6,40
41.0,41,385380,CartPole-v1,"CP-ppo-ac-NN(6,6)-(lr=1.0e-5)-(86-params)",classic_NN_6-6,40
21.0,21,385436,CartPole-v1,"CP-ppo-ac-NN(6,6)-(lr=1.0e-5)-(86-params)",classic_NN_6-6,40
34.0,34,385488,CartPole-v1,"CP-ppo-ac-NN(6,6)-(lr=1.0e-5)-(86-params)",classic_NN_6-6,40
21.0,21,385520,CartPole-v1,"CP-ppo-ac-NN(6,6)-(lr=1.0e-5)-(86-params)",classic_NN_6-6,40
16.0,16,385552,CartPole-v1,"CP-ppo-ac-NN(6,6)-(lr=1.0e-5)-(86-params)",classic_NN_6-6,40
47.0,47,385568,CartPole-v1,"CP-ppo-ac-NN(6,6)-(lr=1.0e-5)-(86-params)",classic_NN_6-6,40
14.0,14,385624,CartPole-v1,"CP-ppo-ac-NN(6,6)-(lr=1.0e-5)-(86-params)",classic_NN_6-6,40
27.0,27,385628,CartPole-v1,"CP-ppo-ac-NN(6,6)-(lr=1.0e-5)-(86-params)",classic_NN_6-6,40
29.0,29,385668,CartPole-v1,"CP-ppo-ac-NN(6,6)-(lr=1.0e-5)-(86-params)",classic_NN_6-6,40
20.0,20,385708,CartPole-v1,"CP-ppo-ac-NN(6,6)-(lr=1.0e-5)-(86-params)",classic_NN_6-6,40
97.0,97,385716,CartPole-v1,"CP-ppo-ac-NN(6,6)-(lr=1.0e-5)-(86-params)",classic_NN_6-6,40
36.0,36,385768,CartPole-v1,"CP-ppo-ac-NN(6,6)-(lr=1.0e-5)-(86-params)",classic_NN_6-6,40
25.0,25,385808,CartPole-v1,"CP-ppo-ac-NN(6,6)-(lr=1.0e-5)-(86-params)",classic_NN_6-6,40
43.0,43,385840,CartPole-v1,"CP-ppo-ac-NN(6,6)-(lr=1.0e-5)-(86-params)",classic_NN_6-6,40
24.0,24,385864,CartPole-v1,"CP-ppo-ac-NN(6,6)-(lr=1.0e-5)-(86-params)",classic_NN_6-6,40
15.0,15,385900,CartPole-v1,"CP-ppo-ac-NN(6,6)-(lr=1.0e-5)-(86-params)",classic_NN_6-6,40
48.0,48,386056,CartPole-v1,"CP-ppo-ac-NN(6,6)-(lr=1.0e-5)-(86-params)",classic_NN_6-6,40
63.0,63,386060,CartPole-v1,"CP-ppo-ac-NN(6,6)-(lr=1.0e-5)-(86-params)",classic_NN_6-6,40
16.0,16,386120,CartPole-v1,"CP-ppo-ac-NN(6,6)-(lr=1.0e-5)-(86-params)",classic_NN_6-6,40
101.0,101,386120,CartPole-v1,"CP-ppo-ac-NN(6,6)-(lr=1.0e-5)-(86-params)",classic_NN_6-6,40
16.0,16,386184,CartPole-v1,"CP-ppo-ac-NN(6,6)-(lr=1.0e-5)-(86-params)",classic_NN_6-6,40
17.0,17,386188,CartPole-v1,"CP-ppo-ac-NN(6,6)-(lr=1.0e-5)-(86-params)",classic_NN_6-6,40
76.0,76,386204,CartPole-v1,"CP-ppo-ac-NN(6,6)-(lr=1.0e-5)-(86-params)",classic_NN_6-6,40
11.0,11,386232,CartPole-v1,"CP-ppo-ac-NN(6,6)-(lr=1.0e-5)-(86-params)",classic_NN_6-6,40
61.0,61,386304,CartPole-v1,"CP-ppo-ac-NN(6,6)-(lr=1.0e-5)-(86-params)",classic_NN_6-6,40
34.0,34,386368,CartPole-v1,"CP-ppo-ac-NN(6,6)-(lr=1.0e-5)-(86-params)",classic_NN_6-6,40
49.0,49,386400,CartPole-v1,"CP-ppo-ac-NN(6,6)-(lr=1.0e-5)-(86-params)",classic_NN_6-6,40
28.0,28,386416,CartPole-v1,"CP-ppo-ac-NN(6,6)-(lr=1.0e-5)-(86-params)",classic_NN_6-6,40
24.0,24,386496,CartPole-v1,"CP-ppo-ac-NN(6,6)-(lr=1.0e-5)-(86-params)",classic_NN_6-6,40
35.0,35,386508,CartPole-v1,"CP-ppo-ac-NN(6,6)-(lr=1.0e-5)-(86-params)",classic_NN_6-6,40
28.0,28,386528,CartPole-v1,"CP-ppo-ac-NN(6,6)-(lr=1.0e-5)-(86-params)",classic_NN_6-6,40
99.0,99,386580,CartPole-v1,"CP-ppo-ac-NN(6,6)-(lr=1.0e-5)-(86-params)",classic_NN_6-6,40
39.0,39,386652,CartPole-v1,"CP-ppo-ac-NN(6,6)-(lr=1.0e-5)-(86-params)",classic_NN_6-6,40
20.0,20,386660,CartPole-v1,"CP-ppo-ac-NN(6,6)-(lr=1.0e-5)-(86-params)",classic_NN_6-6,40
43.0,43,386680,CartPole-v1,"CP-ppo-ac-NN(6,6)-(lr=1.0e-5)-(86-params)",classic_NN_6-6,40
43.0,43,386700,CartPole-v1,"CP-ppo-ac-NN(6,6)-(lr=1.0e-5)-(86-params)",classic_NN_6-6,40
14.0,14,386716,CartPole-v1,"CP-ppo-ac-NN(6,6)-(lr=1.0e-5)-(86-params)",classic_NN_6-6,40
18.0,18,386724,CartPole-v1,"CP-ppo-ac-NN(6,6)-(lr=1.0e-5)-(86-params)",classic_NN_6-6,40
35.0,35,386864,CartPole-v1,"CP-ppo-ac-NN(6,6)-(lr=1.0e-5)-(86-params)",classic_NN_6-6,40
50.0,50,386900,CartPole-v1,"CP-ppo-ac-NN(6,6)-(lr=1.0e-5)-(86-params)",classic_NN_6-6,40
69.0,69,386956,CartPole-v1,"CP-ppo-ac-NN(6,6)-(lr=1.0e-5)-(86-params)",classic_NN_6-6,40
19.0,19,386976,CartPole-v1,"CP-ppo-ac-NN(6,6)-(lr=1.0e-5)-(86-params)",classic_NN_6-6,40
69.0,69,386992,CartPole-v1,"CP-ppo-ac-NN(6,6)-(lr=1.0e-5)-(86-params)",classic_NN_6-6,40
34.0,34,387000,CartPole-v1,"CP-ppo-ac-NN(6,6)-(lr=1.0e-5)-(86-params)",classic_NN_6-6,40
16.0,16,387056,CartPole-v1,"CP-ppo-ac-NN(6,6)-(lr=1.0e-5)-(86-params)",classic_NN_6-6,40
15.0,15,387060,CartPole-v1,"CP-ppo-ac-NN(6,6)-(lr=1.0e-5)-(86-params)",classic_NN_6-6,40
34.0,34,387112,CartPole-v1,"CP-ppo-ac-NN(6,6)-(lr=1.0e-5)-(86-params)",classic_NN_6-6,40
20.0,20,387136,CartPole-v1,"CP-ppo-ac-NN(6,6)-(lr=1.0e-5)-(86-params)",classic_NN_6-6,40
58.0,58,387188,CartPole-v1,"CP-ppo-ac-NN(6,6)-(lr=1.0e-5)-(86-params)",classic_NN_6-6,40
28.0,28,387248,CartPole-v1,"CP-ppo-ac-NN(6,6)-(lr=1.0e-5)-(86-params)",classic_NN_6-6,40
60.0,60,387300,CartPole-v1,"CP-ppo-ac-NN(6,6)-(lr=1.0e-5)-(86-params)",classic_NN_6-6,40
49.0,49,387308,CartPole-v1,"CP-ppo-ac-NN(6,6)-(lr=1.0e-5)-(86-params)",classic_NN_6-6,40
33.0,33,387380,CartPole-v1,"CP-ppo-ac-NN(6,6)-(lr=1.0e-5)-(86-params)",classic_NN_6-6,40
51.0,51,387392,CartPole-v1,"CP-ppo-ac-NN(6,6)-(lr=1.0e-5)-(86-params)",classic_NN_6-6,40
14.0,14,387448,CartPole-v1,"CP-ppo-ac-NN(6,6)-(lr=1.0e-5)-(86-params)",classic_NN_6-6,40
41.0,41,387472,CartPole-v1,"CP-ppo-ac-NN(6,6)-(lr=1.0e-5)-(86-params)",classic_NN_6-6,40
46.0,46,387484,CartPole-v1,"CP-ppo-ac-NN(6,6)-(lr=1.0e-5)-(86-params)",classic_NN_6-6,40
29.0,29,387496,CartPole-v1,"CP-ppo-ac-NN(6,6)-(lr=1.0e-5)-(86-params)",classic_NN_6-6,40
11.0,11,387528,CartPole-v1,"CP-ppo-ac-NN(6,6)-(lr=1.0e-5)-(86-params)",classic_NN_6-6,40
29.0,29,387564,CartPole-v1,"CP-ppo-ac-NN(6,6)-(lr=1.0e-5)-(86-params)",classic_NN_6-6,40
28.0,28,387584,CartPole-v1,"CP-ppo-ac-NN(6,6)-(lr=1.0e-5)-(86-params)",classic_NN_6-6,40
26.0,26,387600,CartPole-v1,"CP-ppo-ac-NN(6,6)-(lr=1.0e-5)-(86-params)",classic_NN_6-6,40
26.0,26,387632,CartPole-v1,"CP-ppo-ac-NN(6,6)-(lr=1.0e-5)-(86-params)",classic_NN_6-6,40
37.0,37,387732,CartPole-v1,"CP-ppo-ac-NN(6,6)-(lr=1.0e-5)-(86-params)",classic_NN_6-6,40
31.0,31,387756,CartPole-v1,"CP-ppo-ac-NN(6,6)-(lr=1.0e-5)-(86-params)",classic_NN_6-6,40
59.0,59,387800,CartPole-v1,"CP-ppo-ac-NN(6,6)-(lr=1.0e-5)-(86-params)",classic_NN_6-6,40
52.0,52,387808,CartPole-v1,"CP-ppo-ac-NN(6,6)-(lr=1.0e-5)-(86-params)",classic_NN_6-6,40
14.0,14,387856,CartPole-v1,"CP-ppo-ac-NN(6,6)-(lr=1.0e-5)-(86-params)",classic_NN_6-6,40
38.0,38,387884,CartPole-v1,"CP-ppo-ac-NN(6,6)-(lr=1.0e-5)-(86-params)",classic_NN_6-6,40
41.0,41,387920,CartPole-v1,"CP-ppo-ac-NN(6,6)-(lr=1.0e-5)-(86-params)",classic_NN_6-6,40
13.0,13,387936,CartPole-v1,"CP-ppo-ac-NN(6,6)-(lr=1.0e-5)-(86-params)",classic_NN_6-6,40
41.0,41,387972,CartPole-v1,"CP-ppo-ac-NN(6,6)-(lr=1.0e-5)-(86-params)",classic_NN_6-6,40
20.0,20,388000,CartPole-v1,"CP-ppo-ac-NN(6,6)-(lr=1.0e-5)-(86-params)",classic_NN_6-6,40
39.0,39,388012,CartPole-v1,"CP-ppo-ac-NN(6,6)-(lr=1.0e-5)-(86-params)",classic_NN_6-6,40
18.0,18,388072,CartPole-v1,"CP-ppo-ac-NN(6,6)-(lr=1.0e-5)-(86-params)",classic_NN_6-6,40
41.0,41,388100,CartPole-v1,"CP-ppo-ac-NN(6,6)-(lr=1.0e-5)-(86-params)",classic_NN_6-6,40
26.0,26,388116,CartPole-v1,"CP-ppo-ac-NN(6,6)-(lr=1.0e-5)-(86-params)",classic_NN_6-6,40
53.0,53,388184,CartPole-v1,"CP-ppo-ac-NN(6,6)-(lr=1.0e-5)-(86-params)",classic_NN_6-6,40
10.0,10,388224,CartPole-v1,"CP-ppo-ac-NN(6,6)-(lr=1.0e-5)-(86-params)",classic_NN_6-6,40
44.0,44,388248,CartPole-v1,"CP-ppo-ac-NN(6,6)-(lr=1.0e-5)-(86-params)",classic_NN_6-6,40
43.0,43,388288,CartPole-v1,"CP-ppo-ac-NN(6,6)-(lr=1.0e-5)-(86-params)",classic_NN_6-6,40
18.0,18,388296,CartPole-v1,"CP-ppo-ac-NN(6,6)-(lr=1.0e-5)-(86-params)",classic_NN_6-6,40
53.0,53,388312,CartPole-v1,"CP-ppo-ac-NN(6,6)-(lr=1.0e-5)-(86-params)",classic_NN_6-6,40
16.0,16,388360,CartPole-v1,"CP-ppo-ac-NN(6,6)-(lr=1.0e-5)-(86-params)",classic_NN_6-6,40
30.0,30,388368,CartPole-v1,"CP-ppo-ac-NN(6,6)-(lr=1.0e-5)-(86-params)",classic_NN_6-6,40
28.0,28,388400,CartPole-v1,"CP-ppo-ac-NN(6,6)-(lr=1.0e-5)-(86-params)",classic_NN_6-6,40
32.0,32,388440,CartPole-v1,"CP-ppo-ac-NN(6,6)-(lr=1.0e-5)-(86-params)",classic_NN_6-6,40
34.0,34,388496,CartPole-v1,"CP-ppo-ac-NN(6,6)-(lr=1.0e-5)-(86-params)",classic_NN_6-6,40
24.0,24,388536,CartPole-v1,"CP-ppo-ac-NN(6,6)-(lr=1.0e-5)-(86-params)",classic_NN_6-6,40
35.0,35,388540,CartPole-v1,"CP-ppo-ac-NN(6,6)-(lr=1.0e-5)-(86-params)",classic_NN_6-6,40
21.0,21,388580,CartPole-v1,"CP-ppo-ac-NN(6,6)-(lr=1.0e-5)-(86-params)",classic_NN_6-6,40
26.0,26,388640,CartPole-v1,"CP-ppo-ac-NN(6,6)-(lr=1.0e-5)-(86-params)",classic_NN_6-6,40
72.0,72,388656,CartPole-v1,"CP-ppo-ac-NN(6,6)-(lr=1.0e-5)-(86-params)",classic_NN_6-6,40
37.0,37,388688,CartPole-v1,"CP-ppo-ac-NN(6,6)-(lr=1.0e-5)-(86-params)",classic_NN_6-6,40
29.0,29,388756,CartPole-v1,"CP-ppo-ac-NN(6,6)-(lr=1.0e-5)-(86-params)",classic_NN_6-6,40
69.0,69,388856,CartPole-v1,"CP-ppo-ac-NN(6,6)-(lr=1.0e-5)-(86-params)",classic_NN_6-6,40
26.0,26,388860,CartPole-v1,"CP-ppo-ac-NN(6,6)-(lr=1.0e-5)-(86-params)",classic_NN_6-6,40
62.0,62,388936,CartPole-v1,"CP-ppo-ac-NN(6,6)-(lr=1.0e-5)-(86-params)",classic_NN_6-6,40
27.0,27,388964,CartPole-v1,"CP-ppo-ac-NN(6,6)-(lr=1.0e-5)-(86-params)",classic_NN_6-6,40
83.0,83,388988,CartPole-v1,"CP-ppo-ac-NN(6,6)-(lr=1.0e-5)-(86-params)",classic_NN_6-6,40
14.0,14,388992,CartPole-v1,"CP-ppo-ac-NN(6,6)-(lr=1.0e-5)-(86-params)",classic_NN_6-6,40
41.0,41,389024,CartPole-v1,"CP-ppo-ac-NN(6,6)-(lr=1.0e-5)-(86-params)",classic_NN_6-6,40
16.0,16,389028,CartPole-v1,"CP-ppo-ac-NN(6,6)-(lr=1.0e-5)-(86-params)",classic_NN_6-6,40
17.0,17,389060,CartPole-v1,"CP-ppo-ac-NN(6,6)-(lr=1.0e-5)-(86-params)",classic_NN_6-6,40
43.0,43,389196,CartPole-v1,"CP-ppo-ac-NN(6,6)-(lr=1.0e-5)-(86-params)",classic_NN_6-6,40
56.0,56,389212,CartPole-v1,"CP-ppo-ac-NN(6,6)-(lr=1.0e-5)-(86-params)",classic_NN_6-6,40
45.0,45,389240,CartPole-v1,"CP-ppo-ac-NN(6,6)-(lr=1.0e-5)-(86-params)",classic_NN_6-6,40
41.0,41,389360,CartPole-v1,"CP-ppo-ac-NN(6,6)-(lr=1.0e-5)-(86-params)",classic_NN_6-6,40
19.0,19,389436,CartPole-v1,"CP-ppo-ac-NN(6,6)-(lr=1.0e-5)-(86-params)",classic_NN_6-6,40
73.0,73,389532,CartPole-v1,"CP-ppo-ac-NN(6,6)-(lr=1.0e-5)-(86-params)",classic_NN_6-6,40
41.0,41,389600,CartPole-v1,"CP-ppo-ac-NN(6,6)-(lr=1.0e-5)-(86-params)",classic_NN_6-6,40
144.0,144,389604,CartPole-v1,"CP-ppo-ac-NN(6,6)-(lr=1.0e-5)-(86-params)",classic_NN_6-6,40
21.0,21,389688,CartPole-v1,"CP-ppo-ac-NN(6,6)-(lr=1.0e-5)-(86-params)",classic_NN_6-6,40
47.0,47,389720,CartPole-v1,"CP-ppo-ac-NN(6,6)-(lr=1.0e-5)-(86-params)",classic_NN_6-6,40
41.0,41,389764,CartPole-v1,"CP-ppo-ac-NN(6,6)-(lr=1.0e-5)-(86-params)",classic_NN_6-6,40
17.0,17,389788,CartPole-v1,"CP-ppo-ac-NN(6,6)-(lr=1.0e-5)-(86-params)",classic_NN_6-6,40
29.0,29,389804,CartPole-v1,"CP-ppo-ac-NN(6,6)-(lr=1.0e-5)-(86-params)",classic_NN_6-6,40
178.0,178,389924,CartPole-v1,"CP-ppo-ac-NN(6,6)-(lr=1.0e-5)-(86-params)",classic_NN_6-6,40
37.0,37,389936,CartPole-v1,"CP-ppo-ac-NN(6,6)-(lr=1.0e-5)-(86-params)",classic_NN_6-6,40
51.0,51,390008,CartPole-v1,"CP-ppo-ac-NN(6,6)-(lr=1.0e-5)-(86-params)",classic_NN_6-6,40
77.0,77,390072,CartPole-v1,"CP-ppo-ac-NN(6,6)-(lr=1.0e-5)-(86-params)",classic_NN_6-6,40
37.0,37,390084,CartPole-v1,"CP-ppo-ac-NN(6,6)-(lr=1.0e-5)-(86-params)",classic_NN_6-6,40
17.0,17,390140,CartPole-v1,"CP-ppo-ac-NN(6,6)-(lr=1.0e-5)-(86-params)",classic_NN_6-6,40
70.0,70,390204,CartPole-v1,"CP-ppo-ac-NN(6,6)-(lr=1.0e-5)-(86-params)",classic_NN_6-6,40
35.0,35,390224,CartPole-v1,"CP-ppo-ac-NN(6,6)-(lr=1.0e-5)-(86-params)",classic_NN_6-6,40
23.0,23,390232,CartPole-v1,"CP-ppo-ac-NN(6,6)-(lr=1.0e-5)-(86-params)",classic_NN_6-6,40
74.0,74,390304,CartPole-v1,"CP-ppo-ac-NN(6,6)-(lr=1.0e-5)-(86-params)",classic_NN_6-6,40
26.0,26,390328,CartPole-v1,"CP-ppo-ac-NN(6,6)-(lr=1.0e-5)-(86-params)",classic_NN_6-6,40
32.0,32,390360,CartPole-v1,"CP-ppo-ac-NN(6,6)-(lr=1.0e-5)-(86-params)",classic_NN_6-6,40
21.0,21,390388,CartPole-v1,"CP-ppo-ac-NN(6,6)-(lr=1.0e-5)-(86-params)",classic_NN_6-6,40
46.0,46,390512,CartPole-v1,"CP-ppo-ac-NN(6,6)-(lr=1.0e-5)-(86-params)",classic_NN_6-6,40
37.0,37,390536,CartPole-v1,"CP-ppo-ac-NN(6,6)-(lr=1.0e-5)-(86-params)",classic_NN_6-6,40
91.0,91,390568,CartPole-v1,"CP-ppo-ac-NN(6,6)-(lr=1.0e-5)-(86-params)",classic_NN_6-6,40
13.0,13,390620,CartPole-v1,"CP-ppo-ac-NN(6,6)-(lr=1.0e-5)-(86-params)",classic_NN_6-6,40
32.0,32,390640,CartPole-v1,"CP-ppo-ac-NN(6,6)-(lr=1.0e-5)-(86-params)",classic_NN_6-6,40
18.0,18,390712,CartPole-v1,"CP-ppo-ac-NN(6,6)-(lr=1.0e-5)-(86-params)",classic_NN_6-6,40
104.0,104,390776,CartPole-v1,"CP-ppo-ac-NN(6,6)-(lr=1.0e-5)-(86-params)",classic_NN_6-6,40
44.0,44,390796,CartPole-v1,"CP-ppo-ac-NN(6,6)-(lr=1.0e-5)-(86-params)",classic_NN_6-6,40
65.0,65,390796,CartPole-v1,"CP-ppo-ac-NN(6,6)-(lr=1.0e-5)-(86-params)",classic_NN_6-6,40
25.0,25,390812,CartPole-v1,"CP-ppo-ac-NN(6,6)-(lr=1.0e-5)-(86-params)",classic_NN_6-6,40
27.0,27,390884,CartPole-v1,"CP-ppo-ac-NN(6,6)-(lr=1.0e-5)-(86-params)",classic_NN_6-6,40
26.0,26,390900,CartPole-v1,"CP-ppo-ac-NN(6,6)-(lr=1.0e-5)-(86-params)",classic_NN_6-6,40
29.0,29,390912,CartPole-v1,"CP-ppo-ac-NN(6,6)-(lr=1.0e-5)-(86-params)",classic_NN_6-6,40
25.0,25,390984,CartPole-v1,"CP-ppo-ac-NN(6,6)-(lr=1.0e-5)-(86-params)",classic_NN_6-6,40
30.0,30,391032,CartPole-v1,"CP-ppo-ac-NN(6,6)-(lr=1.0e-5)-(86-params)",classic_NN_6-6,40
58.0,58,391044,CartPole-v1,"CP-ppo-ac-NN(6,6)-(lr=1.0e-5)-(86-params)",classic_NN_6-6,40
57.0,57,391128,CartPole-v1,"CP-ppo-ac-NN(6,6)-(lr=1.0e-5)-(86-params)",classic_NN_6-6,40
39.0,39,391188,CartPole-v1,"CP-ppo-ac-NN(6,6)-(lr=1.0e-5)-(86-params)",classic_NN_6-6,40
44.0,44,391220,CartPole-v1,"CP-ppo-ac-NN(6,6)-(lr=1.0e-5)-(86-params)",classic_NN_6-6,40
15.0,15,391248,CartPole-v1,"CP-ppo-ac-NN(6,6)-(lr=1.0e-5)-(86-params)",classic_NN_6-6,40
69.0,69,391260,CartPole-v1,"CP-ppo-ac-NN(6,6)-(lr=1.0e-5)-(86-params)",classic_NN_6-6,40
33.0,33,391260,CartPole-v1,"CP-ppo-ac-NN(6,6)-(lr=1.0e-5)-(86-params)",classic_NN_6-6,40
37.0,37,391368,CartPole-v1,"CP-ppo-ac-NN(6,6)-(lr=1.0e-5)-(86-params)",classic_NN_6-6,40
32.0,32,391388,CartPole-v1,"CP-ppo-ac-NN(6,6)-(lr=1.0e-5)-(86-params)",classic_NN_6-6,40
54.0,54,391476,CartPole-v1,"CP-ppo-ac-NN(6,6)-(lr=1.0e-5)-(86-params)",classic_NN_6-6,40
33.0,33,391520,CartPole-v1,"CP-ppo-ac-NN(6,6)-(lr=1.0e-5)-(86-params)",classic_NN_6-6,40
38.0,38,391520,CartPole-v1,"CP-ppo-ac-NN(6,6)-(lr=1.0e-5)-(86-params)",classic_NN_6-6,40
78.0,78,391560,CartPole-v1,"CP-ppo-ac-NN(6,6)-(lr=1.0e-5)-(86-params)",classic_NN_6-6,40
38.0,38,391628,CartPole-v1,"CP-ppo-ac-NN(6,6)-(lr=1.0e-5)-(86-params)",classic_NN_6-6,40
28.0,28,391632,CartPole-v1,"CP-ppo-ac-NN(6,6)-(lr=1.0e-5)-(86-params)",classic_NN_6-6,40
37.0,37,391668,CartPole-v1,"CP-ppo-ac-NN(6,6)-(lr=1.0e-5)-(86-params)",classic_NN_6-6,40
12.0,12,391680,CartPole-v1,"CP-ppo-ac-NN(6,6)-(lr=1.0e-5)-(86-params)",classic_NN_6-6,40
19.0,19,391704,CartPole-v1,"CP-ppo-ac-NN(6,6)-(lr=1.0e-5)-(86-params)",classic_NN_6-6,40
18.0,18,391740,CartPole-v1,"CP-ppo-ac-NN(6,6)-(lr=1.0e-5)-(86-params)",classic_NN_6-6,40
58.0,58,391792,CartPole-v1,"CP-ppo-ac-NN(6,6)-(lr=1.0e-5)-(86-params)",classic_NN_6-6,40
49.0,49,391900,CartPole-v1,"CP-ppo-ac-NN(6,6)-(lr=1.0e-5)-(86-params)",classic_NN_6-6,40
59.0,59,391916,CartPole-v1,"CP-ppo-ac-NN(6,6)-(lr=1.0e-5)-(86-params)",classic_NN_6-6,40
43.0,43,391964,CartPole-v1,"CP-ppo-ac-NN(6,6)-(lr=1.0e-5)-(86-params)",classic_NN_6-6,40
79.0,79,392056,CartPole-v1,"CP-ppo-ac-NN(6,6)-(lr=1.0e-5)-(86-params)",classic_NN_6-6,40
47.0,47,392104,CartPole-v1,"CP-ppo-ac-NN(6,6)-(lr=1.0e-5)-(86-params)",classic_NN_6-6,40
58.0,58,392132,CartPole-v1,"CP-ppo-ac-NN(6,6)-(lr=1.0e-5)-(86-params)",classic_NN_6-6,40
61.0,61,392208,CartPole-v1,"CP-ppo-ac-NN(6,6)-(lr=1.0e-5)-(86-params)",classic_NN_6-6,40
23.0,23,392224,CartPole-v1,"CP-ppo-ac-NN(6,6)-(lr=1.0e-5)-(86-params)",classic_NN_6-6,40
49.0,49,392252,CartPole-v1,"CP-ppo-ac-NN(6,6)-(lr=1.0e-5)-(86-params)",classic_NN_6-6,40
43.0,43,392276,CartPole-v1,"CP-ppo-ac-NN(6,6)-(lr=1.0e-5)-(86-params)",classic_NN_6-6,40
24.0,24,392320,CartPole-v1,"CP-ppo-ac-NN(6,6)-(lr=1.0e-5)-(86-params)",classic_NN_6-6,40
25.0,25,392376,CartPole-v1,"CP-ppo-ac-NN(6,6)-(lr=1.0e-5)-(86-params)",classic_NN_6-6,40
32.0,32,392380,CartPole-v1,"CP-ppo-ac-NN(6,6)-(lr=1.0e-5)-(86-params)",classic_NN_6-6,40
50.0,50,392408,CartPole-v1,"CP-ppo-ac-NN(6,6)-(lr=1.0e-5)-(86-params)",classic_NN_6-6,40
14.0,14,392436,CartPole-v1,"CP-ppo-ac-NN(6,6)-(lr=1.0e-5)-(86-params)",classic_NN_6-6,40
12.0,12,392456,CartPole-v1,"CP-ppo-ac-NN(6,6)-(lr=1.0e-5)-(86-params)",classic_NN_6-6,40
25.0,25,392476,CartPole-v1,"CP-ppo-ac-NN(6,6)-(lr=1.0e-5)-(86-params)",classic_NN_6-6,40
21.0,21,392520,CartPole-v1,"CP-ppo-ac-NN(6,6)-(lr=1.0e-5)-(86-params)",classic_NN_6-6,40
24.0,24,392572,CartPole-v1,"CP-ppo-ac-NN(6,6)-(lr=1.0e-5)-(86-params)",classic_NN_6-6,40
34.0,34,392592,CartPole-v1,"CP-ppo-ac-NN(6,6)-(lr=1.0e-5)-(86-params)",classic_NN_6-6,40
18.0,18,392592,CartPole-v1,"CP-ppo-ac-NN(6,6)-(lr=1.0e-5)-(86-params)",classic_NN_6-6,40
28.0,28,392684,CartPole-v1,"CP-ppo-ac-NN(6,6)-(lr=1.0e-5)-(86-params)",classic_NN_6-6,40
24.0,24,392688,CartPole-v1,"CP-ppo-ac-NN(6,6)-(lr=1.0e-5)-(86-params)",classic_NN_6-6,40
93.0,93,392692,CartPole-v1,"CP-ppo-ac-NN(6,6)-(lr=1.0e-5)-(86-params)",classic_NN_6-6,40
15.0,15,392748,CartPole-v1,"CP-ppo-ac-NN(6,6)-(lr=1.0e-5)-(86-params)",classic_NN_6-6,40
17.0,17,392760,CartPole-v1,"CP-ppo-ac-NN(6,6)-(lr=1.0e-5)-(86-params)",classic_NN_6-6,40
21.0,21,392768,CartPole-v1,"CP-ppo-ac-NN(6,6)-(lr=1.0e-5)-(86-params)",classic_NN_6-6,40
52.0,52,392800,CartPole-v1,"CP-ppo-ac-NN(6,6)-(lr=1.0e-5)-(86-params)",classic_NN_6-6,40
16.0,16,392832,CartPole-v1,"CP-ppo-ac-NN(6,6)-(lr=1.0e-5)-(86-params)",classic_NN_6-6,40
25.0,25,392848,CartPole-v1,"CP-ppo-ac-NN(6,6)-(lr=1.0e-5)-(86-params)",classic_NN_6-6,40
27.0,27,392868,CartPole-v1,"CP-ppo-ac-NN(6,6)-(lr=1.0e-5)-(86-params)",classic_NN_6-6,40
24.0,24,392928,CartPole-v1,"CP-ppo-ac-NN(6,6)-(lr=1.0e-5)-(86-params)",classic_NN_6-6,40
22.0,22,392956,CartPole-v1,"CP-ppo-ac-NN(6,6)-(lr=1.0e-5)-(86-params)",classic_NN_6-6,40
39.0,39,392956,CartPole-v1,"CP-ppo-ac-NN(6,6)-(lr=1.0e-5)-(86-params)",classic_NN_6-6,40
13.0,13,393008,CartPole-v1,"CP-ppo-ac-NN(6,6)-(lr=1.0e-5)-(86-params)",classic_NN_6-6,40
31.0,31,393132,CartPole-v1,"CP-ppo-ac-NN(6,6)-(lr=1.0e-5)-(86-params)",classic_NN_6-6,40
59.0,59,393164,CartPole-v1,"CP-ppo-ac-NN(6,6)-(lr=1.0e-5)-(86-params)",classic_NN_6-6,40
79.0,79,393164,CartPole-v1,"CP-ppo-ac-NN(6,6)-(lr=1.0e-5)-(86-params)",classic_NN_6-6,40
68.0,68,393228,CartPole-v1,"CP-ppo-ac-NN(6,6)-(lr=1.0e-5)-(86-params)",classic_NN_6-6,40
26.0,26,393268,CartPole-v1,"CP-ppo-ac-NN(6,6)-(lr=1.0e-5)-(86-params)",classic_NN_6-6,40
49.0,49,393328,CartPole-v1,"CP-ppo-ac-NN(6,6)-(lr=1.0e-5)-(86-params)",classic_NN_6-6,40
21.0,21,393352,CartPole-v1,"CP-ppo-ac-NN(6,6)-(lr=1.0e-5)-(86-params)",classic_NN_6-6,40
19.0,19,393404,CartPole-v1,"CP-ppo-ac-NN(6,6)-(lr=1.0e-5)-(86-params)",classic_NN_6-6,40
64.0,64,393420,CartPole-v1,"CP-ppo-ac-NN(6,6)-(lr=1.0e-5)-(86-params)",classic_NN_6-6,40
17.0,17,393420,CartPole-v1,"CP-ppo-ac-NN(6,6)-(lr=1.0e-5)-(86-params)",classic_NN_6-6,40
67.0,67,393496,CartPole-v1,"CP-ppo-ac-NN(6,6)-(lr=1.0e-5)-(86-params)",classic_NN_6-6,40
42.0,42,393588,CartPole-v1,"CP-ppo-ac-NN(6,6)-(lr=1.0e-5)-(86-params)",classic_NN_6-6,40
55.0,55,393624,CartPole-v1,"CP-ppo-ac-NN(6,6)-(lr=1.0e-5)-(86-params)",classic_NN_6-6,40
38.0,38,393648,CartPole-v1,"CP-ppo-ac-NN(6,6)-(lr=1.0e-5)-(86-params)",classic_NN_6-6,40
25.0,25,393748,CartPole-v1,"CP-ppo-ac-NN(6,6)-(lr=1.0e-5)-(86-params)",classic_NN_6-6,40
51.0,51,393792,CartPole-v1,"CP-ppo-ac-NN(6,6)-(lr=1.0e-5)-(86-params)",classic_NN_6-6,40
14.0,14,393804,CartPole-v1,"CP-ppo-ac-NN(6,6)-(lr=1.0e-5)-(86-params)",classic_NN_6-6,40
56.0,56,393848,CartPole-v1,"CP-ppo-ac-NN(6,6)-(lr=1.0e-5)-(86-params)",classic_NN_6-6,40
28.0,28,393916,CartPole-v1,"CP-ppo-ac-NN(6,6)-(lr=1.0e-5)-(86-params)",classic_NN_6-6,40
15.0,15,393976,CartPole-v1,"CP-ppo-ac-NN(6,6)-(lr=1.0e-5)-(86-params)",classic_NN_6-6,40
50.0,50,393992,CartPole-v1,"CP-ppo-ac-NN(6,6)-(lr=1.0e-5)-(86-params)",classic_NN_6-6,40
157.0,157,394048,CartPole-v1,"CP-ppo-ac-NN(6,6)-(lr=1.0e-5)-(86-params)",classic_NN_6-6,40
51.0,51,394052,CartPole-v1,"CP-ppo-ac-NN(6,6)-(lr=1.0e-5)-(86-params)",classic_NN_6-6,40
33.0,33,394124,CartPole-v1,"CP-ppo-ac-NN(6,6)-(lr=1.0e-5)-(86-params)",classic_NN_6-6,40
32.0,32,394176,CartPole-v1,"CP-ppo-ac-NN(6,6)-(lr=1.0e-5)-(86-params)",classic_NN_6-6,40
14.0,14,394180,CartPole-v1,"CP-ppo-ac-NN(6,6)-(lr=1.0e-5)-(86-params)",classic_NN_6-6,40
44.0,44,394228,CartPole-v1,"CP-ppo-ac-NN(6,6)-(lr=1.0e-5)-(86-params)",classic_NN_6-6,40
18.0,18,394248,CartPole-v1,"CP-ppo-ac-NN(6,6)-(lr=1.0e-5)-(86-params)",classic_NN_6-6,40
30.0,30,394348,CartPole-v1,"CP-ppo-ac-NN(6,6)-(lr=1.0e-5)-(86-params)",classic_NN_6-6,40
101.0,101,394380,CartPole-v1,"CP-ppo-ac-NN(6,6)-(lr=1.0e-5)-(86-params)",classic_NN_6-6,40
68.0,68,394452,CartPole-v1,"CP-ppo-ac-NN(6,6)-(lr=1.0e-5)-(86-params)",classic_NN_6-6,40
52.0,52,394456,CartPole-v1,"CP-ppo-ac-NN(6,6)-(lr=1.0e-5)-(86-params)",classic_NN_6-6,40
24.0,24,394476,CartPole-v1,"CP-ppo-ac-NN(6,6)-(lr=1.0e-5)-(86-params)",classic_NN_6-6,40
39.0,39,394504,CartPole-v1,"CP-ppo-ac-NN(6,6)-(lr=1.0e-5)-(86-params)",classic_NN_6-6,40
15.0,15,394536,CartPole-v1,"CP-ppo-ac-NN(6,6)-(lr=1.0e-5)-(86-params)",classic_NN_6-6,40
29.0,29,394572,CartPole-v1,"CP-ppo-ac-NN(6,6)-(lr=1.0e-5)-(86-params)",classic_NN_6-6,40
24.0,24,394632,CartPole-v1,"CP-ppo-ac-NN(6,6)-(lr=1.0e-5)-(86-params)",classic_NN_6-6,40
33.0,33,394636,CartPole-v1,"CP-ppo-ac-NN(6,6)-(lr=1.0e-5)-(86-params)",classic_NN_6-6,40
63.0,63,394704,CartPole-v1,"CP-ppo-ac-NN(6,6)-(lr=1.0e-5)-(86-params)",classic_NN_6-6,40
22.0,22,394720,CartPole-v1,"CP-ppo-ac-NN(6,6)-(lr=1.0e-5)-(86-params)",classic_NN_6-6,40
35.0,35,394776,CartPole-v1,"CP-ppo-ac-NN(6,6)-(lr=1.0e-5)-(86-params)",classic_NN_6-6,40
16.0,16,394784,CartPole-v1,"CP-ppo-ac-NN(6,6)-(lr=1.0e-5)-(86-params)",classic_NN_6-6,40
17.0,17,394852,CartPole-v1,"CP-ppo-ac-NN(6,6)-(lr=1.0e-5)-(86-params)",classic_NN_6-6,40
42.0,42,394944,CartPole-v1,"CP-ppo-ac-NN(6,6)-(lr=1.0e-5)-(86-params)",classic_NN_6-6,40
34.0,34,394988,CartPole-v1,"CP-ppo-ac-NN(6,6)-(lr=1.0e-5)-(86-params)",classic_NN_6-6,40
26.0,26,395048,CartPole-v1,"CP-ppo-ac-NN(6,6)-(lr=1.0e-5)-(86-params)",classic_NN_6-6,40
123.0,123,395064,CartPole-v1,"CP-ppo-ac-NN(6,6)-(lr=1.0e-5)-(86-params)",classic_NN_6-6,40
19.0,19,395140,CartPole-v1,"CP-ppo-ac-NN(6,6)-(lr=1.0e-5)-(86-params)",classic_NN_6-6,40
109.0,109,395140,CartPole-v1,"CP-ppo-ac-NN(6,6)-(lr=1.0e-5)-(86-params)",classic_NN_6-6,40
40.0,40,395148,CartPole-v1,"CP-ppo-ac-NN(6,6)-(lr=1.0e-5)-(86-params)",classic_NN_6-6,40
30.0,30,395168,CartPole-v1,"CP-ppo-ac-NN(6,6)-(lr=1.0e-5)-(86-params)",classic_NN_6-6,40
16.0,16,395204,CartPole-v1,"CP-ppo-ac-NN(6,6)-(lr=1.0e-5)-(86-params)",classic_NN_6-6,40
26.0,26,395308,CartPole-v1,"CP-ppo-ac-NN(6,6)-(lr=1.0e-5)-(86-params)",classic_NN_6-6,40
42.0,42,395336,CartPole-v1,"CP-ppo-ac-NN(6,6)-(lr=1.0e-5)-(86-params)",classic_NN_6-6,40
70.0,70,395420,CartPole-v1,"CP-ppo-ac-NN(6,6)-(lr=1.0e-5)-(86-params)",classic_NN_6-6,40
73.0,73,395440,CartPole-v1,"CP-ppo-ac-NN(6,6)-(lr=1.0e-5)-(86-params)",classic_NN_6-6,40
16.0,16,395504,CartPole-v1,"CP-ppo-ac-NN(6,6)-(lr=1.0e-5)-(86-params)",classic_NN_6-6,40
27.0,27,395528,CartPole-v1,"CP-ppo-ac-NN(6,6)-(lr=1.0e-5)-(86-params)",classic_NN_6-6,40
18.0,18,395600,CartPole-v1,"CP-ppo-ac-NN(6,6)-(lr=1.0e-5)-(86-params)",classic_NN_6-6,40
67.0,67,395604,CartPole-v1,"CP-ppo-ac-NN(6,6)-(lr=1.0e-5)-(86-params)",classic_NN_6-6,40
81.0,81,395632,CartPole-v1,"CP-ppo-ac-NN(6,6)-(lr=1.0e-5)-(86-params)",classic_NN_6-6,40
35.0,35,395644,CartPole-v1,"CP-ppo-ac-NN(6,6)-(lr=1.0e-5)-(86-params)",classic_NN_6-6,40
23.0,23,395692,CartPole-v1,"CP-ppo-ac-NN(6,6)-(lr=1.0e-5)-(86-params)",classic_NN_6-6,40
48.0,48,395796,CartPole-v1,"CP-ppo-ac-NN(6,6)-(lr=1.0e-5)-(86-params)",classic_NN_6-6,40
44.0,44,395808,CartPole-v1,"CP-ppo-ac-NN(6,6)-(lr=1.0e-5)-(86-params)",classic_NN_6-6,40
42.0,42,395812,CartPole-v1,"CP-ppo-ac-NN(6,6)-(lr=1.0e-5)-(86-params)",classic_NN_6-6,40
41.0,41,395856,CartPole-v1,"CP-ppo-ac-NN(6,6)-(lr=1.0e-5)-(86-params)",classic_NN_6-6,40
14.0,14,395864,CartPole-v1,"CP-ppo-ac-NN(6,6)-(lr=1.0e-5)-(86-params)",classic_NN_6-6,40
17.0,17,395864,CartPole-v1,"CP-ppo-ac-NN(6,6)-(lr=1.0e-5)-(86-params)",classic_NN_6-6,40
18.0,18,395884,CartPole-v1,"CP-ppo-ac-NN(6,6)-(lr=1.0e-5)-(86-params)",classic_NN_6-6,40
21.0,21,395968,CartPole-v1,"CP-ppo-ac-NN(6,6)-(lr=1.0e-5)-(86-params)",classic_NN_6-6,40
35.0,35,396004,CartPole-v1,"CP-ppo-ac-NN(6,6)-(lr=1.0e-5)-(86-params)",classic_NN_6-6,40
37.0,37,396012,CartPole-v1,"CP-ppo-ac-NN(6,6)-(lr=1.0e-5)-(86-params)",classic_NN_6-6,40
18.0,18,396040,CartPole-v1,"CP-ppo-ac-NN(6,6)-(lr=1.0e-5)-(86-params)",classic_NN_6-6,40
18.0,18,396112,CartPole-v1,"CP-ppo-ac-NN(6,6)-(lr=1.0e-5)-(86-params)",classic_NN_6-6,40
35.0,35,396152,CartPole-v1,"CP-ppo-ac-NN(6,6)-(lr=1.0e-5)-(86-params)",classic_NN_6-6,40
48.0,48,396196,CartPole-v1,"CP-ppo-ac-NN(6,6)-(lr=1.0e-5)-(86-params)",classic_NN_6-6,40
90.0,90,396216,CartPole-v1,"CP-ppo-ac-NN(6,6)-(lr=1.0e-5)-(86-params)",classic_NN_6-6,40
17.0,17,396220,CartPole-v1,"CP-ppo-ac-NN(6,6)-(lr=1.0e-5)-(86-params)",classic_NN_6-6,40
16.0,16,396284,CartPole-v1,"CP-ppo-ac-NN(6,6)-(lr=1.0e-5)-(86-params)",classic_NN_6-6,40
45.0,45,396292,CartPole-v1,"CP-ppo-ac-NN(6,6)-(lr=1.0e-5)-(86-params)",classic_NN_6-6,40
29.0,29,396332,CartPole-v1,"CP-ppo-ac-NN(6,6)-(lr=1.0e-5)-(86-params)",classic_NN_6-6,40
57.0,57,396424,CartPole-v1,"CP-ppo-ac-NN(6,6)-(lr=1.0e-5)-(86-params)",classic_NN_6-6,40
37.0,37,396432,CartPole-v1,"CP-ppo-ac-NN(6,6)-(lr=1.0e-5)-(86-params)",classic_NN_6-6,40
36.0,36,396476,CartPole-v1,"CP-ppo-ac-NN(6,6)-(lr=1.0e-5)-(86-params)",classic_NN_6-6,40
57.0,57,396520,CartPole-v1,"CP-ppo-ac-NN(6,6)-(lr=1.0e-5)-(86-params)",classic_NN_6-6,40
33.0,33,396608,CartPole-v1,"CP-ppo-ac-NN(6,6)-(lr=1.0e-5)-(86-params)",classic_NN_6-6,40
52.0,52,396632,CartPole-v1,"CP-ppo-ac-NN(6,6)-(lr=1.0e-5)-(86-params)",classic_NN_6-6,40
51.0,51,396636,CartPole-v1,"CP-ppo-ac-NN(6,6)-(lr=1.0e-5)-(86-params)",classic_NN_6-6,40
30.0,30,396640,CartPole-v1,"CP-ppo-ac-NN(6,6)-(lr=1.0e-5)-(86-params)",classic_NN_6-6,40
23.0,23,396724,CartPole-v1,"CP-ppo-ac-NN(6,6)-(lr=1.0e-5)-(86-params)",classic_NN_6-6,40
32.0,32,396764,CartPole-v1,"CP-ppo-ac-NN(6,6)-(lr=1.0e-5)-(86-params)",classic_NN_6-6,40
43.0,43,396780,CartPole-v1,"CP-ppo-ac-NN(6,6)-(lr=1.0e-5)-(86-params)",classic_NN_6-6,40
37.0,37,396788,CartPole-v1,"CP-ppo-ac-NN(6,6)-(lr=1.0e-5)-(86-params)",classic_NN_6-6,40
23.0,23,396856,CartPole-v1,"CP-ppo-ac-NN(6,6)-(lr=1.0e-5)-(86-params)",classic_NN_6-6,40
25.0,25,396880,CartPole-v1,"CP-ppo-ac-NN(6,6)-(lr=1.0e-5)-(86-params)",classic_NN_6-6,40
13.0,13,396908,CartPole-v1,"CP-ppo-ac-NN(6,6)-(lr=1.0e-5)-(86-params)",classic_NN_6-6,40
40.0,40,396948,CartPole-v1,"CP-ppo-ac-NN(6,6)-(lr=1.0e-5)-(86-params)",classic_NN_6-6,40
32.0,32,397008,CartPole-v1,"CP-ppo-ac-NN(6,6)-(lr=1.0e-5)-(86-params)",classic_NN_6-6,40
18.0,18,397020,CartPole-v1,"CP-ppo-ac-NN(6,6)-(lr=1.0e-5)-(86-params)",classic_NN_6-6,40
42.0,42,397076,CartPole-v1,"CP-ppo-ac-NN(6,6)-(lr=1.0e-5)-(86-params)",classic_NN_6-6,40
88.0,88,397076,CartPole-v1,"CP-ppo-ac-NN(6,6)-(lr=1.0e-5)-(86-params)",classic_NN_6-6,40
29.0,29,397124,CartPole-v1,"CP-ppo-ac-NN(6,6)-(lr=1.0e-5)-(86-params)",classic_NN_6-6,40
47.0,47,397264,CartPole-v1,"CP-ppo-ac-NN(6,6)-(lr=1.0e-5)-(86-params)",classic_NN_6-6,40
62.0,62,397268,CartPole-v1,"CP-ppo-ac-NN(6,6)-(lr=1.0e-5)-(86-params)",classic_NN_6-6,40
43.0,43,397296,CartPole-v1,"CP-ppo-ac-NN(6,6)-(lr=1.0e-5)-(86-params)",classic_NN_6-6,40
22.0,22,397356,CartPole-v1,"CP-ppo-ac-NN(6,6)-(lr=1.0e-5)-(86-params)",classic_NN_6-6,40
73.0,73,397368,CartPole-v1,"CP-ppo-ac-NN(6,6)-(lr=1.0e-5)-(86-params)",classic_NN_6-6,40
32.0,32,397424,CartPole-v1,"CP-ppo-ac-NN(6,6)-(lr=1.0e-5)-(86-params)",classic_NN_6-6,40
18.0,18,397428,CartPole-v1,"CP-ppo-ac-NN(6,6)-(lr=1.0e-5)-(86-params)",classic_NN_6-6,40
47.0,47,397452,CartPole-v1,"CP-ppo-ac-NN(6,6)-(lr=1.0e-5)-(86-params)",classic_NN_6-6,40
39.0,39,397524,CartPole-v1,"CP-ppo-ac-NN(6,6)-(lr=1.0e-5)-(86-params)",classic_NN_6-6,40
26.0,26,397532,CartPole-v1,"CP-ppo-ac-NN(6,6)-(lr=1.0e-5)-(86-params)",classic_NN_6-6,40
21.0,21,397616,CartPole-v1,"CP-ppo-ac-NN(6,6)-(lr=1.0e-5)-(86-params)",classic_NN_6-6,40
49.0,49,397648,CartPole-v1,"CP-ppo-ac-NN(6,6)-(lr=1.0e-5)-(86-params)",classic_NN_6-6,40
28.0,28,397760,CartPole-v1,"CP-ppo-ac-NN(6,6)-(lr=1.0e-5)-(86-params)",classic_NN_6-6,40
62.0,62,397772,CartPole-v1,"CP-ppo-ac-NN(6,6)-(lr=1.0e-5)-(86-params)",classic_NN_6-6,40
93.0,93,397796,CartPole-v1,"CP-ppo-ac-NN(6,6)-(lr=1.0e-5)-(86-params)",classic_NN_6-6,40
58.0,58,397848,CartPole-v1,"CP-ppo-ac-NN(6,6)-(lr=1.0e-5)-(86-params)",classic_NN_6-6,40
30.0,30,397880,CartPole-v1,"CP-ppo-ac-NN(6,6)-(lr=1.0e-5)-(86-params)",classic_NN_6-6,40
32.0,32,397900,CartPole-v1,"CP-ppo-ac-NN(6,6)-(lr=1.0e-5)-(86-params)",classic_NN_6-6,40
18.0,18,397952,CartPole-v1,"CP-ppo-ac-NN(6,6)-(lr=1.0e-5)-(86-params)",classic_NN_6-6,40
40.0,40,398008,CartPole-v1,"CP-ppo-ac-NN(6,6)-(lr=1.0e-5)-(86-params)",classic_NN_6-6,40
66.0,66,398060,CartPole-v1,"CP-ppo-ac-NN(6,6)-(lr=1.0e-5)-(86-params)",classic_NN_6-6,40
21.0,21,398092,CartPole-v1,"CP-ppo-ac-NN(6,6)-(lr=1.0e-5)-(86-params)",classic_NN_6-6,40
48.0,48,398092,CartPole-v1,"CP-ppo-ac-NN(6,6)-(lr=1.0e-5)-(86-params)",classic_NN_6-6,40
58.0,58,398184,CartPole-v1,"CP-ppo-ac-NN(6,6)-(lr=1.0e-5)-(86-params)",classic_NN_6-6,40
30.0,30,398212,CartPole-v1,"CP-ppo-ac-NN(6,6)-(lr=1.0e-5)-(86-params)",classic_NN_6-6,40
42.0,42,398228,CartPole-v1,"CP-ppo-ac-NN(6,6)-(lr=1.0e-5)-(86-params)",classic_NN_6-6,40
12.0,12,398232,CartPole-v1,"CP-ppo-ac-NN(6,6)-(lr=1.0e-5)-(86-params)",classic_NN_6-6,40
38.0,38,398244,CartPole-v1,"CP-ppo-ac-NN(6,6)-(lr=1.0e-5)-(86-params)",classic_NN_6-6,40
21.0,21,398316,CartPole-v1,"CP-ppo-ac-NN(6,6)-(lr=1.0e-5)-(86-params)",classic_NN_6-6,40
55.0,55,398448,CartPole-v1,"CP-ppo-ac-NN(6,6)-(lr=1.0e-5)-(86-params)",classic_NN_6-6,40
70.0,70,398492,CartPole-v1,"CP-ppo-ac-NN(6,6)-(lr=1.0e-5)-(86-params)",classic_NN_6-6,40
75.0,75,398544,CartPole-v1,"CP-ppo-ac-NN(6,6)-(lr=1.0e-5)-(86-params)",classic_NN_6-6,40
14.0,14,398548,CartPole-v1,"CP-ppo-ac-NN(6,6)-(lr=1.0e-5)-(86-params)",classic_NN_6-6,40
64.0,64,398572,CartPole-v1,"CP-ppo-ac-NN(6,6)-(lr=1.0e-5)-(86-params)",classic_NN_6-6,40
46.0,46,398632,CartPole-v1,"CP-ppo-ac-NN(6,6)-(lr=1.0e-5)-(86-params)",classic_NN_6-6,40
22.0,22,398660,CartPole-v1,"CP-ppo-ac-NN(6,6)-(lr=1.0e-5)-(86-params)",classic_NN_6-6,40
43.0,43,398720,CartPole-v1,"CP-ppo-ac-NN(6,6)-(lr=1.0e-5)-(86-params)",classic_NN_6-6,40
47.0,47,398732,CartPole-v1,"CP-ppo-ac-NN(6,6)-(lr=1.0e-5)-(86-params)",classic_NN_6-6,40
28.0,28,398744,CartPole-v1,"CP-ppo-ac-NN(6,6)-(lr=1.0e-5)-(86-params)",classic_NN_6-6,40
15.0,15,398804,CartPole-v1,"CP-ppo-ac-NN(6,6)-(lr=1.0e-5)-(86-params)",classic_NN_6-6,40
45.0,45,398900,CartPole-v1,"CP-ppo-ac-NN(6,6)-(lr=1.0e-5)-(86-params)",classic_NN_6-6,40
63.0,63,398912,CartPole-v1,"CP-ppo-ac-NN(6,6)-(lr=1.0e-5)-(86-params)",classic_NN_6-6,40
53.0,53,398944,CartPole-v1,"CP-ppo-ac-NN(6,6)-(lr=1.0e-5)-(86-params)",classic_NN_6-6,40
19.0,19,398976,CartPole-v1,"CP-ppo-ac-NN(6,6)-(lr=1.0e-5)-(86-params)",classic_NN_6-6,40
21.0,21,398996,CartPole-v1,"CP-ppo-ac-NN(6,6)-(lr=1.0e-5)-(86-params)",classic_NN_6-6,40
51.0,51,399008,CartPole-v1,"CP-ppo-ac-NN(6,6)-(lr=1.0e-5)-(86-params)",classic_NN_6-6,40
19.0,19,399020,CartPole-v1,"CP-ppo-ac-NN(6,6)-(lr=1.0e-5)-(86-params)",classic_NN_6-6,40
14.0,14,399064,CartPole-v1,"CP-ppo-ac-NN(6,6)-(lr=1.0e-5)-(86-params)",classic_NN_6-6,40
20.0,20,399144,CartPole-v1,"CP-ppo-ac-NN(6,6)-(lr=1.0e-5)-(86-params)",classic_NN_6-6,40
44.0,44,399172,CartPole-v1,"CP-ppo-ac-NN(6,6)-(lr=1.0e-5)-(86-params)",classic_NN_6-6,40
46.0,46,399204,CartPole-v1,"CP-ppo-ac-NN(6,6)-(lr=1.0e-5)-(86-params)",classic_NN_6-6,40
19.0,19,399248,CartPole-v1,"CP-ppo-ac-NN(6,6)-(lr=1.0e-5)-(86-params)",classic_NN_6-6,40
69.0,69,399252,CartPole-v1,"CP-ppo-ac-NN(6,6)-(lr=1.0e-5)-(86-params)",classic_NN_6-6,40
20.0,20,399284,CartPole-v1,"CP-ppo-ac-NN(6,6)-(lr=1.0e-5)-(86-params)",classic_NN_6-6,40
45.0,45,399324,CartPole-v1,"CP-ppo-ac-NN(6,6)-(lr=1.0e-5)-(86-params)",classic_NN_6-6,40
16.0,16,399348,CartPole-v1,"CP-ppo-ac-NN(6,6)-(lr=1.0e-5)-(86-params)",classic_NN_6-6,40
36.0,36,399392,CartPole-v1,"CP-ppo-ac-NN(6,6)-(lr=1.0e-5)-(86-params)",classic_NN_6-6,40
35.0,35,399392,CartPole-v1,"CP-ppo-ac-NN(6,6)-(lr=1.0e-5)-(86-params)",classic_NN_6-6,40
18.0,18,399396,CartPole-v1,"CP-ppo-ac-NN(6,6)-(lr=1.0e-5)-(86-params)",classic_NN_6-6,40
18.0,18,399464,CartPole-v1,"CP-ppo-ac-NN(6,6)-(lr=1.0e-5)-(86-params)",classic_NN_6-6,40
42.0,42,399516,CartPole-v1,"CP-ppo-ac-NN(6,6)-(lr=1.0e-5)-(86-params)",classic_NN_6-6,40
34.0,34,399532,CartPole-v1,"CP-ppo-ac-NN(6,6)-(lr=1.0e-5)-(86-params)",classic_NN_6-6,40
48.0,48,399584,CartPole-v1,"CP-ppo-ac-NN(6,6)-(lr=1.0e-5)-(86-params)",classic_NN_6-6,40
39.0,39,399688,CartPole-v1,"CP-ppo-ac-NN(6,6)-(lr=1.0e-5)-(86-params)",classic_NN_6-6,40
61.0,61,399760,CartPole-v1,"CP-ppo-ac-NN(6,6)-(lr=1.0e-5)-(86-params)",classic_NN_6-6,40
47.0,47,399772,CartPole-v1,"CP-ppo-ac-NN(6,6)-(lr=1.0e-5)-(86-params)",classic_NN_6-6,40
31.0,31,399812,CartPole-v1,"CP-ppo-ac-NN(6,6)-(lr=1.0e-5)-(86-params)",classic_NN_6-6,40
104.0,104,399880,CartPole-v1,"CP-ppo-ac-NN(6,6)-(lr=1.0e-5)-(86-params)",classic_NN_6-6,40
32.0,32,399888,CartPole-v1,"CP-ppo-ac-NN(6,6)-(lr=1.0e-5)-(86-params)",classic_NN_6-6,40
35.0,35,399912,CartPole-v1,"CP-ppo-ac-NN(6,6)-(lr=1.0e-5)-(86-params)",classic_NN_6-6,40
31.0,31,399936,CartPole-v1,"CP-ppo-ac-NN(6,6)-(lr=1.0e-5)-(86-params)",classic_NN_6-6,40
18.0,18,399960,CartPole-v1,"CP-ppo-ac-NN(6,6)-(lr=1.0e-5)-(86-params)",classic_NN_6-6,40
14.0,14,399968,CartPole-v1,"CP-ppo-ac-NN(6,6)-(lr=1.0e-5)-(86-params)",classic_NN_6-6,40
15.0,15,399996,CartPole-v1,"CP-ppo-ac-NN(6,6)-(lr=1.0e-5)-(86-params)",classic_NN_6-6,40
32.0,32,400008,CartPole-v1,"CP-ppo-ac-NN(6,6)-(lr=1.0e-5)-(86-params)",classic_NN_6-6,40
12.0,12,400056,CartPole-v1,"CP-ppo-ac-NN(6,6)-(lr=1.0e-5)-(86-params)",classic_NN_6-6,40
34.0,34,400104,CartPole-v1,"CP-ppo-ac-NN(6,6)-(lr=1.0e-5)-(86-params)",classic_NN_6-6,40
19.0,19,400132,CartPole-v1,"CP-ppo-ac-NN(6,6)-(lr=1.0e-5)-(86-params)",classic_NN_6-6,40
43.0,43,400132,CartPole-v1,"CP-ppo-ac-NN(6,6)-(lr=1.0e-5)-(86-params)",classic_NN_6-6,40
40.0,40,400156,CartPole-v1,"CP-ppo-ac-NN(6,6)-(lr=1.0e-5)-(86-params)",classic_NN_6-6,40
16.0,16,400196,CartPole-v1,"CP-ppo-ac-NN(6,6)-(lr=1.0e-5)-(86-params)",classic_NN_6-6,40
16.0,16,400220,CartPole-v1,"CP-ppo-ac-NN(6,6)-(lr=1.0e-5)-(86-params)",classic_NN_6-6,40
34.0,34,400240,CartPole-v1,"CP-ppo-ac-NN(6,6)-(lr=1.0e-5)-(86-params)",classic_NN_6-6,40
38.0,38,400284,CartPole-v1,"CP-ppo-ac-NN(6,6)-(lr=1.0e-5)-(86-params)",classic_NN_6-6,40
17.0,17,400288,CartPole-v1,"CP-ppo-ac-NN(6,6)-(lr=1.0e-5)-(86-params)",classic_NN_6-6,40
25.0,25,400296,CartPole-v1,"CP-ppo-ac-NN(6,6)-(lr=1.0e-5)-(86-params)",classic_NN_6-6,40
22.0,22,400328,CartPole-v1,"CP-ppo-ac-NN(6,6)-(lr=1.0e-5)-(86-params)",classic_NN_6-6,40
12.0,12,400344,CartPole-v1,"CP-ppo-ac-NN(6,6)-(lr=1.0e-5)-(86-params)",classic_NN_6-6,40
18.0,18,400356,CartPole-v1,"CP-ppo-ac-NN(6,6)-(lr=1.0e-5)-(86-params)",classic_NN_6-6,40
25.0,25,400388,CartPole-v1,"CP-ppo-ac-NN(6,6)-(lr=1.0e-5)-(86-params)",classic_NN_6-6,40
14.0,14,400400,CartPole-v1,"CP-ppo-ac-NN(6,6)-(lr=1.0e-5)-(86-params)",classic_NN_6-6,40
11.0,11,400432,CartPole-v1,"CP-ppo-ac-NN(6,6)-(lr=1.0e-5)-(86-params)",classic_NN_6-6,40
35.0,35,400496,CartPole-v1,"CP-ppo-ac-NN(6,6)-(lr=1.0e-5)-(86-params)",classic_NN_6-6,40
53.0,53,400540,CartPole-v1,"CP-ppo-ac-NN(6,6)-(lr=1.0e-5)-(86-params)",classic_NN_6-6,40
29.0,29,400548,CartPole-v1,"CP-ppo-ac-NN(6,6)-(lr=1.0e-5)-(86-params)",classic_NN_6-6,40
12.0,12,400588,CartPole-v1,"CP-ppo-ac-NN(6,6)-(lr=1.0e-5)-(86-params)",classic_NN_6-6,40
9.0,9,400624,CartPole-v1,"CP-ppo-ac-NN(6,6)-(lr=1.0e-5)-(86-params)",classic_NN_6-6,40
29.0,29,400664,CartPole-v1,"CP-ppo-ac-NN(6,6)-(lr=1.0e-5)-(86-params)",classic_NN_6-6,40
24.0,24,400720,CartPole-v1,"CP-ppo-ac-NN(6,6)-(lr=1.0e-5)-(86-params)",classic_NN_6-6,40
69.0,69,400772,CartPole-v1,"CP-ppo-ac-NN(6,6)-(lr=1.0e-5)-(86-params)",classic_NN_6-6,40
34.0,34,400800,CartPole-v1,"CP-ppo-ac-NN(6,6)-(lr=1.0e-5)-(86-params)",classic_NN_6-6,40
105.0,105,400820,CartPole-v1,"CP-ppo-ac-NN(6,6)-(lr=1.0e-5)-(86-params)",classic_NN_6-6,40
15.0,15,400860,CartPole-v1,"CP-ppo-ac-NN(6,6)-(lr=1.0e-5)-(86-params)",classic_NN_6-6,40
31.0,31,400896,CartPole-v1,"CP-ppo-ac-NN(6,6)-(lr=1.0e-5)-(86-params)",classic_NN_6-6,40
46.0,46,400904,CartPole-v1,"CP-ppo-ac-NN(6,6)-(lr=1.0e-5)-(86-params)",classic_NN_6-6,40
17.0,17,400928,CartPole-v1,"CP-ppo-ac-NN(6,6)-(lr=1.0e-5)-(86-params)",classic_NN_6-6,40
24.0,24,401024,CartPole-v1,"CP-ppo-ac-NN(6,6)-(lr=1.0e-5)-(86-params)",classic_NN_6-6,40
48.0,48,401096,CartPole-v1,"CP-ppo-ac-NN(6,6)-(lr=1.0e-5)-(86-params)",classic_NN_6-6,40
73.0,73,401112,CartPole-v1,"CP-ppo-ac-NN(6,6)-(lr=1.0e-5)-(86-params)",classic_NN_6-6,40
23.0,23,401116,CartPole-v1,"CP-ppo-ac-NN(6,6)-(lr=1.0e-5)-(86-params)",classic_NN_6-6,40
34.0,34,401232,CartPole-v1,"CP-ppo-ac-NN(6,6)-(lr=1.0e-5)-(86-params)",classic_NN_6-6,40
88.0,88,401248,CartPole-v1,"CP-ppo-ac-NN(6,6)-(lr=1.0e-5)-(86-params)",classic_NN_6-6,40
33.0,33,401248,CartPole-v1,"CP-ppo-ac-NN(6,6)-(lr=1.0e-5)-(86-params)",classic_NN_6-6,40
16.0,16,401296,CartPole-v1,"CP-ppo-ac-NN(6,6)-(lr=1.0e-5)-(86-params)",classic_NN_6-6,40
48.0,48,401304,CartPole-v1,"CP-ppo-ac-NN(6,6)-(lr=1.0e-5)-(86-params)",classic_NN_6-6,40
25.0,25,401348,CartPole-v1,"CP-ppo-ac-NN(6,6)-(lr=1.0e-5)-(86-params)",classic_NN_6-6,40
30.0,30,401368,CartPole-v1,"CP-ppo-ac-NN(6,6)-(lr=1.0e-5)-(86-params)",classic_NN_6-6,40
21.0,21,401388,CartPole-v1,"CP-ppo-ac-NN(6,6)-(lr=1.0e-5)-(86-params)",classic_NN_6-6,40
30.0,30,401416,CartPole-v1,"CP-ppo-ac-NN(6,6)-(lr=1.0e-5)-(86-params)",classic_NN_6-6,40
19.0,19,401464,CartPole-v1,"CP-ppo-ac-NN(6,6)-(lr=1.0e-5)-(86-params)",classic_NN_6-6,40
33.0,33,401500,CartPole-v1,"CP-ppo-ac-NN(6,6)-(lr=1.0e-5)-(86-params)",classic_NN_6-6,40
41.0,41,401512,CartPole-v1,"CP-ppo-ac-NN(6,6)-(lr=1.0e-5)-(86-params)",classic_NN_6-6,40
19.0,19,401540,CartPole-v1,"CP-ppo-ac-NN(6,6)-(lr=1.0e-5)-(86-params)",classic_NN_6-6,40
18.0,18,401584,CartPole-v1,"CP-ppo-ac-NN(6,6)-(lr=1.0e-5)-(86-params)",classic_NN_6-6,40
31.0,31,401664,CartPole-v1,"CP-ppo-ac-NN(6,6)-(lr=1.0e-5)-(86-params)",classic_NN_6-6,40
50.0,50,401700,CartPole-v1,"CP-ppo-ac-NN(6,6)-(lr=1.0e-5)-(86-params)",classic_NN_6-6,40
30.0,30,401704,CartPole-v1,"CP-ppo-ac-NN(6,6)-(lr=1.0e-5)-(86-params)",classic_NN_6-6,40
20.0,20,401784,CartPole-v1,"CP-ppo-ac-NN(6,6)-(lr=1.0e-5)-(86-params)",classic_NN_6-6,40
29.0,29,401816,CartPole-v1,"CP-ppo-ac-NN(6,6)-(lr=1.0e-5)-(86-params)",classic_NN_6-6,40
114.0,114,401872,CartPole-v1,"CP-ppo-ac-NN(6,6)-(lr=1.0e-5)-(86-params)",classic_NN_6-6,40
26.0,26,401888,CartPole-v1,"CP-ppo-ac-NN(6,6)-(lr=1.0e-5)-(86-params)",classic_NN_6-6,40
27.0,27,401924,CartPole-v1,"CP-ppo-ac-NN(6,6)-(lr=1.0e-5)-(86-params)",classic_NN_6-6,40
71.0,71,401948,CartPole-v1,"CP-ppo-ac-NN(6,6)-(lr=1.0e-5)-(86-params)",classic_NN_6-6,40
15.0,15,401948,CartPole-v1,"CP-ppo-ac-NN(6,6)-(lr=1.0e-5)-(86-params)",classic_NN_6-6,40
11.0,11,401992,CartPole-v1,"CP-ppo-ac-NN(6,6)-(lr=1.0e-5)-(86-params)",classic_NN_6-6,40
21.0,21,402008,CartPole-v1,"CP-ppo-ac-NN(6,6)-(lr=1.0e-5)-(86-params)",classic_NN_6-6,40
24.0,24,402044,CartPole-v1,"CP-ppo-ac-NN(6,6)-(lr=1.0e-5)-(86-params)",classic_NN_6-6,40
19.0,19,402084,CartPole-v1,"CP-ppo-ac-NN(6,6)-(lr=1.0e-5)-(86-params)",classic_NN_6-6,40
28.0,28,402104,CartPole-v1,"CP-ppo-ac-NN(6,6)-(lr=1.0e-5)-(86-params)",classic_NN_6-6,40
16.0,16,402148,CartPole-v1,"CP-ppo-ac-NN(6,6)-(lr=1.0e-5)-(86-params)",classic_NN_6-6,40
75.0,75,402172,CartPole-v1,"CP-ppo-ac-NN(6,6)-(lr=1.0e-5)-(86-params)",classic_NN_6-6,40
36.0,36,402188,CartPole-v1,"CP-ppo-ac-NN(6,6)-(lr=1.0e-5)-(86-params)",classic_NN_6-6,40
24.0,24,402268,CartPole-v1,"CP-ppo-ac-NN(6,6)-(lr=1.0e-5)-(86-params)",classic_NN_6-6,40
54.0,54,402320,CartPole-v1,"CP-ppo-ac-NN(6,6)-(lr=1.0e-5)-(86-params)",classic_NN_6-6,40
22.0,22,402356,CartPole-v1,"CP-ppo-ac-NN(6,6)-(lr=1.0e-5)-(86-params)",classic_NN_6-6,40
52.0,52,402356,CartPole-v1,"CP-ppo-ac-NN(6,6)-(lr=1.0e-5)-(86-params)",classic_NN_6-6,40
15.0,15,402416,CartPole-v1,"CP-ppo-ac-NN(6,6)-(lr=1.0e-5)-(86-params)",classic_NN_6-6,40
37.0,37,402468,CartPole-v1,"CP-ppo-ac-NN(6,6)-(lr=1.0e-5)-(86-params)",classic_NN_6-6,40
85.0,85,402528,CartPole-v1,"CP-ppo-ac-NN(6,6)-(lr=1.0e-5)-(86-params)",classic_NN_6-6,40
45.0,45,402536,CartPole-v1,"CP-ppo-ac-NN(6,6)-(lr=1.0e-5)-(86-params)",classic_NN_6-6,40
25.0,25,402636,CartPole-v1,"CP-ppo-ac-NN(6,6)-(lr=1.0e-5)-(86-params)",classic_NN_6-6,40
37.0,37,402676,CartPole-v1,"CP-ppo-ac-NN(6,6)-(lr=1.0e-5)-(86-params)",classic_NN_6-6,40
105.0,105,402836,CartPole-v1,"CP-ppo-ac-NN(6,6)-(lr=1.0e-5)-(86-params)",classic_NN_6-6,40
99.0,99,402864,CartPole-v1,"CP-ppo-ac-NN(6,6)-(lr=1.0e-5)-(86-params)",classic_NN_6-6,40
53.0,53,402888,CartPole-v1,"CP-ppo-ac-NN(6,6)-(lr=1.0e-5)-(86-params)",classic_NN_6-6,40
64.0,64,402892,CartPole-v1,"CP-ppo-ac-NN(6,6)-(lr=1.0e-5)-(86-params)",classic_NN_6-6,40
32.0,32,402992,CartPole-v1,"CP-ppo-ac-NN(6,6)-(lr=1.0e-5)-(86-params)",classic_NN_6-6,40
42.0,42,403004,CartPole-v1,"CP-ppo-ac-NN(6,6)-(lr=1.0e-5)-(86-params)",classic_NN_6-6,40
41.0,41,403056,CartPole-v1,"CP-ppo-ac-NN(6,6)-(lr=1.0e-5)-(86-params)",classic_NN_6-6,40
15.0,15,403116,CartPole-v1,"CP-ppo-ac-NN(6,6)-(lr=1.0e-5)-(86-params)",classic_NN_6-6,40
77.0,77,403196,CartPole-v1,"CP-ppo-ac-NN(6,6)-(lr=1.0e-5)-(86-params)",classic_NN_6-6,40
53.0,53,403204,CartPole-v1,"CP-ppo-ac-NN(6,6)-(lr=1.0e-5)-(86-params)",classic_NN_6-6,40
29.0,29,403232,CartPole-v1,"CP-ppo-ac-NN(6,6)-(lr=1.0e-5)-(86-params)",classic_NN_6-6,40
65.0,65,403264,CartPole-v1,"CP-ppo-ac-NN(6,6)-(lr=1.0e-5)-(86-params)",classic_NN_6-6,40
21.0,21,403316,CartPole-v1,"CP-ppo-ac-NN(6,6)-(lr=1.0e-5)-(86-params)",classic_NN_6-6,40
41.0,41,403360,CartPole-v1,"CP-ppo-ac-NN(6,6)-(lr=1.0e-5)-(86-params)",classic_NN_6-6,40
25.0,25,403364,CartPole-v1,"CP-ppo-ac-NN(6,6)-(lr=1.0e-5)-(86-params)",classic_NN_6-6,40
46.0,46,403388,CartPole-v1,"CP-ppo-ac-NN(6,6)-(lr=1.0e-5)-(86-params)",classic_NN_6-6,40
32.0,32,403444,CartPole-v1,"CP-ppo-ac-NN(6,6)-(lr=1.0e-5)-(86-params)",classic_NN_6-6,40
20.0,20,403468,CartPole-v1,"CP-ppo-ac-NN(6,6)-(lr=1.0e-5)-(86-params)",classic_NN_6-6,40
29.0,29,403476,CartPole-v1,"CP-ppo-ac-NN(6,6)-(lr=1.0e-5)-(86-params)",classic_NN_6-6,40
35.0,35,403504,CartPole-v1,"CP-ppo-ac-NN(6,6)-(lr=1.0e-5)-(86-params)",classic_NN_6-6,40
23.0,23,403536,CartPole-v1,"CP-ppo-ac-NN(6,6)-(lr=1.0e-5)-(86-params)",classic_NN_6-6,40
25.0,25,403568,CartPole-v1,"CP-ppo-ac-NN(6,6)-(lr=1.0e-5)-(86-params)",classic_NN_6-6,40
49.0,49,403672,CartPole-v1,"CP-ppo-ac-NN(6,6)-(lr=1.0e-5)-(86-params)",classic_NN_6-6,40
33.0,33,403700,CartPole-v1,"CP-ppo-ac-NN(6,6)-(lr=1.0e-5)-(86-params)",classic_NN_6-6,40
44.0,44,403712,CartPole-v1,"CP-ppo-ac-NN(6,6)-(lr=1.0e-5)-(86-params)",classic_NN_6-6,40
93.0,93,403876,CartPole-v1,"CP-ppo-ac-NN(6,6)-(lr=1.0e-5)-(86-params)",classic_NN_6-6,40
50.0,50,403900,CartPole-v1,"CP-ppo-ac-NN(6,6)-(lr=1.0e-5)-(86-params)",classic_NN_6-6,40
18.0,18,403972,CartPole-v1,"CP-ppo-ac-NN(6,6)-(lr=1.0e-5)-(86-params)",classic_NN_6-6,40
18.0,18,404044,CartPole-v1,"CP-ppo-ac-NN(6,6)-(lr=1.0e-5)-(86-params)",classic_NN_6-6,40
49.0,49,404072,CartPole-v1,"CP-ppo-ac-NN(6,6)-(lr=1.0e-5)-(86-params)",classic_NN_6-6,40
101.0,101,404076,CartPole-v1,"CP-ppo-ac-NN(6,6)-(lr=1.0e-5)-(86-params)",classic_NN_6-6,40
27.0,27,404152,CartPole-v1,"CP-ppo-ac-NN(6,6)-(lr=1.0e-5)-(86-params)",classic_NN_6-6,40
113.0,113,404164,CartPole-v1,"CP-ppo-ac-NN(6,6)-(lr=1.0e-5)-(86-params)",classic_NN_6-6,40
29.0,29,404192,CartPole-v1,"CP-ppo-ac-NN(6,6)-(lr=1.0e-5)-(86-params)",classic_NN_6-6,40
35.0,35,404304,CartPole-v1,"CP-ppo-ac-NN(6,6)-(lr=1.0e-5)-(86-params)",classic_NN_6-6,40
59.0,59,404308,CartPole-v1,"CP-ppo-ac-NN(6,6)-(lr=1.0e-5)-(86-params)",classic_NN_6-6,40
49.0,49,404388,CartPole-v1,"CP-ppo-ac-NN(6,6)-(lr=1.0e-5)-(86-params)",classic_NN_6-6,40
27.0,27,404412,CartPole-v1,"CP-ppo-ac-NN(6,6)-(lr=1.0e-5)-(86-params)",classic_NN_6-6,40
67.0,67,404420,CartPole-v1,"CP-ppo-ac-NN(6,6)-(lr=1.0e-5)-(86-params)",classic_NN_6-6,40
17.0,17,404488,CartPole-v1,"CP-ppo-ac-NN(6,6)-(lr=1.0e-5)-(86-params)",classic_NN_6-6,40
30.0,30,404508,CartPole-v1,"CP-ppo-ac-NN(6,6)-(lr=1.0e-5)-(86-params)",classic_NN_6-6,40
55.0,55,404528,CartPole-v1,"CP-ppo-ac-NN(6,6)-(lr=1.0e-5)-(86-params)",classic_NN_6-6,40
41.0,41,404576,CartPole-v1,"CP-ppo-ac-NN(6,6)-(lr=1.0e-5)-(86-params)",classic_NN_6-6,40
14.0,14,404584,CartPole-v1,"CP-ppo-ac-NN(6,6)-(lr=1.0e-5)-(86-params)",classic_NN_6-6,40
31.0,31,404632,CartPole-v1,"CP-ppo-ac-NN(6,6)-(lr=1.0e-5)-(86-params)",classic_NN_6-6,40
48.0,48,404680,CartPole-v1,"CP-ppo-ac-NN(6,6)-(lr=1.0e-5)-(86-params)",classic_NN_6-6,40
31.0,31,404700,CartPole-v1,"CP-ppo-ac-NN(6,6)-(lr=1.0e-5)-(86-params)",classic_NN_6-6,40
32.0,32,404712,CartPole-v1,"CP-ppo-ac-NN(6,6)-(lr=1.0e-5)-(86-params)",classic_NN_6-6,40
39.0,39,404788,CartPole-v1,"CP-ppo-ac-NN(6,6)-(lr=1.0e-5)-(86-params)",classic_NN_6-6,40
29.0,29,404828,CartPole-v1,"CP-ppo-ac-NN(6,6)-(lr=1.0e-5)-(86-params)",classic_NN_6-6,40
49.0,49,404876,CartPole-v1,"CP-ppo-ac-NN(6,6)-(lr=1.0e-5)-(86-params)",classic_NN_6-6,40
49.0,49,404896,CartPole-v1,"CP-ppo-ac-NN(6,6)-(lr=1.0e-5)-(86-params)",classic_NN_6-6,40
20.0,20,404908,CartPole-v1,"CP-ppo-ac-NN(6,6)-(lr=1.0e-5)-(86-params)",classic_NN_6-6,40
21.0,21,404960,CartPole-v1,"CP-ppo-ac-NN(6,6)-(lr=1.0e-5)-(86-params)",classic_NN_6-6,40
45.0,45,404968,CartPole-v1,"CP-ppo-ac-NN(6,6)-(lr=1.0e-5)-(86-params)",classic_NN_6-6,40
45.0,45,405076,CartPole-v1,"CP-ppo-ac-NN(6,6)-(lr=1.0e-5)-(86-params)",classic_NN_6-6,40
47.0,47,405156,CartPole-v1,"CP-ppo-ac-NN(6,6)-(lr=1.0e-5)-(86-params)",classic_NN_6-6,40
22.0,22,405244,CartPole-v1,"CP-ppo-ac-NN(6,6)-(lr=1.0e-5)-(86-params)",classic_NN_6-6,40
81.0,81,405284,CartPole-v1,"CP-ppo-ac-NN(6,6)-(lr=1.0e-5)-(86-params)",classic_NN_6-6,40
109.0,109,405344,CartPole-v1,"CP-ppo-ac-NN(6,6)-(lr=1.0e-5)-(86-params)",classic_NN_6-6,40
27.0,27,405352,CartPole-v1,"CP-ppo-ac-NN(6,6)-(lr=1.0e-5)-(86-params)",classic_NN_6-6,40
76.0,76,405380,CartPole-v1,"CP-ppo-ac-NN(6,6)-(lr=1.0e-5)-(86-params)",classic_NN_6-6,40
14.0,14,405408,CartPole-v1,"CP-ppo-ac-NN(6,6)-(lr=1.0e-5)-(86-params)",classic_NN_6-6,40
23.0,23,405436,CartPole-v1,"CP-ppo-ac-NN(6,6)-(lr=1.0e-5)-(86-params)",classic_NN_6-6,40
16.0,16,405444,CartPole-v1,"CP-ppo-ac-NN(6,6)-(lr=1.0e-5)-(86-params)",classic_NN_6-6,40
42.0,42,405452,CartPole-v1,"CP-ppo-ac-NN(6,6)-(lr=1.0e-5)-(86-params)",classic_NN_6-6,40
24.0,24,405504,CartPole-v1,"CP-ppo-ac-NN(6,6)-(lr=1.0e-5)-(86-params)",classic_NN_6-6,40
23.0,23,405596,CartPole-v1,"CP-ppo-ac-NN(6,6)-(lr=1.0e-5)-(86-params)",classic_NN_6-6,40
58.0,58,405684,CartPole-v1,"CP-ppo-ac-NN(6,6)-(lr=1.0e-5)-(86-params)",classic_NN_6-6,40
62.0,62,405692,CartPole-v1,"CP-ppo-ac-NN(6,6)-(lr=1.0e-5)-(86-params)",classic_NN_6-6,40
15.0,15,405744,CartPole-v1,"CP-ppo-ac-NN(6,6)-(lr=1.0e-5)-(86-params)",classic_NN_6-6,40
77.0,77,405744,CartPole-v1,"CP-ppo-ac-NN(6,6)-(lr=1.0e-5)-(86-params)",classic_NN_6-6,40
49.0,49,405792,CartPole-v1,"CP-ppo-ac-NN(6,6)-(lr=1.0e-5)-(86-params)",classic_NN_6-6,40
58.0,58,405924,CartPole-v1,"CP-ppo-ac-NN(6,6)-(lr=1.0e-5)-(86-params)",classic_NN_6-6,40
47.0,47,405932,CartPole-v1,"CP-ppo-ac-NN(6,6)-(lr=1.0e-5)-(86-params)",classic_NN_6-6,40
38.0,38,405944,CartPole-v1,"CP-ppo-ac-NN(6,6)-(lr=1.0e-5)-(86-params)",classic_NN_6-6,40
50.0,50,405944,CartPole-v1,"CP-ppo-ac-NN(6,6)-(lr=1.0e-5)-(86-params)",classic_NN_6-6,40
15.0,15,405992,CartPole-v1,"CP-ppo-ac-NN(6,6)-(lr=1.0e-5)-(86-params)",classic_NN_6-6,40
18.0,18,405996,CartPole-v1,"CP-ppo-ac-NN(6,6)-(lr=1.0e-5)-(86-params)",classic_NN_6-6,40
20.0,20,406024,CartPole-v1,"CP-ppo-ac-NN(6,6)-(lr=1.0e-5)-(86-params)",classic_NN_6-6,40
34.0,34,406080,CartPole-v1,"CP-ppo-ac-NN(6,6)-(lr=1.0e-5)-(86-params)",classic_NN_6-6,40
15.0,15,406084,CartPole-v1,"CP-ppo-ac-NN(6,6)-(lr=1.0e-5)-(86-params)",classic_NN_6-6,40
26.0,26,406188,CartPole-v1,"CP-ppo-ac-NN(6,6)-(lr=1.0e-5)-(86-params)",classic_NN_6-6,40
53.0,53,406204,CartPole-v1,"CP-ppo-ac-NN(6,6)-(lr=1.0e-5)-(86-params)",classic_NN_6-6,40
59.0,59,406232,CartPole-v1,"CP-ppo-ac-NN(6,6)-(lr=1.0e-5)-(86-params)",classic_NN_6-6,40
21.0,21,406316,CartPole-v1,"CP-ppo-ac-NN(6,6)-(lr=1.0e-5)-(86-params)",classic_NN_6-6,40
75.0,75,406380,CartPole-v1,"CP-ppo-ac-NN(6,6)-(lr=1.0e-5)-(86-params)",classic_NN_6-6,40
51.0,51,406408,CartPole-v1,"CP-ppo-ac-NN(6,6)-(lr=1.0e-5)-(86-params)",classic_NN_6-6,40
43.0,43,406488,CartPole-v1,"CP-ppo-ac-NN(6,6)-(lr=1.0e-5)-(86-params)",classic_NN_6-6,40
26.0,26,406512,CartPole-v1,"CP-ppo-ac-NN(6,6)-(lr=1.0e-5)-(86-params)",classic_NN_6-6,40
42.0,42,406548,CartPole-v1,"CP-ppo-ac-NN(6,6)-(lr=1.0e-5)-(86-params)",classic_NN_6-6,40
25.0,25,406588,CartPole-v1,"CP-ppo-ac-NN(6,6)-(lr=1.0e-5)-(86-params)",classic_NN_6-6,40
107.0,107,406616,CartPole-v1,"CP-ppo-ac-NN(6,6)-(lr=1.0e-5)-(86-params)",classic_NN_6-6,40
40.0,40,406672,CartPole-v1,"CP-ppo-ac-NN(6,6)-(lr=1.0e-5)-(86-params)",classic_NN_6-6,40
27.0,27,406696,CartPole-v1,"CP-ppo-ac-NN(6,6)-(lr=1.0e-5)-(86-params)",classic_NN_6-6,40
42.0,42,406716,CartPole-v1,"CP-ppo-ac-NN(6,6)-(lr=1.0e-5)-(86-params)",classic_NN_6-6,40
43.0,43,406788,CartPole-v1,"CP-ppo-ac-NN(6,6)-(lr=1.0e-5)-(86-params)",classic_NN_6-6,40
50.0,50,406872,CartPole-v1,"CP-ppo-ac-NN(6,6)-(lr=1.0e-5)-(86-params)",classic_NN_6-6,40
32.0,32,406916,CartPole-v1,"CP-ppo-ac-NN(6,6)-(lr=1.0e-5)-(86-params)",classic_NN_6-6,40
56.0,56,406920,CartPole-v1,"CP-ppo-ac-NN(6,6)-(lr=1.0e-5)-(86-params)",classic_NN_6-6,40
18.0,18,406944,CartPole-v1,"CP-ppo-ac-NN(6,6)-(lr=1.0e-5)-(86-params)",classic_NN_6-6,40
84.0,84,407052,CartPole-v1,"CP-ppo-ac-NN(6,6)-(lr=1.0e-5)-(86-params)",classic_NN_6-6,40
35.0,35,407060,CartPole-v1,"CP-ppo-ac-NN(6,6)-(lr=1.0e-5)-(86-params)",classic_NN_6-6,40
15.0,15,407112,CartPole-v1,"CP-ppo-ac-NN(6,6)-(lr=1.0e-5)-(86-params)",classic_NN_6-6,40
17.0,17,407128,CartPole-v1,"CP-ppo-ac-NN(6,6)-(lr=1.0e-5)-(86-params)",classic_NN_6-6,40
17.0,17,407180,CartPole-v1,"CP-ppo-ac-NN(6,6)-(lr=1.0e-5)-(86-params)",classic_NN_6-6,40
62.0,62,407192,CartPole-v1,"CP-ppo-ac-NN(6,6)-(lr=1.0e-5)-(86-params)",classic_NN_6-6,40
26.0,26,407296,CartPole-v1,"CP-ppo-ac-NN(6,6)-(lr=1.0e-5)-(86-params)",classic_NN_6-6,40
33.0,33,407312,CartPole-v1,"CP-ppo-ac-NN(6,6)-(lr=1.0e-5)-(86-params)",classic_NN_6-6,40
102.0,102,407324,CartPole-v1,"CP-ppo-ac-NN(6,6)-(lr=1.0e-5)-(86-params)",classic_NN_6-6,40
57.0,57,407356,CartPole-v1,"CP-ppo-ac-NN(6,6)-(lr=1.0e-5)-(86-params)",classic_NN_6-6,40
14.0,14,407368,CartPole-v1,"CP-ppo-ac-NN(6,6)-(lr=1.0e-5)-(86-params)",classic_NN_6-6,40
15.0,15,407416,CartPole-v1,"CP-ppo-ac-NN(6,6)-(lr=1.0e-5)-(86-params)",classic_NN_6-6,40
37.0,37,407516,CartPole-v1,"CP-ppo-ac-NN(6,6)-(lr=1.0e-5)-(86-params)",classic_NN_6-6,40
54.0,54,407540,CartPole-v1,"CP-ppo-ac-NN(6,6)-(lr=1.0e-5)-(86-params)",classic_NN_6-6,40
47.0,47,407604,CartPole-v1,"CP-ppo-ac-NN(6,6)-(lr=1.0e-5)-(86-params)",classic_NN_6-6,40
35.0,35,407656,CartPole-v1,"CP-ppo-ac-NN(6,6)-(lr=1.0e-5)-(86-params)",classic_NN_6-6,40
13.0,13,407656,CartPole-v1,"CP-ppo-ac-NN(6,6)-(lr=1.0e-5)-(86-params)",classic_NN_6-6,40
121.0,121,407780,CartPole-v1,"CP-ppo-ac-NN(6,6)-(lr=1.0e-5)-(86-params)",classic_NN_6-6,40
36.0,36,407800,CartPole-v1,"CP-ppo-ac-NN(6,6)-(lr=1.0e-5)-(86-params)",classic_NN_6-6,40
68.0,68,407812,CartPole-v1,"CP-ppo-ac-NN(6,6)-(lr=1.0e-5)-(86-params)",classic_NN_6-6,40
49.0,49,407852,CartPole-v1,"CP-ppo-ac-NN(6,6)-(lr=1.0e-5)-(86-params)",classic_NN_6-6,40
24.0,24,407876,CartPole-v1,"CP-ppo-ac-NN(6,6)-(lr=1.0e-5)-(86-params)",classic_NN_6-6,40
38.0,38,407952,CartPole-v1,"CP-ppo-ac-NN(6,6)-(lr=1.0e-5)-(86-params)",classic_NN_6-6,40
26.0,26,407956,CartPole-v1,"CP-ppo-ac-NN(6,6)-(lr=1.0e-5)-(86-params)",classic_NN_6-6,40
28.0,28,407988,CartPole-v1,"CP-ppo-ac-NN(6,6)-(lr=1.0e-5)-(86-params)",classic_NN_6-6,40
53.0,53,408024,CartPole-v1,"CP-ppo-ac-NN(6,6)-(lr=1.0e-5)-(86-params)",classic_NN_6-6,40
22.0,22,408040,CartPole-v1,"CP-ppo-ac-NN(6,6)-(lr=1.0e-5)-(86-params)",classic_NN_6-6,40
27.0,27,408064,CartPole-v1,"CP-ppo-ac-NN(6,6)-(lr=1.0e-5)-(86-params)",classic_NN_6-6,40
17.0,17,408108,CartPole-v1,"CP-ppo-ac-NN(6,6)-(lr=1.0e-5)-(86-params)",classic_NN_6-6,40
45.0,45,408168,CartPole-v1,"CP-ppo-ac-NN(6,6)-(lr=1.0e-5)-(86-params)",classic_NN_6-6,40
45.0,45,408204,CartPole-v1,"CP-ppo-ac-NN(6,6)-(lr=1.0e-5)-(86-params)",classic_NN_6-6,40
26.0,26,408212,CartPole-v1,"CP-ppo-ac-NN(6,6)-(lr=1.0e-5)-(86-params)",classic_NN_6-6,40
11.0,11,408256,CartPole-v1,"CP-ppo-ac-NN(6,6)-(lr=1.0e-5)-(86-params)",classic_NN_6-6,40
33.0,33,408300,CartPole-v1,"CP-ppo-ac-NN(6,6)-(lr=1.0e-5)-(86-params)",classic_NN_6-6,40
75.0,75,408364,CartPole-v1,"CP-ppo-ac-NN(6,6)-(lr=1.0e-5)-(86-params)",classic_NN_6-6,40
34.0,34,408392,CartPole-v1,"CP-ppo-ac-NN(6,6)-(lr=1.0e-5)-(86-params)",classic_NN_6-6,40
54.0,54,408420,CartPole-v1,"CP-ppo-ac-NN(6,6)-(lr=1.0e-5)-(86-params)",classic_NN_6-6,40
41.0,41,408464,CartPole-v1,"CP-ppo-ac-NN(6,6)-(lr=1.0e-5)-(86-params)",classic_NN_6-6,40
20.0,20,408472,CartPole-v1,"CP-ppo-ac-NN(6,6)-(lr=1.0e-5)-(86-params)",classic_NN_6-6,40
38.0,38,408516,CartPole-v1,"CP-ppo-ac-NN(6,6)-(lr=1.0e-5)-(86-params)",classic_NN_6-6,40
26.0,26,408568,CartPole-v1,"CP-ppo-ac-NN(6,6)-(lr=1.0e-5)-(86-params)",classic_NN_6-6,40
38.0,38,408668,CartPole-v1,"CP-ppo-ac-NN(6,6)-(lr=1.0e-5)-(86-params)",classic_NN_6-6,40
20.0,20,408748,CartPole-v1,"CP-ppo-ac-NN(6,6)-(lr=1.0e-5)-(86-params)",classic_NN_6-6,40
12.0,12,408796,CartPole-v1,"CP-ppo-ac-NN(6,6)-(lr=1.0e-5)-(86-params)",classic_NN_6-6,40
102.0,102,408828,CartPole-v1,"CP-ppo-ac-NN(6,6)-(lr=1.0e-5)-(86-params)",classic_NN_6-6,40
89.0,89,408828,CartPole-v1,"CP-ppo-ac-NN(6,6)-(lr=1.0e-5)-(86-params)",classic_NN_6-6,40
72.0,72,408856,CartPole-v1,"CP-ppo-ac-NN(6,6)-(lr=1.0e-5)-(86-params)",classic_NN_6-6,40
23.0,23,408920,CartPole-v1,"CP-ppo-ac-NN(6,6)-(lr=1.0e-5)-(86-params)",classic_NN_6-6,40
35.0,35,409060,CartPole-v1,"CP-ppo-ac-NN(6,6)-(lr=1.0e-5)-(86-params)",classic_NN_6-6,40
53.0,53,409068,CartPole-v1,"CP-ppo-ac-NN(6,6)-(lr=1.0e-5)-(86-params)",classic_NN_6-6,40
79.0,79,409112,CartPole-v1,"CP-ppo-ac-NN(6,6)-(lr=1.0e-5)-(86-params)",classic_NN_6-6,40
74.0,74,409124,CartPole-v1,"CP-ppo-ac-NN(6,6)-(lr=1.0e-5)-(86-params)",classic_NN_6-6,40
24.0,24,409156,CartPole-v1,"CP-ppo-ac-NN(6,6)-(lr=1.0e-5)-(86-params)",classic_NN_6-6,40
27.0,27,409220,CartPole-v1,"CP-ppo-ac-NN(6,6)-(lr=1.0e-5)-(86-params)",classic_NN_6-6,40
40.0,40,409316,CartPole-v1,"CP-ppo-ac-NN(6,6)-(lr=1.0e-5)-(86-params)",classic_NN_6-6,40
63.0,63,409320,CartPole-v1,"CP-ppo-ac-NN(6,6)-(lr=1.0e-5)-(86-params)",classic_NN_6-6,40
73.0,73,409416,CartPole-v1,"CP-ppo-ac-NN(6,6)-(lr=1.0e-5)-(86-params)",classic_NN_6-6,40
55.0,55,409440,CartPole-v1,"CP-ppo-ac-NN(6,6)-(lr=1.0e-5)-(86-params)",classic_NN_6-6,40
51.0,51,409520,CartPole-v1,"CP-ppo-ac-NN(6,6)-(lr=1.0e-5)-(86-params)",classic_NN_6-6,40
66.0,66,409584,CartPole-v1,"CP-ppo-ac-NN(6,6)-(lr=1.0e-5)-(86-params)",classic_NN_6-6,40
42.0,42,409584,CartPole-v1,"CP-ppo-ac-NN(6,6)-(lr=1.0e-5)-(86-params)",classic_NN_6-6,40
28.0,28,409632,CartPole-v1,"CP-ppo-ac-NN(6,6)-(lr=1.0e-5)-(86-params)",classic_NN_6-6,40
24.0,24,409680,CartPole-v1,"CP-ppo-ac-NN(6,6)-(lr=1.0e-5)-(86-params)",classic_NN_6-6,40
12.0,12,409680,CartPole-v1,"CP-ppo-ac-NN(6,6)-(lr=1.0e-5)-(86-params)",classic_NN_6-6,40
68.0,68,409712,CartPole-v1,"CP-ppo-ac-NN(6,6)-(lr=1.0e-5)-(86-params)",classic_NN_6-6,40
33.0,33,409812,CartPole-v1,"CP-ppo-ac-NN(6,6)-(lr=1.0e-5)-(86-params)",classic_NN_6-6,40
65.0,65,409844,CartPole-v1,"CP-ppo-ac-NN(6,6)-(lr=1.0e-5)-(86-params)",classic_NN_6-6,40
43.0,43,409884,CartPole-v1,"CP-ppo-ac-NN(6,6)-(lr=1.0e-5)-(86-params)",classic_NN_6-6,40
52.0,52,409888,CartPole-v1,"CP-ppo-ac-NN(6,6)-(lr=1.0e-5)-(86-params)",classic_NN_6-6,40
26.0,26,409992,CartPole-v1,"CP-ppo-ac-NN(6,6)-(lr=1.0e-5)-(86-params)",classic_NN_6-6,40
47.0,47,410000,CartPole-v1,"CP-ppo-ac-NN(6,6)-(lr=1.0e-5)-(86-params)",classic_NN_6-6,40
52.0,52,410052,CartPole-v1,"CP-ppo-ac-NN(6,6)-(lr=1.0e-5)-(86-params)",classic_NN_6-6,40
17.0,17,410060,CartPole-v1,"CP-ppo-ac-NN(6,6)-(lr=1.0e-5)-(86-params)",classic_NN_6-6,40
44.0,44,410060,CartPole-v1,"CP-ppo-ac-NN(6,6)-(lr=1.0e-5)-(86-params)",classic_NN_6-6,40
44.0,44,410176,CartPole-v1,"CP-ppo-ac-NN(6,6)-(lr=1.0e-5)-(86-params)",classic_NN_6-6,40
29.0,29,410176,CartPole-v1,"CP-ppo-ac-NN(6,6)-(lr=1.0e-5)-(86-params)",classic_NN_6-6,40
57.0,57,410280,CartPole-v1,"CP-ppo-ac-NN(6,6)-(lr=1.0e-5)-(86-params)",classic_NN_6-6,40
27.0,27,410284,CartPole-v1,"CP-ppo-ac-NN(6,6)-(lr=1.0e-5)-(86-params)",classic_NN_6-6,40
29.0,29,410292,CartPole-v1,"CP-ppo-ac-NN(6,6)-(lr=1.0e-5)-(86-params)",classic_NN_6-6,40
66.0,66,410324,CartPole-v1,"CP-ppo-ac-NN(6,6)-(lr=1.0e-5)-(86-params)",classic_NN_6-6,40
15.0,15,410340,CartPole-v1,"CP-ppo-ac-NN(6,6)-(lr=1.0e-5)-(86-params)",classic_NN_6-6,40
26.0,26,410388,CartPole-v1,"CP-ppo-ac-NN(6,6)-(lr=1.0e-5)-(86-params)",classic_NN_6-6,40
32.0,32,410468,CartPole-v1,"CP-ppo-ac-NN(6,6)-(lr=1.0e-5)-(86-params)",classic_NN_6-6,40
21.0,21,410472,CartPole-v1,"CP-ppo-ac-NN(6,6)-(lr=1.0e-5)-(86-params)",classic_NN_6-6,40
49.0,49,410488,CartPole-v1,"CP-ppo-ac-NN(6,6)-(lr=1.0e-5)-(86-params)",classic_NN_6-6,40
17.0,17,410540,CartPole-v1,"CP-ppo-ac-NN(6,6)-(lr=1.0e-5)-(86-params)",classic_NN_6-6,40
57.0,57,410552,CartPole-v1,"CP-ppo-ac-NN(6,6)-(lr=1.0e-5)-(86-params)",classic_NN_6-6,40
17.0,17,410556,CartPole-v1,"CP-ppo-ac-NN(6,6)-(lr=1.0e-5)-(86-params)",classic_NN_6-6,40
31.0,31,410664,CartPole-v1,"CP-ppo-ac-NN(6,6)-(lr=1.0e-5)-(86-params)",classic_NN_6-6,40
60.0,60,410708,CartPole-v1,"CP-ppo-ac-NN(6,6)-(lr=1.0e-5)-(86-params)",classic_NN_6-6,40
24.0,24,410760,CartPole-v1,"CP-ppo-ac-NN(6,6)-(lr=1.0e-5)-(86-params)",classic_NN_6-6,40
54.0,54,410768,CartPole-v1,"CP-ppo-ac-NN(6,6)-(lr=1.0e-5)-(86-params)",classic_NN_6-6,40
22.0,22,410796,CartPole-v1,"CP-ppo-ac-NN(6,6)-(lr=1.0e-5)-(86-params)",classic_NN_6-6,40
24.0,24,410856,CartPole-v1,"CP-ppo-ac-NN(6,6)-(lr=1.0e-5)-(86-params)",classic_NN_6-6,40
86.0,86,410900,CartPole-v1,"CP-ppo-ac-NN(6,6)-(lr=1.0e-5)-(86-params)",classic_NN_6-6,40
28.0,28,410908,CartPole-v1,"CP-ppo-ac-NN(6,6)-(lr=1.0e-5)-(86-params)",classic_NN_6-6,40
46.0,46,410952,CartPole-v1,"CP-ppo-ac-NN(6,6)-(lr=1.0e-5)-(86-params)",classic_NN_6-6,40
30.0,30,410976,CartPole-v1,"CP-ppo-ac-NN(6,6)-(lr=1.0e-5)-(86-params)",classic_NN_6-6,40
28.0,28,411020,CartPole-v1,"CP-ppo-ac-NN(6,6)-(lr=1.0e-5)-(86-params)",classic_NN_6-6,40
35.0,35,411040,CartPole-v1,"CP-ppo-ac-NN(6,6)-(lr=1.0e-5)-(86-params)",classic_NN_6-6,40
26.0,26,411056,CartPole-v1,"CP-ppo-ac-NN(6,6)-(lr=1.0e-5)-(86-params)",classic_NN_6-6,40
18.0,18,411092,CartPole-v1,"CP-ppo-ac-NN(6,6)-(lr=1.0e-5)-(86-params)",classic_NN_6-6,40
17.0,17,411124,CartPole-v1,"CP-ppo-ac-NN(6,6)-(lr=1.0e-5)-(86-params)",classic_NN_6-6,40
55.0,55,411196,CartPole-v1,"CP-ppo-ac-NN(6,6)-(lr=1.0e-5)-(86-params)",classic_NN_6-6,40
46.0,46,411224,CartPole-v1,"CP-ppo-ac-NN(6,6)-(lr=1.0e-5)-(86-params)",classic_NN_6-6,40
44.0,44,411268,CartPole-v1,"CP-ppo-ac-NN(6,6)-(lr=1.0e-5)-(86-params)",classic_NN_6-6,40
41.0,41,411288,CartPole-v1,"CP-ppo-ac-NN(6,6)-(lr=1.0e-5)-(86-params)",classic_NN_6-6,40
38.0,38,411348,CartPole-v1,"CP-ppo-ac-NN(6,6)-(lr=1.0e-5)-(86-params)",classic_NN_6-6,40
15.0,15,411408,CartPole-v1,"CP-ppo-ac-NN(6,6)-(lr=1.0e-5)-(86-params)",classic_NN_6-6,40
35.0,35,411408,CartPole-v1,"CP-ppo-ac-NN(6,6)-(lr=1.0e-5)-(86-params)",classic_NN_6-6,40
33.0,33,411420,CartPole-v1,"CP-ppo-ac-NN(6,6)-(lr=1.0e-5)-(86-params)",classic_NN_6-6,40
25.0,25,411508,CartPole-v1,"CP-ppo-ac-NN(6,6)-(lr=1.0e-5)-(86-params)",classic_NN_6-6,40
30.0,30,411528,CartPole-v1,"CP-ppo-ac-NN(6,6)-(lr=1.0e-5)-(86-params)",classic_NN_6-6,40
29.0,29,411536,CartPole-v1,"CP-ppo-ac-NN(6,6)-(lr=1.0e-5)-(86-params)",classic_NN_6-6,40
90.0,90,411584,CartPole-v1,"CP-ppo-ac-NN(6,6)-(lr=1.0e-5)-(86-params)",classic_NN_6-6,40
29.0,29,411652,CartPole-v1,"CP-ppo-ac-NN(6,6)-(lr=1.0e-5)-(86-params)",classic_NN_6-6,40
15.0,15,411712,CartPole-v1,"CP-ppo-ac-NN(6,6)-(lr=1.0e-5)-(86-params)",classic_NN_6-6,40
38.0,38,411736,CartPole-v1,"CP-ppo-ac-NN(6,6)-(lr=1.0e-5)-(86-params)",classic_NN_6-6,40
60.0,60,411748,CartPole-v1,"CP-ppo-ac-NN(6,6)-(lr=1.0e-5)-(86-params)",classic_NN_6-6,40
25.0,25,411836,CartPole-v1,"CP-ppo-ac-NN(6,6)-(lr=1.0e-5)-(86-params)",classic_NN_6-6,40
37.0,37,411860,CartPole-v1,"CP-ppo-ac-NN(6,6)-(lr=1.0e-5)-(86-params)",classic_NN_6-6,40
96.0,96,411912,CartPole-v1,"CP-ppo-ac-NN(6,6)-(lr=1.0e-5)-(86-params)",classic_NN_6-6,40
52.0,52,411956,CartPole-v1,"CP-ppo-ac-NN(6,6)-(lr=1.0e-5)-(86-params)",classic_NN_6-6,40
35.0,35,412000,CartPole-v1,"CP-ppo-ac-NN(6,6)-(lr=1.0e-5)-(86-params)",classic_NN_6-6,40
15.0,15,412016,CartPole-v1,"CP-ppo-ac-NN(6,6)-(lr=1.0e-5)-(86-params)",classic_NN_6-6,40
24.0,24,412096,CartPole-v1,"CP-ppo-ac-NN(6,6)-(lr=1.0e-5)-(86-params)",classic_NN_6-6,40
47.0,47,412100,CartPole-v1,"CP-ppo-ac-NN(6,6)-(lr=1.0e-5)-(86-params)",classic_NN_6-6,40
10.0,10,412140,CartPole-v1,"CP-ppo-ac-NN(6,6)-(lr=1.0e-5)-(86-params)",classic_NN_6-6,40
83.0,83,412168,CartPole-v1,"CP-ppo-ac-NN(6,6)-(lr=1.0e-5)-(86-params)",classic_NN_6-6,40
27.0,27,412276,CartPole-v1,"CP-ppo-ac-NN(6,6)-(lr=1.0e-5)-(86-params)",classic_NN_6-6,40
72.0,72,412304,CartPole-v1,"CP-ppo-ac-NN(6,6)-(lr=1.0e-5)-(86-params)",classic_NN_6-6,40
53.0,53,412308,CartPole-v1,"CP-ppo-ac-NN(6,6)-(lr=1.0e-5)-(86-params)",classic_NN_6-6,40
52.0,52,412348,CartPole-v1,"CP-ppo-ac-NN(6,6)-(lr=1.0e-5)-(86-params)",classic_NN_6-6,40
14.0,14,412360,CartPole-v1,"CP-ppo-ac-NN(6,6)-(lr=1.0e-5)-(86-params)",classic_NN_6-6,40
52.0,52,412516,CartPole-v1,"CP-ppo-ac-NN(6,6)-(lr=1.0e-5)-(86-params)",classic_NN_6-6,40
62.0,62,412524,CartPole-v1,"CP-ppo-ac-NN(6,6)-(lr=1.0e-5)-(86-params)",classic_NN_6-6,40
47.0,47,412536,CartPole-v1,"CP-ppo-ac-NN(6,6)-(lr=1.0e-5)-(86-params)",classic_NN_6-6,40
29.0,29,412640,CartPole-v1,"CP-ppo-ac-NN(6,6)-(lr=1.0e-5)-(86-params)",classic_NN_6-6,40
43.0,43,412688,CartPole-v1,"CP-ppo-ac-NN(6,6)-(lr=1.0e-5)-(86-params)",classic_NN_6-6,40
49.0,49,412732,CartPole-v1,"CP-ppo-ac-NN(6,6)-(lr=1.0e-5)-(86-params)",classic_NN_6-6,40
12.0,12,412736,CartPole-v1,"CP-ppo-ac-NN(6,6)-(lr=1.0e-5)-(86-params)",classic_NN_6-6,40
115.0,115,412820,CartPole-v1,"CP-ppo-ac-NN(6,6)-(lr=1.0e-5)-(86-params)",classic_NN_6-6,40
47.0,47,412828,CartPole-v1,"CP-ppo-ac-NN(6,6)-(lr=1.0e-5)-(86-params)",classic_NN_6-6,40
26.0,26,412836,CartPole-v1,"CP-ppo-ac-NN(6,6)-(lr=1.0e-5)-(86-params)",classic_NN_6-6,40
27.0,27,412944,CartPole-v1,"CP-ppo-ac-NN(6,6)-(lr=1.0e-5)-(86-params)",classic_NN_6-6,40
49.0,49,413016,CartPole-v1,"CP-ppo-ac-NN(6,6)-(lr=1.0e-5)-(86-params)",classic_NN_6-6,40
69.0,69,413104,CartPole-v1,"CP-ppo-ac-NN(6,6)-(lr=1.0e-5)-(86-params)",classic_NN_6-6,40
47.0,47,413132,CartPole-v1,"CP-ppo-ac-NN(6,6)-(lr=1.0e-5)-(86-params)",classic_NN_6-6,40
58.0,58,413248,CartPole-v1,"CP-ppo-ac-NN(6,6)-(lr=1.0e-5)-(86-params)",classic_NN_6-6,40
41.0,41,413268,CartPole-v1,"CP-ppo-ac-NN(6,6)-(lr=1.0e-5)-(86-params)",classic_NN_6-6,40
134.0,134,413272,CartPole-v1,"CP-ppo-ac-NN(6,6)-(lr=1.0e-5)-(86-params)",classic_NN_6-6,40
40.0,40,413292,CartPole-v1,"CP-ppo-ac-NN(6,6)-(lr=1.0e-5)-(86-params)",classic_NN_6-6,40
16.0,16,413332,CartPole-v1,"CP-ppo-ac-NN(6,6)-(lr=1.0e-5)-(86-params)",classic_NN_6-6,40
53.0,53,413460,CartPole-v1,"CP-ppo-ac-NN(6,6)-(lr=1.0e-5)-(86-params)",classic_NN_6-6,40
46.0,46,413476,CartPole-v1,"CP-ppo-ac-NN(6,6)-(lr=1.0e-5)-(86-params)",classic_NN_6-6,40
20.0,20,413556,CartPole-v1,"CP-ppo-ac-NN(6,6)-(lr=1.0e-5)-(86-params)",classic_NN_6-6,40
84.0,84,413608,CartPole-v1,"CP-ppo-ac-NN(6,6)-(lr=1.0e-5)-(86-params)",classic_NN_6-6,40
26.0,26,413660,CartPole-v1,"CP-ppo-ac-NN(6,6)-(lr=1.0e-5)-(86-params)",classic_NN_6-6,40
91.0,91,413696,CartPole-v1,"CP-ppo-ac-NN(6,6)-(lr=1.0e-5)-(86-params)",classic_NN_6-6,40
63.0,63,413712,CartPole-v1,"CP-ppo-ac-NN(6,6)-(lr=1.0e-5)-(86-params)",classic_NN_6-6,40
34.0,34,413744,CartPole-v1,"CP-ppo-ac-NN(6,6)-(lr=1.0e-5)-(86-params)",classic_NN_6-6,40
13.0,13,413764,CartPole-v1,"CP-ppo-ac-NN(6,6)-(lr=1.0e-5)-(86-params)",classic_NN_6-6,40
32.0,32,413824,CartPole-v1,"CP-ppo-ac-NN(6,6)-(lr=1.0e-5)-(86-params)",classic_NN_6-6,40
46.0,46,413844,CartPole-v1,"CP-ppo-ac-NN(6,6)-(lr=1.0e-5)-(86-params)",classic_NN_6-6,40
50.0,50,413944,CartPole-v1,"CP-ppo-ac-NN(6,6)-(lr=1.0e-5)-(86-params)",classic_NN_6-6,40
53.0,53,413976,CartPole-v1,"CP-ppo-ac-NN(6,6)-(lr=1.0e-5)-(86-params)",classic_NN_6-6,40
35.0,35,413984,CartPole-v1,"CP-ppo-ac-NN(6,6)-(lr=1.0e-5)-(86-params)",classic_NN_6-6,40
18.0,18,414048,CartPole-v1,"CP-ppo-ac-NN(6,6)-(lr=1.0e-5)-(86-params)",classic_NN_6-6,40
23.0,23,414076,CartPole-v1,"CP-ppo-ac-NN(6,6)-(lr=1.0e-5)-(86-params)",classic_NN_6-6,40
80.0,80,414144,CartPole-v1,"CP-ppo-ac-NN(6,6)-(lr=1.0e-5)-(86-params)",classic_NN_6-6,40
36.0,36,414192,CartPole-v1,"CP-ppo-ac-NN(6,6)-(lr=1.0e-5)-(86-params)",classic_NN_6-6,40
73.0,73,414236,CartPole-v1,"CP-ppo-ac-NN(6,6)-(lr=1.0e-5)-(86-params)",classic_NN_6-6,40
19.0,19,414268,CartPole-v1,"CP-ppo-ac-NN(6,6)-(lr=1.0e-5)-(86-params)",classic_NN_6-6,40
24.0,24,414332,CartPole-v1,"CP-ppo-ac-NN(6,6)-(lr=1.0e-5)-(86-params)",classic_NN_6-6,40
53.0,53,414356,CartPole-v1,"CP-ppo-ac-NN(6,6)-(lr=1.0e-5)-(86-params)",classic_NN_6-6,40
71.0,71,414360,CartPole-v1,"CP-ppo-ac-NN(6,6)-(lr=1.0e-5)-(86-params)",classic_NN_6-6,40
25.0,25,414368,CartPole-v1,"CP-ppo-ac-NN(6,6)-(lr=1.0e-5)-(86-params)",classic_NN_6-6,40
26.0,26,414436,CartPole-v1,"CP-ppo-ac-NN(6,6)-(lr=1.0e-5)-(86-params)",classic_NN_6-6,40
22.0,22,414448,CartPole-v1,"CP-ppo-ac-NN(6,6)-(lr=1.0e-5)-(86-params)",classic_NN_6-6,40
14.0,14,414492,CartPole-v1,"CP-ppo-ac-NN(6,6)-(lr=1.0e-5)-(86-params)",classic_NN_6-6,40
33.0,33,414500,CartPole-v1,"CP-ppo-ac-NN(6,6)-(lr=1.0e-5)-(86-params)",classic_NN_6-6,40
43.0,43,414528,CartPole-v1,"CP-ppo-ac-NN(6,6)-(lr=1.0e-5)-(86-params)",classic_NN_6-6,40
27.0,27,414556,CartPole-v1,"CP-ppo-ac-NN(6,6)-(lr=1.0e-5)-(86-params)",classic_NN_6-6,40
36.0,36,414636,CartPole-v1,"CP-ppo-ac-NN(6,6)-(lr=1.0e-5)-(86-params)",classic_NN_6-6,40
37.0,37,414676,CartPole-v1,"CP-ppo-ac-NN(6,6)-(lr=1.0e-5)-(86-params)",classic_NN_6-6,40
43.0,43,414728,CartPole-v1,"CP-ppo-ac-NN(6,6)-(lr=1.0e-5)-(86-params)",classic_NN_6-6,40
34.0,34,414772,CartPole-v1,"CP-ppo-ac-NN(6,6)-(lr=1.0e-5)-(86-params)",classic_NN_6-6,40
75.0,75,414800,CartPole-v1,"CP-ppo-ac-NN(6,6)-(lr=1.0e-5)-(86-params)",classic_NN_6-6,40
34.0,34,414812,CartPole-v1,"CP-ppo-ac-NN(6,6)-(lr=1.0e-5)-(86-params)",classic_NN_6-6,40
18.0,18,414872,CartPole-v1,"CP-ppo-ac-NN(6,6)-(lr=1.0e-5)-(86-params)",classic_NN_6-6,40
43.0,43,414900,CartPole-v1,"CP-ppo-ac-NN(6,6)-(lr=1.0e-5)-(86-params)",classic_NN_6-6,40
38.0,38,414924,CartPole-v1,"CP-ppo-ac-NN(6,6)-(lr=1.0e-5)-(86-params)",classic_NN_6-6,40
38.0,38,414964,CartPole-v1,"CP-ppo-ac-NN(6,6)-(lr=1.0e-5)-(86-params)",classic_NN_6-6,40
40.0,40,415032,CartPole-v1,"CP-ppo-ac-NN(6,6)-(lr=1.0e-5)-(86-params)",classic_NN_6-6,40
21.0,21,415048,CartPole-v1,"CP-ppo-ac-NN(6,6)-(lr=1.0e-5)-(86-params)",classic_NN_6-6,40
38.0,38,415076,CartPole-v1,"CP-ppo-ac-NN(6,6)-(lr=1.0e-5)-(86-params)",classic_NN_6-6,40
16.0,16,415096,CartPole-v1,"CP-ppo-ac-NN(6,6)-(lr=1.0e-5)-(86-params)",classic_NN_6-6,40
21.0,21,415132,CartPole-v1,"CP-ppo-ac-NN(6,6)-(lr=1.0e-5)-(86-params)",classic_NN_6-6,40
61.0,61,415144,CartPole-v1,"CP-ppo-ac-NN(6,6)-(lr=1.0e-5)-(86-params)",classic_NN_6-6,40
24.0,24,415172,CartPole-v1,"CP-ppo-ac-NN(6,6)-(lr=1.0e-5)-(86-params)",classic_NN_6-6,40
28.0,28,415244,CartPole-v1,"CP-ppo-ac-NN(6,6)-(lr=1.0e-5)-(86-params)",classic_NN_6-6,40
44.0,44,415320,CartPole-v1,"CP-ppo-ac-NN(6,6)-(lr=1.0e-5)-(86-params)",classic_NN_6-6,40
63.0,63,415348,CartPole-v1,"CP-ppo-ac-NN(6,6)-(lr=1.0e-5)-(86-params)",classic_NN_6-6,40
48.0,48,415364,CartPole-v1,"CP-ppo-ac-NN(6,6)-(lr=1.0e-5)-(86-params)",classic_NN_6-6,40
31.0,31,415368,CartPole-v1,"CP-ppo-ac-NN(6,6)-(lr=1.0e-5)-(86-params)",classic_NN_6-6,40
20.0,20,415448,CartPole-v1,"CP-ppo-ac-NN(6,6)-(lr=1.0e-5)-(86-params)",classic_NN_6-6,40
33.0,33,415452,CartPole-v1,"CP-ppo-ac-NN(6,6)-(lr=1.0e-5)-(86-params)",classic_NN_6-6,40
27.0,27,415472,CartPole-v1,"CP-ppo-ac-NN(6,6)-(lr=1.0e-5)-(86-params)",classic_NN_6-6,40
31.0,31,415472,CartPole-v1,"CP-ppo-ac-NN(6,6)-(lr=1.0e-5)-(86-params)",classic_NN_6-6,40
23.0,23,415544,CartPole-v1,"CP-ppo-ac-NN(6,6)-(lr=1.0e-5)-(86-params)",classic_NN_6-6,40
29.0,29,415564,CartPole-v1,"CP-ppo-ac-NN(6,6)-(lr=1.0e-5)-(86-params)",classic_NN_6-6,40
29.0,29,415588,CartPole-v1,"CP-ppo-ac-NN(6,6)-(lr=1.0e-5)-(86-params)",classic_NN_6-6,40
25.0,25,415644,CartPole-v1,"CP-ppo-ac-NN(6,6)-(lr=1.0e-5)-(86-params)",classic_NN_6-6,40
21.0,21,415648,CartPole-v1,"CP-ppo-ac-NN(6,6)-(lr=1.0e-5)-(86-params)",classic_NN_6-6,40
57.0,57,415700,CartPole-v1,"CP-ppo-ac-NN(6,6)-(lr=1.0e-5)-(86-params)",classic_NN_6-6,40
16.0,16,415708,CartPole-v1,"CP-ppo-ac-NN(6,6)-(lr=1.0e-5)-(86-params)",classic_NN_6-6,40
11.0,11,415744,CartPole-v1,"CP-ppo-ac-NN(6,6)-(lr=1.0e-5)-(86-params)",classic_NN_6-6,40
55.0,55,415808,CartPole-v1,"CP-ppo-ac-NN(6,6)-(lr=1.0e-5)-(86-params)",classic_NN_6-6,40
27.0,27,415816,CartPole-v1,"CP-ppo-ac-NN(6,6)-(lr=1.0e-5)-(86-params)",classic_NN_6-6,40
48.0,48,415840,CartPole-v1,"CP-ppo-ac-NN(6,6)-(lr=1.0e-5)-(86-params)",classic_NN_6-6,40
27.0,27,415852,CartPole-v1,"CP-ppo-ac-NN(6,6)-(lr=1.0e-5)-(86-params)",classic_NN_6-6,40
20.0,20,415896,CartPole-v1,"CP-ppo-ac-NN(6,6)-(lr=1.0e-5)-(86-params)",classic_NN_6-6,40
27.0,27,415916,CartPole-v1,"CP-ppo-ac-NN(6,6)-(lr=1.0e-5)-(86-params)",classic_NN_6-6,40
29.0,29,415956,CartPole-v1,"CP-ppo-ac-NN(6,6)-(lr=1.0e-5)-(86-params)",classic_NN_6-6,40
52.0,52,416060,CartPole-v1,"CP-ppo-ac-NN(6,6)-(lr=1.0e-5)-(86-params)",classic_NN_6-6,40
29.0,29,416072,CartPole-v1,"CP-ppo-ac-NN(6,6)-(lr=1.0e-5)-(86-params)",classic_NN_6-6,40
44.0,44,416092,CartPole-v1,"CP-ppo-ac-NN(6,6)-(lr=1.0e-5)-(86-params)",classic_NN_6-6,40
64.0,64,416152,CartPole-v1,"CP-ppo-ac-NN(6,6)-(lr=1.0e-5)-(86-params)",classic_NN_6-6,40
12.0,12,416200,CartPole-v1,"CP-ppo-ac-NN(6,6)-(lr=1.0e-5)-(86-params)",classic_NN_6-6,40
37.0,37,416208,CartPole-v1,"CP-ppo-ac-NN(6,6)-(lr=1.0e-5)-(86-params)",classic_NN_6-6,40
34.0,34,416228,CartPole-v1,"CP-ppo-ac-NN(6,6)-(lr=1.0e-5)-(86-params)",classic_NN_6-6,40
21.0,21,416312,CartPole-v1,"CP-ppo-ac-NN(6,6)-(lr=1.0e-5)-(86-params)",classic_NN_6-6,40
37.0,37,416356,CartPole-v1,"CP-ppo-ac-NN(6,6)-(lr=1.0e-5)-(86-params)",classic_NN_6-6,40
28.0,28,416424,CartPole-v1,"CP-ppo-ac-NN(6,6)-(lr=1.0e-5)-(86-params)",classic_NN_6-6,40
95.0,95,416452,CartPole-v1,"CP-ppo-ac-NN(6,6)-(lr=1.0e-5)-(86-params)",classic_NN_6-6,40
69.0,69,416476,CartPole-v1,"CP-ppo-ac-NN(6,6)-(lr=1.0e-5)-(86-params)",classic_NN_6-6,40
15.0,15,416512,CartPole-v1,"CP-ppo-ac-NN(6,6)-(lr=1.0e-5)-(86-params)",classic_NN_6-6,40
22.0,22,416512,CartPole-v1,"CP-ppo-ac-NN(6,6)-(lr=1.0e-5)-(86-params)",classic_NN_6-6,40
33.0,33,416608,CartPole-v1,"CP-ppo-ac-NN(6,6)-(lr=1.0e-5)-(86-params)",classic_NN_6-6,40
73.0,73,416648,CartPole-v1,"CP-ppo-ac-NN(6,6)-(lr=1.0e-5)-(86-params)",classic_NN_6-6,40
43.0,43,416684,CartPole-v1,"CP-ppo-ac-NN(6,6)-(lr=1.0e-5)-(86-params)",classic_NN_6-6,40
43.0,43,416684,CartPole-v1,"CP-ppo-ac-NN(6,6)-(lr=1.0e-5)-(86-params)",classic_NN_6-6,40
12.0,12,416696,CartPole-v1,"CP-ppo-ac-NN(6,6)-(lr=1.0e-5)-(86-params)",classic_NN_6-6,40
25.0,25,416708,CartPole-v1,"CP-ppo-ac-NN(6,6)-(lr=1.0e-5)-(86-params)",classic_NN_6-6,40
30.0,30,416804,CartPole-v1,"CP-ppo-ac-NN(6,6)-(lr=1.0e-5)-(86-params)",classic_NN_6-6,40
27.0,27,416816,CartPole-v1,"CP-ppo-ac-NN(6,6)-(lr=1.0e-5)-(86-params)",classic_NN_6-6,40
40.0,40,416856,CartPole-v1,"CP-ppo-ac-NN(6,6)-(lr=1.0e-5)-(86-params)",classic_NN_6-6,40
11.0,11,416900,CartPole-v1,"CP-ppo-ac-NN(6,6)-(lr=1.0e-5)-(86-params)",classic_NN_6-6,40
55.0,55,416904,CartPole-v1,"CP-ppo-ac-NN(6,6)-(lr=1.0e-5)-(86-params)",classic_NN_6-6,40
44.0,44,416980,CartPole-v1,"CP-ppo-ac-NN(6,6)-(lr=1.0e-5)-(86-params)",classic_NN_6-6,40
57.0,57,417044,CartPole-v1,"CP-ppo-ac-NN(6,6)-(lr=1.0e-5)-(86-params)",classic_NN_6-6,40
44.0,44,417080,CartPole-v1,"CP-ppo-ac-NN(6,6)-(lr=1.0e-5)-(86-params)",classic_NN_6-6,40
26.0,26,417084,CartPole-v1,"CP-ppo-ac-NN(6,6)-(lr=1.0e-5)-(86-params)",classic_NN_6-6,40
51.0,51,417104,CartPole-v1,"CP-ppo-ac-NN(6,6)-(lr=1.0e-5)-(86-params)",classic_NN_6-6,40
29.0,29,417160,CartPole-v1,"CP-ppo-ac-NN(6,6)-(lr=1.0e-5)-(86-params)",classic_NN_6-6,40
35.0,35,417224,CartPole-v1,"CP-ppo-ac-NN(6,6)-(lr=1.0e-5)-(86-params)",classic_NN_6-6,40
38.0,38,417232,CartPole-v1,"CP-ppo-ac-NN(6,6)-(lr=1.0e-5)-(86-params)",classic_NN_6-6,40
25.0,25,417260,CartPole-v1,"CP-ppo-ac-NN(6,6)-(lr=1.0e-5)-(86-params)",classic_NN_6-6,40
24.0,24,417328,CartPole-v1,"CP-ppo-ac-NN(6,6)-(lr=1.0e-5)-(86-params)",classic_NN_6-6,40
58.0,58,417336,CartPole-v1,"CP-ppo-ac-NN(6,6)-(lr=1.0e-5)-(86-params)",classic_NN_6-6,40
25.0,25,417360,CartPole-v1,"CP-ppo-ac-NN(6,6)-(lr=1.0e-5)-(86-params)",classic_NN_6-6,40
16.0,16,417392,CartPole-v1,"CP-ppo-ac-NN(6,6)-(lr=1.0e-5)-(86-params)",classic_NN_6-6,40
53.0,53,417436,CartPole-v1,"CP-ppo-ac-NN(6,6)-(lr=1.0e-5)-(86-params)",classic_NN_6-6,40
33.0,33,417468,CartPole-v1,"CP-ppo-ac-NN(6,6)-(lr=1.0e-5)-(86-params)",classic_NN_6-6,40
42.0,42,417528,CartPole-v1,"CP-ppo-ac-NN(6,6)-(lr=1.0e-5)-(86-params)",classic_NN_6-6,40
31.0,31,417652,CartPole-v1,"CP-ppo-ac-NN(6,6)-(lr=1.0e-5)-(86-params)",classic_NN_6-6,40
47.0,47,417656,CartPole-v1,"CP-ppo-ac-NN(6,6)-(lr=1.0e-5)-(86-params)",classic_NN_6-6,40
80.0,80,417712,CartPole-v1,"CP-ppo-ac-NN(6,6)-(lr=1.0e-5)-(86-params)",classic_NN_6-6,40
29.0,29,417768,CartPole-v1,"CP-ppo-ac-NN(6,6)-(lr=1.0e-5)-(86-params)",classic_NN_6-6,40
14.0,14,417768,CartPole-v1,"CP-ppo-ac-NN(6,6)-(lr=1.0e-5)-(86-params)",classic_NN_6-6,40
116.0,116,417900,CartPole-v1,"CP-ppo-ac-NN(6,6)-(lr=1.0e-5)-(86-params)",classic_NN_6-6,40
66.0,66,417920,CartPole-v1,"CP-ppo-ac-NN(6,6)-(lr=1.0e-5)-(86-params)",classic_NN_6-6,40
12.0,12,417948,CartPole-v1,"CP-ppo-ac-NN(6,6)-(lr=1.0e-5)-(86-params)",classic_NN_6-6,40
46.0,46,417952,CartPole-v1,"CP-ppo-ac-NN(6,6)-(lr=1.0e-5)-(86-params)",classic_NN_6-6,40
51.0,51,417972,CartPole-v1,"CP-ppo-ac-NN(6,6)-(lr=1.0e-5)-(86-params)",classic_NN_6-6,40
37.0,37,418096,CartPole-v1,"CP-ppo-ac-NN(6,6)-(lr=1.0e-5)-(86-params)",classic_NN_6-6,40
36.0,36,418116,CartPole-v1,"CP-ppo-ac-NN(6,6)-(lr=1.0e-5)-(86-params)",classic_NN_6-6,40
14.0,14,418152,CartPole-v1,"CP-ppo-ac-NN(6,6)-(lr=1.0e-5)-(86-params)",classic_NN_6-6,40
52.0,52,418160,CartPole-v1,"CP-ppo-ac-NN(6,6)-(lr=1.0e-5)-(86-params)",classic_NN_6-6,40
64.0,64,418176,CartPole-v1,"CP-ppo-ac-NN(6,6)-(lr=1.0e-5)-(86-params)",classic_NN_6-6,40
20.0,20,418232,CartPole-v1,"CP-ppo-ac-NN(6,6)-(lr=1.0e-5)-(86-params)",classic_NN_6-6,40
27.0,27,418284,CartPole-v1,"CP-ppo-ac-NN(6,6)-(lr=1.0e-5)-(86-params)",classic_NN_6-6,40
44.0,44,418292,CartPole-v1,"CP-ppo-ac-NN(6,6)-(lr=1.0e-5)-(86-params)",classic_NN_6-6,40
34.0,34,418296,CartPole-v1,"CP-ppo-ac-NN(6,6)-(lr=1.0e-5)-(86-params)",classic_NN_6-6,40
23.0,23,418324,CartPole-v1,"CP-ppo-ac-NN(6,6)-(lr=1.0e-5)-(86-params)",classic_NN_6-6,40
26.0,26,418396,CartPole-v1,"CP-ppo-ac-NN(6,6)-(lr=1.0e-5)-(86-params)",classic_NN_6-6,40
32.0,32,418412,CartPole-v1,"CP-ppo-ac-NN(6,6)-(lr=1.0e-5)-(86-params)",classic_NN_6-6,40
45.0,45,418476,CartPole-v1,"CP-ppo-ac-NN(6,6)-(lr=1.0e-5)-(86-params)",classic_NN_6-6,40
19.0,19,418552,CartPole-v1,"CP-ppo-ac-NN(6,6)-(lr=1.0e-5)-(86-params)",classic_NN_6-6,40
39.0,39,418568,CartPole-v1,"CP-ppo-ac-NN(6,6)-(lr=1.0e-5)-(86-params)",classic_NN_6-6,40
75.0,75,418624,CartPole-v1,"CP-ppo-ac-NN(6,6)-(lr=1.0e-5)-(86-params)",classic_NN_6-6,40
59.0,59,418632,CartPole-v1,"CP-ppo-ac-NN(6,6)-(lr=1.0e-5)-(86-params)",classic_NN_6-6,40
45.0,45,418732,CartPole-v1,"CP-ppo-ac-NN(6,6)-(lr=1.0e-5)-(86-params)",classic_NN_6-6,40
51.0,51,418828,CartPole-v1,"CP-ppo-ac-NN(6,6)-(lr=1.0e-5)-(86-params)",classic_NN_6-6,40
53.0,53,418844,CartPole-v1,"CP-ppo-ac-NN(6,6)-(lr=1.0e-5)-(86-params)",classic_NN_6-6,40
74.0,74,418864,CartPole-v1,"CP-ppo-ac-NN(6,6)-(lr=1.0e-5)-(86-params)",classic_NN_6-6,40
16.0,16,418892,CartPole-v1,"CP-ppo-ac-NN(6,6)-(lr=1.0e-5)-(86-params)",classic_NN_6-6,40
48.0,48,418924,CartPole-v1,"CP-ppo-ac-NN(6,6)-(lr=1.0e-5)-(86-params)",classic_NN_6-6,40
26.0,26,418996,CartPole-v1,"CP-ppo-ac-NN(6,6)-(lr=1.0e-5)-(86-params)",classic_NN_6-6,40
53.0,53,419076,CartPole-v1,"CP-ppo-ac-NN(6,6)-(lr=1.0e-5)-(86-params)",classic_NN_6-6,40
57.0,57,419152,CartPole-v1,"CP-ppo-ac-NN(6,6)-(lr=1.0e-5)-(86-params)",classic_NN_6-6,40
32.0,32,419204,CartPole-v1,"CP-ppo-ac-NN(6,6)-(lr=1.0e-5)-(86-params)",classic_NN_6-6,40
111.0,111,419288,CartPole-v1,"CP-ppo-ac-NN(6,6)-(lr=1.0e-5)-(86-params)",classic_NN_6-6,40
40.0,40,419312,CartPole-v1,"CP-ppo-ac-NN(6,6)-(lr=1.0e-5)-(86-params)",classic_NN_6-6,40
84.0,84,419332,CartPole-v1,"CP-ppo-ac-NN(6,6)-(lr=1.0e-5)-(86-params)",classic_NN_6-6,40
35.0,35,419344,CartPole-v1,"CP-ppo-ac-NN(6,6)-(lr=1.0e-5)-(86-params)",classic_NN_6-6,40
9.0,9,419380,CartPole-v1,"CP-ppo-ac-NN(6,6)-(lr=1.0e-5)-(86-params)",classic_NN_6-6,40
26.0,26,419392,CartPole-v1,"CP-ppo-ac-NN(6,6)-(lr=1.0e-5)-(86-params)",classic_NN_6-6,40
30.0,30,419500,CartPole-v1,"CP-ppo-ac-NN(6,6)-(lr=1.0e-5)-(86-params)",classic_NN_6-6,40
53.0,53,419524,CartPole-v1,"CP-ppo-ac-NN(6,6)-(lr=1.0e-5)-(86-params)",classic_NN_6-6,40
49.0,49,419528,CartPole-v1,"CP-ppo-ac-NN(6,6)-(lr=1.0e-5)-(86-params)",classic_NN_6-6,40
40.0,40,419552,CartPole-v1,"CP-ppo-ac-NN(6,6)-(lr=1.0e-5)-(86-params)",classic_NN_6-6,40
23.0,23,419592,CartPole-v1,"CP-ppo-ac-NN(6,6)-(lr=1.0e-5)-(86-params)",classic_NN_6-6,40
11.0,11,419596,CartPole-v1,"CP-ppo-ac-NN(6,6)-(lr=1.0e-5)-(86-params)",classic_NN_6-6,40
32.0,32,419656,CartPole-v1,"CP-ppo-ac-NN(6,6)-(lr=1.0e-5)-(86-params)",classic_NN_6-6,40
37.0,37,419672,CartPole-v1,"CP-ppo-ac-NN(6,6)-(lr=1.0e-5)-(86-params)",classic_NN_6-6,40
36.0,36,419740,CartPole-v1,"CP-ppo-ac-NN(6,6)-(lr=1.0e-5)-(86-params)",classic_NN_6-6,40
44.0,44,419768,CartPole-v1,"CP-ppo-ac-NN(6,6)-(lr=1.0e-5)-(86-params)",classic_NN_6-6,40
25.0,25,419772,CartPole-v1,"CP-ppo-ac-NN(6,6)-(lr=1.0e-5)-(86-params)",classic_NN_6-6,40
32.0,32,419784,CartPole-v1,"CP-ppo-ac-NN(6,6)-(lr=1.0e-5)-(86-params)",classic_NN_6-6,40
20.0,20,419848,CartPole-v1,"CP-ppo-ac-NN(6,6)-(lr=1.0e-5)-(86-params)",classic_NN_6-6,40
22.0,22,419936,CartPole-v1,"CP-ppo-ac-NN(6,6)-(lr=1.0e-5)-(86-params)",classic_NN_6-6,40
53.0,53,419984,CartPole-v1,"CP-ppo-ac-NN(6,6)-(lr=1.0e-5)-(86-params)",classic_NN_6-6,40
62.0,62,420032,CartPole-v1,"CP-ppo-ac-NN(6,6)-(lr=1.0e-5)-(86-params)",classic_NN_6-6,40
29.0,29,420052,CartPole-v1,"CP-ppo-ac-NN(6,6)-(lr=1.0e-5)-(86-params)",classic_NN_6-6,40
18.0,18,420056,CartPole-v1,"CP-ppo-ac-NN(6,6)-(lr=1.0e-5)-(86-params)",classic_NN_6-6,40
94.0,94,420116,CartPole-v1,"CP-ppo-ac-NN(6,6)-(lr=1.0e-5)-(86-params)",classic_NN_6-6,40
21.0,21,420116,CartPole-v1,"CP-ppo-ac-NN(6,6)-(lr=1.0e-5)-(86-params)",classic_NN_6-6,40
14.0,14,420172,CartPole-v1,"CP-ppo-ac-NN(6,6)-(lr=1.0e-5)-(86-params)",classic_NN_6-6,40
33.0,33,420188,CartPole-v1,"CP-ppo-ac-NN(6,6)-(lr=1.0e-5)-(86-params)",classic_NN_6-6,40
19.0,19,420192,CartPole-v1,"CP-ppo-ac-NN(6,6)-(lr=1.0e-5)-(86-params)",classic_NN_6-6,40
24.0,24,420288,CartPole-v1,"CP-ppo-ac-NN(6,6)-(lr=1.0e-5)-(86-params)",classic_NN_6-6,40
29.0,29,420288,CartPole-v1,"CP-ppo-ac-NN(6,6)-(lr=1.0e-5)-(86-params)",classic_NN_6-6,40
65.0,65,420312,CartPole-v1,"CP-ppo-ac-NN(6,6)-(lr=1.0e-5)-(86-params)",classic_NN_6-6,40
60.0,60,420428,CartPole-v1,"CP-ppo-ac-NN(6,6)-(lr=1.0e-5)-(86-params)",classic_NN_6-6,40
33.0,33,420444,CartPole-v1,"CP-ppo-ac-NN(6,6)-(lr=1.0e-5)-(86-params)",classic_NN_6-6,40
44.0,44,420464,CartPole-v1,"CP-ppo-ac-NN(6,6)-(lr=1.0e-5)-(86-params)",classic_NN_6-6,40
61.0,61,420532,CartPole-v1,"CP-ppo-ac-NN(6,6)-(lr=1.0e-5)-(86-params)",classic_NN_6-6,40
15.0,15,420592,CartPole-v1,"CP-ppo-ac-NN(6,6)-(lr=1.0e-5)-(86-params)",classic_NN_6-6,40
33.0,33,420596,CartPole-v1,"CP-ppo-ac-NN(6,6)-(lr=1.0e-5)-(86-params)",classic_NN_6-6,40
51.0,51,420632,CartPole-v1,"CP-ppo-ac-NN(6,6)-(lr=1.0e-5)-(86-params)",classic_NN_6-6,40
51.0,51,420648,CartPole-v1,"CP-ppo-ac-NN(6,6)-(lr=1.0e-5)-(86-params)",classic_NN_6-6,40
21.0,21,420676,CartPole-v1,"CP-ppo-ac-NN(6,6)-(lr=1.0e-5)-(86-params)",classic_NN_6-6,40
11.0,11,420692,CartPole-v1,"CP-ppo-ac-NN(6,6)-(lr=1.0e-5)-(86-params)",classic_NN_6-6,40
25.0,25,420696,CartPole-v1,"CP-ppo-ac-NN(6,6)-(lr=1.0e-5)-(86-params)",classic_NN_6-6,40
19.0,19,420708,CartPole-v1,"CP-ppo-ac-NN(6,6)-(lr=1.0e-5)-(86-params)",classic_NN_6-6,40
11.0,11,420740,CartPole-v1,"CP-ppo-ac-NN(6,6)-(lr=1.0e-5)-(86-params)",classic_NN_6-6,40
25.0,25,420776,CartPole-v1,"CP-ppo-ac-NN(6,6)-(lr=1.0e-5)-(86-params)",classic_NN_6-6,40
33.0,33,420840,CartPole-v1,"CP-ppo-ac-NN(6,6)-(lr=1.0e-5)-(86-params)",classic_NN_6-6,40
45.0,45,420956,CartPole-v1,"CP-ppo-ac-NN(6,6)-(lr=1.0e-5)-(86-params)",classic_NN_6-6,40
32.0,32,420968,CartPole-v1,"CP-ppo-ac-NN(6,6)-(lr=1.0e-5)-(86-params)",classic_NN_6-6,40
85.0,85,421032,CartPole-v1,"CP-ppo-ac-NN(6,6)-(lr=1.0e-5)-(86-params)",classic_NN_6-6,40
27.0,27,421064,CartPole-v1,"CP-ppo-ac-NN(6,6)-(lr=1.0e-5)-(86-params)",classic_NN_6-6,40
17.0,17,421100,CartPole-v1,"CP-ppo-ac-NN(6,6)-(lr=1.0e-5)-(86-params)",classic_NN_6-6,40
44.0,44,421144,CartPole-v1,"CP-ppo-ac-NN(6,6)-(lr=1.0e-5)-(86-params)",classic_NN_6-6,40
33.0,33,421232,CartPole-v1,"CP-ppo-ac-NN(6,6)-(lr=1.0e-5)-(86-params)",classic_NN_6-6,40
129.0,129,421256,CartPole-v1,"CP-ppo-ac-NN(6,6)-(lr=1.0e-5)-(86-params)",classic_NN_6-6,40
51.0,51,421268,CartPole-v1,"CP-ppo-ac-NN(6,6)-(lr=1.0e-5)-(86-params)",classic_NN_6-6,40
39.0,39,421300,CartPole-v1,"CP-ppo-ac-NN(6,6)-(lr=1.0e-5)-(86-params)",classic_NN_6-6,40
13.0,13,421308,CartPole-v1,"CP-ppo-ac-NN(6,6)-(lr=1.0e-5)-(86-params)",classic_NN_6-6,40
29.0,29,421416,CartPole-v1,"CP-ppo-ac-NN(6,6)-(lr=1.0e-5)-(86-params)",classic_NN_6-6,40
51.0,51,421436,CartPole-v1,"CP-ppo-ac-NN(6,6)-(lr=1.0e-5)-(86-params)",classic_NN_6-6,40
45.0,45,421448,CartPole-v1,"CP-ppo-ac-NN(6,6)-(lr=1.0e-5)-(86-params)",classic_NN_6-6,40
44.0,44,421484,CartPole-v1,"CP-ppo-ac-NN(6,6)-(lr=1.0e-5)-(86-params)",classic_NN_6-6,40
16.0,16,421500,CartPole-v1,"CP-ppo-ac-NN(6,6)-(lr=1.0e-5)-(86-params)",classic_NN_6-6,40
31.0,31,421572,CartPole-v1,"CP-ppo-ac-NN(6,6)-(lr=1.0e-5)-(86-params)",classic_NN_6-6,40
27.0,27,421608,CartPole-v1,"CP-ppo-ac-NN(6,6)-(lr=1.0e-5)-(86-params)",classic_NN_6-6,40
42.0,42,421652,CartPole-v1,"CP-ppo-ac-NN(6,6)-(lr=1.0e-5)-(86-params)",classic_NN_6-6,40
76.0,76,421720,CartPole-v1,"CP-ppo-ac-NN(6,6)-(lr=1.0e-5)-(86-params)",classic_NN_6-6,40
42.0,42,421740,CartPole-v1,"CP-ppo-ac-NN(6,6)-(lr=1.0e-5)-(86-params)",classic_NN_6-6,40
26.0,26,421756,CartPole-v1,"CP-ppo-ac-NN(6,6)-(lr=1.0e-5)-(86-params)",classic_NN_6-6,40
35.0,35,421860,CartPole-v1,"CP-ppo-ac-NN(6,6)-(lr=1.0e-5)-(86-params)",classic_NN_6-6,40
37.0,37,421888,CartPole-v1,"CP-ppo-ac-NN(6,6)-(lr=1.0e-5)-(86-params)",classic_NN_6-6,40
74.0,74,421904,CartPole-v1,"CP-ppo-ac-NN(6,6)-(lr=1.0e-5)-(86-params)",classic_NN_6-6,40
57.0,57,421984,CartPole-v1,"CP-ppo-ac-NN(6,6)-(lr=1.0e-5)-(86-params)",classic_NN_6-6,40
26.0,26,421992,CartPole-v1,"CP-ppo-ac-NN(6,6)-(lr=1.0e-5)-(86-params)",classic_NN_6-6,40
17.0,17,422052,CartPole-v1,"CP-ppo-ac-NN(6,6)-(lr=1.0e-5)-(86-params)",classic_NN_6-6,40
41.0,41,422068,CartPole-v1,"CP-ppo-ac-NN(6,6)-(lr=1.0e-5)-(86-params)",classic_NN_6-6,40
39.0,39,422148,CartPole-v1,"CP-ppo-ac-NN(6,6)-(lr=1.0e-5)-(86-params)",classic_NN_6-6,40
20.0,20,422228,CartPole-v1,"CP-ppo-ac-NN(6,6)-(lr=1.0e-5)-(86-params)",classic_NN_6-6,40
93.0,93,422232,CartPole-v1,"CP-ppo-ac-NN(6,6)-(lr=1.0e-5)-(86-params)",classic_NN_6-6,40
64.0,64,422308,CartPole-v1,"CP-ppo-ac-NN(6,6)-(lr=1.0e-5)-(86-params)",classic_NN_6-6,40
25.0,25,422328,CartPole-v1,"CP-ppo-ac-NN(6,6)-(lr=1.0e-5)-(86-params)",classic_NN_6-6,40
71.0,71,422352,CartPole-v1,"CP-ppo-ac-NN(6,6)-(lr=1.0e-5)-(86-params)",classic_NN_6-6,40
62.0,62,422480,CartPole-v1,"CP-ppo-ac-NN(6,6)-(lr=1.0e-5)-(86-params)",classic_NN_6-6,40
45.0,45,422532,CartPole-v1,"CP-ppo-ac-NN(6,6)-(lr=1.0e-5)-(86-params)",classic_NN_6-6,40
56.0,56,422532,CartPole-v1,"CP-ppo-ac-NN(6,6)-(lr=1.0e-5)-(86-params)",classic_NN_6-6,40
64.0,64,422584,CartPole-v1,"CP-ppo-ac-NN(6,6)-(lr=1.0e-5)-(86-params)",classic_NN_6-6,40
39.0,39,422688,CartPole-v1,"CP-ppo-ac-NN(6,6)-(lr=1.0e-5)-(86-params)",classic_NN_6-6,40
57.0,57,422708,CartPole-v1,"CP-ppo-ac-NN(6,6)-(lr=1.0e-5)-(86-params)",classic_NN_6-6,40
47.0,47,422772,CartPole-v1,"CP-ppo-ac-NN(6,6)-(lr=1.0e-5)-(86-params)",classic_NN_6-6,40
60.0,60,422772,CartPole-v1,"CP-ppo-ac-NN(6,6)-(lr=1.0e-5)-(86-params)",classic_NN_6-6,40
17.0,17,422840,CartPole-v1,"CP-ppo-ac-NN(6,6)-(lr=1.0e-5)-(86-params)",classic_NN_6-6,40
40.0,40,422848,CartPole-v1,"CP-ppo-ac-NN(6,6)-(lr=1.0e-5)-(86-params)",classic_NN_6-6,40
30.0,30,422892,CartPole-v1,"CP-ppo-ac-NN(6,6)-(lr=1.0e-5)-(86-params)",classic_NN_6-6,40
51.0,51,422912,CartPole-v1,"CP-ppo-ac-NN(6,6)-(lr=1.0e-5)-(86-params)",classic_NN_6-6,40
28.0,28,422952,CartPole-v1,"CP-ppo-ac-NN(6,6)-(lr=1.0e-5)-(86-params)",classic_NN_6-6,40
32.0,32,422976,CartPole-v1,"CP-ppo-ac-NN(6,6)-(lr=1.0e-5)-(86-params)",classic_NN_6-6,40
23.0,23,422984,CartPole-v1,"CP-ppo-ac-NN(6,6)-(lr=1.0e-5)-(86-params)",classic_NN_6-6,40
48.0,48,423104,CartPole-v1,"CP-ppo-ac-NN(6,6)-(lr=1.0e-5)-(86-params)",classic_NN_6-6,40
35.0,35,423116,CartPole-v1,"CP-ppo-ac-NN(6,6)-(lr=1.0e-5)-(86-params)",classic_NN_6-6,40
35.0,35,423124,CartPole-v1,"CP-ppo-ac-NN(6,6)-(lr=1.0e-5)-(86-params)",classic_NN_6-6,40
17.0,17,423184,CartPole-v1,"CP-ppo-ac-NN(6,6)-(lr=1.0e-5)-(86-params)",classic_NN_6-6,40
35.0,35,423264,CartPole-v1,"CP-ppo-ac-NN(6,6)-(lr=1.0e-5)-(86-params)",classic_NN_6-6,40
21.0,21,423348,CartPole-v1,"CP-ppo-ac-NN(6,6)-(lr=1.0e-5)-(86-params)",classic_NN_6-6,40
103.0,103,423364,CartPole-v1,"CP-ppo-ac-NN(6,6)-(lr=1.0e-5)-(86-params)",classic_NN_6-6,40
70.0,70,423384,CartPole-v1,"CP-ppo-ac-NN(6,6)-(lr=1.0e-5)-(86-params)",classic_NN_6-6,40
13.0,13,423400,CartPole-v1,"CP-ppo-ac-NN(6,6)-(lr=1.0e-5)-(86-params)",classic_NN_6-6,40
24.0,24,423480,CartPole-v1,"CP-ppo-ac-NN(6,6)-(lr=1.0e-5)-(86-params)",classic_NN_6-6,40
23.0,23,423492,CartPole-v1,"CP-ppo-ac-NN(6,6)-(lr=1.0e-5)-(86-params)",classic_NN_6-6,40
95.0,95,423564,CartPole-v1,"CP-ppo-ac-NN(6,6)-(lr=1.0e-5)-(86-params)",classic_NN_6-6,40
52.0,52,423572,CartPole-v1,"CP-ppo-ac-NN(6,6)-(lr=1.0e-5)-(86-params)",classic_NN_6-6,40
40.0,40,423640,CartPole-v1,"CP-ppo-ac-NN(6,6)-(lr=1.0e-5)-(86-params)",classic_NN_6-6,40
43.0,43,423664,CartPole-v1,"CP-ppo-ac-NN(6,6)-(lr=1.0e-5)-(86-params)",classic_NN_6-6,40
26.0,26,423676,CartPole-v1,"CP-ppo-ac-NN(6,6)-(lr=1.0e-5)-(86-params)",classic_NN_6-6,40
26.0,26,423744,CartPole-v1,"CP-ppo-ac-NN(6,6)-(lr=1.0e-5)-(86-params)",classic_NN_6-6,40
19.0,19,423752,CartPole-v1,"CP-ppo-ac-NN(6,6)-(lr=1.0e-5)-(86-params)",classic_NN_6-6,40
79.0,79,423880,CartPole-v1,"CP-ppo-ac-NN(6,6)-(lr=1.0e-5)-(86-params)",classic_NN_6-6,40
40.0,40,423904,CartPole-v1,"CP-ppo-ac-NN(6,6)-(lr=1.0e-5)-(86-params)",classic_NN_6-6,40
44.0,44,423928,CartPole-v1,"CP-ppo-ac-NN(6,6)-(lr=1.0e-5)-(86-params)",classic_NN_6-6,40
76.0,76,423968,CartPole-v1,"CP-ppo-ac-NN(6,6)-(lr=1.0e-5)-(86-params)",classic_NN_6-6,40
25.0,25,424028,CartPole-v1,"CP-ppo-ac-NN(6,6)-(lr=1.0e-5)-(86-params)",classic_NN_6-6,40
43.0,43,424076,CartPole-v1,"CP-ppo-ac-NN(6,6)-(lr=1.0e-5)-(86-params)",classic_NN_6-6,40
66.0,66,424144,CartPole-v1,"CP-ppo-ac-NN(6,6)-(lr=1.0e-5)-(86-params)",classic_NN_6-6,40
47.0,47,424156,CartPole-v1,"CP-ppo-ac-NN(6,6)-(lr=1.0e-5)-(86-params)",classic_NN_6-6,40
14.0,14,424200,CartPole-v1,"CP-ppo-ac-NN(6,6)-(lr=1.0e-5)-(86-params)",classic_NN_6-6,40
36.0,36,424220,CartPole-v1,"CP-ppo-ac-NN(6,6)-(lr=1.0e-5)-(86-params)",classic_NN_6-6,40
66.0,66,424292,CartPole-v1,"CP-ppo-ac-NN(6,6)-(lr=1.0e-5)-(86-params)",classic_NN_6-6,40
34.0,34,424336,CartPole-v1,"CP-ppo-ac-NN(6,6)-(lr=1.0e-5)-(86-params)",classic_NN_6-6,40
32.0,32,424348,CartPole-v1,"CP-ppo-ac-NN(6,6)-(lr=1.0e-5)-(86-params)",classic_NN_6-6,40
18.0,18,424420,CartPole-v1,"CP-ppo-ac-NN(6,6)-(lr=1.0e-5)-(86-params)",classic_NN_6-6,40
37.0,37,424440,CartPole-v1,"CP-ppo-ac-NN(6,6)-(lr=1.0e-5)-(86-params)",classic_NN_6-6,40
17.0,17,424508,CartPole-v1,"CP-ppo-ac-NN(6,6)-(lr=1.0e-5)-(86-params)",classic_NN_6-6,40
50.0,50,424536,CartPole-v1,"CP-ppo-ac-NN(6,6)-(lr=1.0e-5)-(86-params)",classic_NN_6-6,40
37.0,37,424684,CartPole-v1,"CP-ppo-ac-NN(6,6)-(lr=1.0e-5)-(86-params)",classic_NN_6-6,40
66.0,66,424684,CartPole-v1,"CP-ppo-ac-NN(6,6)-(lr=1.0e-5)-(86-params)",classic_NN_6-6,40
133.0,133,424688,CartPole-v1,"CP-ppo-ac-NN(6,6)-(lr=1.0e-5)-(86-params)",classic_NN_6-6,40
15.0,15,424744,CartPole-v1,"CP-ppo-ac-NN(6,6)-(lr=1.0e-5)-(86-params)",classic_NN_6-6,40
24.0,24,424780,CartPole-v1,"CP-ppo-ac-NN(6,6)-(lr=1.0e-5)-(86-params)",classic_NN_6-6,40
79.0,79,424824,CartPole-v1,"CP-ppo-ac-NN(6,6)-(lr=1.0e-5)-(86-params)",classic_NN_6-6,40
23.0,23,424836,CartPole-v1,"CP-ppo-ac-NN(6,6)-(lr=1.0e-5)-(86-params)",classic_NN_6-6,40
28.0,28,424892,CartPole-v1,"CP-ppo-ac-NN(6,6)-(lr=1.0e-5)-(86-params)",classic_NN_6-6,40
25.0,25,424936,CartPole-v1,"CP-ppo-ac-NN(6,6)-(lr=1.0e-5)-(86-params)",classic_NN_6-6,40
31.0,31,424948,CartPole-v1,"CP-ppo-ac-NN(6,6)-(lr=1.0e-5)-(86-params)",classic_NN_6-6,40
24.0,24,424988,CartPole-v1,"CP-ppo-ac-NN(6,6)-(lr=1.0e-5)-(86-params)",classic_NN_6-6,40
75.0,75,424988,CartPole-v1,"CP-ppo-ac-NN(6,6)-(lr=1.0e-5)-(86-params)",classic_NN_6-6,40
20.0,20,425028,CartPole-v1,"CP-ppo-ac-NN(6,6)-(lr=1.0e-5)-(86-params)",classic_NN_6-6,40
24.0,24,425032,CartPole-v1,"CP-ppo-ac-NN(6,6)-(lr=1.0e-5)-(86-params)",classic_NN_6-6,40
41.0,41,425152,CartPole-v1,"CP-ppo-ac-NN(6,6)-(lr=1.0e-5)-(86-params)",classic_NN_6-6,40
43.0,43,425160,CartPole-v1,"CP-ppo-ac-NN(6,6)-(lr=1.0e-5)-(86-params)",classic_NN_6-6,40
40.0,40,425192,CartPole-v1,"CP-ppo-ac-NN(6,6)-(lr=1.0e-5)-(86-params)",classic_NN_6-6,40
27.0,27,425260,CartPole-v1,"CP-ppo-ac-NN(6,6)-(lr=1.0e-5)-(86-params)",classic_NN_6-6,40
18.0,18,425264,CartPole-v1,"CP-ppo-ac-NN(6,6)-(lr=1.0e-5)-(86-params)",classic_NN_6-6,40
61.0,61,425272,CartPole-v1,"CP-ppo-ac-NN(6,6)-(lr=1.0e-5)-(86-params)",classic_NN_6-6,40
47.0,47,425348,CartPole-v1,"CP-ppo-ac-NN(6,6)-(lr=1.0e-5)-(86-params)",classic_NN_6-6,40
29.0,29,425388,CartPole-v1,"CP-ppo-ac-NN(6,6)-(lr=1.0e-5)-(86-params)",classic_NN_6-6,40
39.0,39,425416,CartPole-v1,"CP-ppo-ac-NN(6,6)-(lr=1.0e-5)-(86-params)",classic_NN_6-6,40
38.0,38,425416,CartPole-v1,"CP-ppo-ac-NN(6,6)-(lr=1.0e-5)-(86-params)",classic_NN_6-6,40
18.0,18,425420,CartPole-v1,"CP-ppo-ac-NN(6,6)-(lr=1.0e-5)-(86-params)",classic_NN_6-6,40
16.0,16,425484,CartPole-v1,"CP-ppo-ac-NN(6,6)-(lr=1.0e-5)-(86-params)",classic_NN_6-6,40
35.0,35,425528,CartPole-v1,"CP-ppo-ac-NN(6,6)-(lr=1.0e-5)-(86-params)",classic_NN_6-6,40
20.0,20,425608,CartPole-v1,"CP-ppo-ac-NN(6,6)-(lr=1.0e-5)-(86-params)",classic_NN_6-6,40
40.0,40,425644,CartPole-v1,"CP-ppo-ac-NN(6,6)-(lr=1.0e-5)-(86-params)",classic_NN_6-6,40
63.0,63,425668,CartPole-v1,"CP-ppo-ac-NN(6,6)-(lr=1.0e-5)-(86-params)",classic_NN_6-6,40
66.0,66,425680,CartPole-v1,"CP-ppo-ac-NN(6,6)-(lr=1.0e-5)-(86-params)",classic_NN_6-6,40
30.0,30,425728,CartPole-v1,"CP-ppo-ac-NN(6,6)-(lr=1.0e-5)-(86-params)",classic_NN_6-6,40
24.0,24,425740,CartPole-v1,"CP-ppo-ac-NN(6,6)-(lr=1.0e-5)-(86-params)",classic_NN_6-6,40
34.0,34,425804,CartPole-v1,"CP-ppo-ac-NN(6,6)-(lr=1.0e-5)-(86-params)",classic_NN_6-6,40
35.0,35,425868,CartPole-v1,"CP-ppo-ac-NN(6,6)-(lr=1.0e-5)-(86-params)",classic_NN_6-6,40
62.0,62,425988,CartPole-v1,"CP-ppo-ac-NN(6,6)-(lr=1.0e-5)-(86-params)",classic_NN_6-6,40
83.0,83,426012,CartPole-v1,"CP-ppo-ac-NN(6,6)-(lr=1.0e-5)-(86-params)",classic_NN_6-6,40
53.0,53,426016,CartPole-v1,"CP-ppo-ac-NN(6,6)-(lr=1.0e-5)-(86-params)",classic_NN_6-6,40
27.0,27,426124,CartPole-v1,"CP-ppo-ac-NN(6,6)-(lr=1.0e-5)-(86-params)",classic_NN_6-6,40
50.0,50,426212,CartPole-v1,"CP-ppo-ac-NN(6,6)-(lr=1.0e-5)-(86-params)",classic_NN_6-6,40
30.0,30,426244,CartPole-v1,"CP-ppo-ac-NN(6,6)-(lr=1.0e-5)-(86-params)",classic_NN_6-6,40
15.0,15,426272,CartPole-v1,"CP-ppo-ac-NN(6,6)-(lr=1.0e-5)-(86-params)",classic_NN_6-6,40
119.0,119,426344,CartPole-v1,"CP-ppo-ac-NN(6,6)-(lr=1.0e-5)-(86-params)",classic_NN_6-6,40
93.0,93,426360,CartPole-v1,"CP-ppo-ac-NN(6,6)-(lr=1.0e-5)-(86-params)",classic_NN_6-6,40
22.0,22,426432,CartPole-v1,"CP-ppo-ac-NN(6,6)-(lr=1.0e-5)-(86-params)",classic_NN_6-6,40
46.0,46,426456,CartPole-v1,"CP-ppo-ac-NN(6,6)-(lr=1.0e-5)-(86-params)",classic_NN_6-6,40
39.0,39,426516,CartPole-v1,"CP-ppo-ac-NN(6,6)-(lr=1.0e-5)-(86-params)",classic_NN_6-6,40
77.0,77,426552,CartPole-v1,"CP-ppo-ac-NN(6,6)-(lr=1.0e-5)-(86-params)",classic_NN_6-6,40
33.0,33,426588,CartPole-v1,"CP-ppo-ac-NN(6,6)-(lr=1.0e-5)-(86-params)",classic_NN_6-6,40
23.0,23,426608,CartPole-v1,"CP-ppo-ac-NN(6,6)-(lr=1.0e-5)-(86-params)",classic_NN_6-6,40
19.0,19,426664,CartPole-v1,"CP-ppo-ac-NN(6,6)-(lr=1.0e-5)-(86-params)",classic_NN_6-6,40
29.0,29,426668,CartPole-v1,"CP-ppo-ac-NN(6,6)-(lr=1.0e-5)-(86-params)",classic_NN_6-6,40
35.0,35,426748,CartPole-v1,"CP-ppo-ac-NN(6,6)-(lr=1.0e-5)-(86-params)",classic_NN_6-6,40
25.0,25,426764,CartPole-v1,"CP-ppo-ac-NN(6,6)-(lr=1.0e-5)-(86-params)",classic_NN_6-6,40
85.0,85,426772,CartPole-v1,"CP-ppo-ac-NN(6,6)-(lr=1.0e-5)-(86-params)",classic_NN_6-6,40
37.0,37,426816,CartPole-v1,"CP-ppo-ac-NN(6,6)-(lr=1.0e-5)-(86-params)",classic_NN_6-6,40
20.0,20,426896,CartPole-v1,"CP-ppo-ac-NN(6,6)-(lr=1.0e-5)-(86-params)",classic_NN_6-6,40
39.0,39,426920,CartPole-v1,"CP-ppo-ac-NN(6,6)-(lr=1.0e-5)-(86-params)",classic_NN_6-6,40
43.0,43,426920,CartPole-v1,"CP-ppo-ac-NN(6,6)-(lr=1.0e-5)-(86-params)",classic_NN_6-6,40
29.0,29,427012,CartPole-v1,"CP-ppo-ac-NN(6,6)-(lr=1.0e-5)-(86-params)",classic_NN_6-6,40
14.0,14,427068,CartPole-v1,"CP-ppo-ac-NN(6,6)-(lr=1.0e-5)-(86-params)",classic_NN_6-6,40
41.0,41,427084,CartPole-v1,"CP-ppo-ac-NN(6,6)-(lr=1.0e-5)-(86-params)",classic_NN_6-6,40
49.0,49,427116,CartPole-v1,"CP-ppo-ac-NN(6,6)-(lr=1.0e-5)-(86-params)",classic_NN_6-6,40
22.0,22,427172,CartPole-v1,"CP-ppo-ac-NN(6,6)-(lr=1.0e-5)-(86-params)",classic_NN_6-6,40
102.0,102,427180,CartPole-v1,"CP-ppo-ac-NN(6,6)-(lr=1.0e-5)-(86-params)",classic_NN_6-6,40
46.0,46,427252,CartPole-v1,"CP-ppo-ac-NN(6,6)-(lr=1.0e-5)-(86-params)",classic_NN_6-6,40
25.0,25,427352,CartPole-v1,"CP-ppo-ac-NN(6,6)-(lr=1.0e-5)-(86-params)",classic_NN_6-6,40
53.0,53,427392,CartPole-v1,"CP-ppo-ac-NN(6,6)-(lr=1.0e-5)-(86-params)",classic_NN_6-6,40
57.0,57,427400,CartPole-v1,"CP-ppo-ac-NN(6,6)-(lr=1.0e-5)-(86-params)",classic_NN_6-6,40
77.0,77,427424,CartPole-v1,"CP-ppo-ac-NN(6,6)-(lr=1.0e-5)-(86-params)",classic_NN_6-6,40
22.0,22,427480,CartPole-v1,"CP-ppo-ac-NN(6,6)-(lr=1.0e-5)-(86-params)",classic_NN_6-6,40
53.0,53,427564,CartPole-v1,"CP-ppo-ac-NN(6,6)-(lr=1.0e-5)-(86-params)",classic_NN_6-6,40
43.0,43,427572,CartPole-v1,"CP-ppo-ac-NN(6,6)-(lr=1.0e-5)-(86-params)",classic_NN_6-6,40
73.0,73,427716,CartPole-v1,"CP-ppo-ac-NN(6,6)-(lr=1.0e-5)-(86-params)",classic_NN_6-6,40
48.0,48,427764,CartPole-v1,"CP-ppo-ac-NN(6,6)-(lr=1.0e-5)-(86-params)",classic_NN_6-6,40
78.0,78,427792,CartPole-v1,"CP-ppo-ac-NN(6,6)-(lr=1.0e-5)-(86-params)",classic_NN_6-6,40
81.0,81,427888,CartPole-v1,"CP-ppo-ac-NN(6,6)-(lr=1.0e-5)-(86-params)",classic_NN_6-6,40
37.0,37,427940,CartPole-v1,"CP-ppo-ac-NN(6,6)-(lr=1.0e-5)-(86-params)",classic_NN_6-6,40
68.0,68,427988,CartPole-v1,"CP-ppo-ac-NN(6,6)-(lr=1.0e-5)-(86-params)",classic_NN_6-6,40
26.0,26,427992,CartPole-v1,"CP-ppo-ac-NN(6,6)-(lr=1.0e-5)-(86-params)",classic_NN_6-6,40
22.0,22,428028,CartPole-v1,"CP-ppo-ac-NN(6,6)-(lr=1.0e-5)-(86-params)",classic_NN_6-6,40
67.0,67,428032,CartPole-v1,"CP-ppo-ac-NN(6,6)-(lr=1.0e-5)-(86-params)",classic_NN_6-6,40
11.0,11,428072,CartPole-v1,"CP-ppo-ac-NN(6,6)-(lr=1.0e-5)-(86-params)",classic_NN_6-6,40
29.0,29,428108,CartPole-v1,"CP-ppo-ac-NN(6,6)-(lr=1.0e-5)-(86-params)",classic_NN_6-6,40
31.0,31,428112,CartPole-v1,"CP-ppo-ac-NN(6,6)-(lr=1.0e-5)-(86-params)",classic_NN_6-6,40
24.0,24,428128,CartPole-v1,"CP-ppo-ac-NN(6,6)-(lr=1.0e-5)-(86-params)",classic_NN_6-6,40
27.0,27,428236,CartPole-v1,"CP-ppo-ac-NN(6,6)-(lr=1.0e-5)-(86-params)",classic_NN_6-6,40
44.0,44,428248,CartPole-v1,"CP-ppo-ac-NN(6,6)-(lr=1.0e-5)-(86-params)",classic_NN_6-6,40
25.0,25,428348,CartPole-v1,"CP-ppo-ac-NN(6,6)-(lr=1.0e-5)-(86-params)",classic_NN_6-6,40
47.0,47,428424,CartPole-v1,"CP-ppo-ac-NN(6,6)-(lr=1.0e-5)-(86-params)",classic_NN_6-6,40
86.0,86,428452,CartPole-v1,"CP-ppo-ac-NN(6,6)-(lr=1.0e-5)-(86-params)",classic_NN_6-6,40
86.0,86,428456,CartPole-v1,"CP-ppo-ac-NN(6,6)-(lr=1.0e-5)-(86-params)",classic_NN_6-6,40
15.0,15,428484,CartPole-v1,"CP-ppo-ac-NN(6,6)-(lr=1.0e-5)-(86-params)",classic_NN_6-6,40
53.0,53,428560,CartPole-v1,"CP-ppo-ac-NN(6,6)-(lr=1.0e-5)-(86-params)",classic_NN_6-6,40
32.0,32,428584,CartPole-v1,"CP-ppo-ac-NN(6,6)-(lr=1.0e-5)-(86-params)",classic_NN_6-6,40
40.0,40,428612,CartPole-v1,"CP-ppo-ac-NN(6,6)-(lr=1.0e-5)-(86-params)",classic_NN_6-6,40
18.0,18,428684,CartPole-v1,"CP-ppo-ac-NN(6,6)-(lr=1.0e-5)-(86-params)",classic_NN_6-6,40
35.0,35,428724,CartPole-v1,"CP-ppo-ac-NN(6,6)-(lr=1.0e-5)-(86-params)",classic_NN_6-6,40
61.0,61,428728,CartPole-v1,"CP-ppo-ac-NN(6,6)-(lr=1.0e-5)-(86-params)",classic_NN_6-6,40
44.0,44,428736,CartPole-v1,"CP-ppo-ac-NN(6,6)-(lr=1.0e-5)-(86-params)",classic_NN_6-6,40
20.0,20,428764,CartPole-v1,"CP-ppo-ac-NN(6,6)-(lr=1.0e-5)-(86-params)",classic_NN_6-6,40
20.0,20,428816,CartPole-v1,"CP-ppo-ac-NN(6,6)-(lr=1.0e-5)-(86-params)",classic_NN_6-6,40
17.0,17,428832,CartPole-v1,"CP-ppo-ac-NN(6,6)-(lr=1.0e-5)-(86-params)",classic_NN_6-6,40
38.0,38,428876,CartPole-v1,"CP-ppo-ac-NN(6,6)-(lr=1.0e-5)-(86-params)",classic_NN_6-6,40
17.0,17,428884,CartPole-v1,"CP-ppo-ac-NN(6,6)-(lr=1.0e-5)-(86-params)",classic_NN_6-6,40
29.0,29,428948,CartPole-v1,"CP-ppo-ac-NN(6,6)-(lr=1.0e-5)-(86-params)",classic_NN_6-6,40
57.0,57,428956,CartPole-v1,"CP-ppo-ac-NN(6,6)-(lr=1.0e-5)-(86-params)",classic_NN_6-6,40
22.0,22,428972,CartPole-v1,"CP-ppo-ac-NN(6,6)-(lr=1.0e-5)-(86-params)",classic_NN_6-6,40
21.0,21,429032,CartPole-v1,"CP-ppo-ac-NN(6,6)-(lr=1.0e-5)-(86-params)",classic_NN_6-6,40
26.0,26,429076,CartPole-v1,"CP-ppo-ac-NN(6,6)-(lr=1.0e-5)-(86-params)",classic_NN_6-6,40
54.0,54,429092,CartPole-v1,"CP-ppo-ac-NN(6,6)-(lr=1.0e-5)-(86-params)",classic_NN_6-6,40
27.0,27,429140,CartPole-v1,"CP-ppo-ac-NN(6,6)-(lr=1.0e-5)-(86-params)",classic_NN_6-6,40
18.0,18,429164,CartPole-v1,"CP-ppo-ac-NN(6,6)-(lr=1.0e-5)-(86-params)",classic_NN_6-6,40
38.0,38,429228,CartPole-v1,"CP-ppo-ac-NN(6,6)-(lr=1.0e-5)-(86-params)",classic_NN_6-6,40
20.0,20,429244,CartPole-v1,"CP-ppo-ac-NN(6,6)-(lr=1.0e-5)-(86-params)",classic_NN_6-6,40
88.0,88,429308,CartPole-v1,"CP-ppo-ac-NN(6,6)-(lr=1.0e-5)-(86-params)",classic_NN_6-6,40
54.0,54,429356,CartPole-v1,"CP-ppo-ac-NN(6,6)-(lr=1.0e-5)-(86-params)",classic_NN_6-6,40
37.0,37,429376,CartPole-v1,"CP-ppo-ac-NN(6,6)-(lr=1.0e-5)-(86-params)",classic_NN_6-6,40
15.0,15,429416,CartPole-v1,"CP-ppo-ac-NN(6,6)-(lr=1.0e-5)-(86-params)",classic_NN_6-6,40
43.0,43,429416,CartPole-v1,"CP-ppo-ac-NN(6,6)-(lr=1.0e-5)-(86-params)",classic_NN_6-6,40
37.0,37,429456,CartPole-v1,"CP-ppo-ac-NN(6,6)-(lr=1.0e-5)-(86-params)",classic_NN_6-6,40
11.0,11,429500,CartPole-v1,"CP-ppo-ac-NN(6,6)-(lr=1.0e-5)-(86-params)",classic_NN_6-6,40
15.0,15,429560,CartPole-v1,"CP-ppo-ac-NN(6,6)-(lr=1.0e-5)-(86-params)",classic_NN_6-6,40
51.0,51,429620,CartPole-v1,"CP-ppo-ac-NN(6,6)-(lr=1.0e-5)-(86-params)",classic_NN_6-6,40
57.0,57,429644,CartPole-v1,"CP-ppo-ac-NN(6,6)-(lr=1.0e-5)-(86-params)",classic_NN_6-6,40
71.0,71,429660,CartPole-v1,"CP-ppo-ac-NN(6,6)-(lr=1.0e-5)-(86-params)",classic_NN_6-6,40
45.0,45,429840,CartPole-v1,"CP-ppo-ac-NN(6,6)-(lr=1.0e-5)-(86-params)",classic_NN_6-6,40
64.0,64,429876,CartPole-v1,"CP-ppo-ac-NN(6,6)-(lr=1.0e-5)-(86-params)",classic_NN_6-6,40
65.0,65,429904,CartPole-v1,"CP-ppo-ac-NN(6,6)-(lr=1.0e-5)-(86-params)",classic_NN_6-6,40
104.0,104,429976,CartPole-v1,"CP-ppo-ac-NN(6,6)-(lr=1.0e-5)-(86-params)",classic_NN_6-6,40
34.0,34,430012,CartPole-v1,"CP-ppo-ac-NN(6,6)-(lr=1.0e-5)-(86-params)",classic_NN_6-6,40
33.0,33,430036,CartPole-v1,"CP-ppo-ac-NN(6,6)-(lr=1.0e-5)-(86-params)",classic_NN_6-6,40
19.0,19,430052,CartPole-v1,"CP-ppo-ac-NN(6,6)-(lr=1.0e-5)-(86-params)",classic_NN_6-6,40
66.0,66,430104,CartPole-v1,"CP-ppo-ac-NN(6,6)-(lr=1.0e-5)-(86-params)",classic_NN_6-6,40
26.0,26,430116,CartPole-v1,"CP-ppo-ac-NN(6,6)-(lr=1.0e-5)-(86-params)",classic_NN_6-6,40
21.0,21,430136,CartPole-v1,"CP-ppo-ac-NN(6,6)-(lr=1.0e-5)-(86-params)",classic_NN_6-6,40
33.0,33,430168,CartPole-v1,"CP-ppo-ac-NN(6,6)-(lr=1.0e-5)-(86-params)",classic_NN_6-6,40
39.0,39,430260,CartPole-v1,"CP-ppo-ac-NN(6,6)-(lr=1.0e-5)-(86-params)",classic_NN_6-6,40
31.0,31,430260,CartPole-v1,"CP-ppo-ac-NN(6,6)-(lr=1.0e-5)-(86-params)",classic_NN_6-6,40
34.0,34,430304,CartPole-v1,"CP-ppo-ac-NN(6,6)-(lr=1.0e-5)-(86-params)",classic_NN_6-6,40
56.0,56,430340,CartPole-v1,"CP-ppo-ac-NN(6,6)-(lr=1.0e-5)-(86-params)",classic_NN_6-6,40
11.0,11,430384,CartPole-v1,"CP-ppo-ac-NN(6,6)-(lr=1.0e-5)-(86-params)",classic_NN_6-6,40
35.0,35,430400,CartPole-v1,"CP-ppo-ac-NN(6,6)-(lr=1.0e-5)-(86-params)",classic_NN_6-6,40
41.0,41,430424,CartPole-v1,"CP-ppo-ac-NN(6,6)-(lr=1.0e-5)-(86-params)",classic_NN_6-6,40
25.0,25,430500,CartPole-v1,"CP-ppo-ac-NN(6,6)-(lr=1.0e-5)-(86-params)",classic_NN_6-6,40
20.0,20,430504,CartPole-v1,"CP-ppo-ac-NN(6,6)-(lr=1.0e-5)-(86-params)",classic_NN_6-6,40
16.0,16,430564,CartPole-v1,"CP-ppo-ac-NN(6,6)-(lr=1.0e-5)-(86-params)",classic_NN_6-6,40
78.0,78,430616,CartPole-v1,"CP-ppo-ac-NN(6,6)-(lr=1.0e-5)-(86-params)",classic_NN_6-6,40
26.0,26,430668,CartPole-v1,"CP-ppo-ac-NN(6,6)-(lr=1.0e-5)-(86-params)",classic_NN_6-6,40
51.0,51,430708,CartPole-v1,"CP-ppo-ac-NN(6,6)-(lr=1.0e-5)-(86-params)",classic_NN_6-6,40
101.0,101,430788,CartPole-v1,"CP-ppo-ac-NN(6,6)-(lr=1.0e-5)-(86-params)",classic_NN_6-6,40
54.0,54,430832,CartPole-v1,"CP-ppo-ac-NN(6,6)-(lr=1.0e-5)-(86-params)",classic_NN_6-6,40
33.0,33,430840,CartPole-v1,"CP-ppo-ac-NN(6,6)-(lr=1.0e-5)-(86-params)",classic_NN_6-6,40
52.0,52,430876,CartPole-v1,"CP-ppo-ac-NN(6,6)-(lr=1.0e-5)-(86-params)",classic_NN_6-6,40
14.0,14,430888,CartPole-v1,"CP-ppo-ac-NN(6,6)-(lr=1.0e-5)-(86-params)",classic_NN_6-6,40
16.0,16,430904,CartPole-v1,"CP-ppo-ac-NN(6,6)-(lr=1.0e-5)-(86-params)",classic_NN_6-6,40
36.0,36,430932,CartPole-v1,"CP-ppo-ac-NN(6,6)-(lr=1.0e-5)-(86-params)",classic_NN_6-6,40
12.0,12,430952,CartPole-v1,"CP-ppo-ac-NN(6,6)-(lr=1.0e-5)-(86-params)",classic_NN_6-6,40
37.0,37,431036,CartPole-v1,"CP-ppo-ac-NN(6,6)-(lr=1.0e-5)-(86-params)",classic_NN_6-6,40
28.0,28,431044,CartPole-v1,"CP-ppo-ac-NN(6,6)-(lr=1.0e-5)-(86-params)",classic_NN_6-6,40
31.0,31,431076,CartPole-v1,"CP-ppo-ac-NN(6,6)-(lr=1.0e-5)-(86-params)",classic_NN_6-6,40
62.0,62,431124,CartPole-v1,"CP-ppo-ac-NN(6,6)-(lr=1.0e-5)-(86-params)",classic_NN_6-6,40
24.0,24,431172,CartPole-v1,"CP-ppo-ac-NN(6,6)-(lr=1.0e-5)-(86-params)",classic_NN_6-6,40
54.0,54,431252,CartPole-v1,"CP-ppo-ac-NN(6,6)-(lr=1.0e-5)-(86-params)",classic_NN_6-6,40
55.0,55,431264,CartPole-v1,"CP-ppo-ac-NN(6,6)-(lr=1.0e-5)-(86-params)",classic_NN_6-6,40
44.0,44,431300,CartPole-v1,"CP-ppo-ac-NN(6,6)-(lr=1.0e-5)-(86-params)",classic_NN_6-6,40
35.0,35,431312,CartPole-v1,"CP-ppo-ac-NN(6,6)-(lr=1.0e-5)-(86-params)",classic_NN_6-6,40
25.0,25,431364,CartPole-v1,"CP-ppo-ac-NN(6,6)-(lr=1.0e-5)-(86-params)",classic_NN_6-6,40
16.0,16,431376,CartPole-v1,"CP-ppo-ac-NN(6,6)-(lr=1.0e-5)-(86-params)",classic_NN_6-6,40
42.0,42,431420,CartPole-v1,"CP-ppo-ac-NN(6,6)-(lr=1.0e-5)-(86-params)",classic_NN_6-6,40
41.0,41,431464,CartPole-v1,"CP-ppo-ac-NN(6,6)-(lr=1.0e-5)-(86-params)",classic_NN_6-6,40
36.0,36,431520,CartPole-v1,"CP-ppo-ac-NN(6,6)-(lr=1.0e-5)-(86-params)",classic_NN_6-6,40
41.0,41,431584,CartPole-v1,"CP-ppo-ac-NN(6,6)-(lr=1.0e-5)-(86-params)",classic_NN_6-6,40
23.0,23,431612,CartPole-v1,"CP-ppo-ac-NN(6,6)-(lr=1.0e-5)-(86-params)",classic_NN_6-6,40
73.0,73,431656,CartPole-v1,"CP-ppo-ac-NN(6,6)-(lr=1.0e-5)-(86-params)",classic_NN_6-6,40
22.0,22,431672,CartPole-v1,"CP-ppo-ac-NN(6,6)-(lr=1.0e-5)-(86-params)",classic_NN_6-6,40
15.0,15,431732,CartPole-v1,"CP-ppo-ac-NN(6,6)-(lr=1.0e-5)-(86-params)",classic_NN_6-6,40
82.0,82,431792,CartPole-v1,"CP-ppo-ac-NN(6,6)-(lr=1.0e-5)-(86-params)",classic_NN_6-6,40
29.0,29,431848,CartPole-v1,"CP-ppo-ac-NN(6,6)-(lr=1.0e-5)-(86-params)",classic_NN_6-6,40
65.0,65,431872,CartPole-v1,"CP-ppo-ac-NN(6,6)-(lr=1.0e-5)-(86-params)",classic_NN_6-6,40
63.0,63,431908,CartPole-v1,"CP-ppo-ac-NN(6,6)-(lr=1.0e-5)-(86-params)",classic_NN_6-6,40
17.0,17,431916,CartPole-v1,"CP-ppo-ac-NN(6,6)-(lr=1.0e-5)-(86-params)",classic_NN_6-6,40
23.0,23,432008,CartPole-v1,"CP-ppo-ac-NN(6,6)-(lr=1.0e-5)-(86-params)",classic_NN_6-6,40
56.0,56,432016,CartPole-v1,"CP-ppo-ac-NN(6,6)-(lr=1.0e-5)-(86-params)",classic_NN_6-6,40
14.0,14,432064,CartPole-v1,"CP-ppo-ac-NN(6,6)-(lr=1.0e-5)-(86-params)",classic_NN_6-6,40
39.0,39,432064,CartPole-v1,"CP-ppo-ac-NN(6,6)-(lr=1.0e-5)-(86-params)",classic_NN_6-6,40
19.0,19,432092,CartPole-v1,"CP-ppo-ac-NN(6,6)-(lr=1.0e-5)-(86-params)",classic_NN_6-6,40
17.0,17,432132,CartPole-v1,"CP-ppo-ac-NN(6,6)-(lr=1.0e-5)-(86-params)",classic_NN_6-6,40
67.0,67,432140,CartPole-v1,"CP-ppo-ac-NN(6,6)-(lr=1.0e-5)-(86-params)",classic_NN_6-6,40
14.0,14,432188,CartPole-v1,"CP-ppo-ac-NN(6,6)-(lr=1.0e-5)-(86-params)",classic_NN_6-6,40
35.0,35,432232,CartPole-v1,"CP-ppo-ac-NN(6,6)-(lr=1.0e-5)-(86-params)",classic_NN_6-6,40
26.0,26,432336,CartPole-v1,"CP-ppo-ac-NN(6,6)-(lr=1.0e-5)-(86-params)",classic_NN_6-6,40
42.0,42,432356,CartPole-v1,"CP-ppo-ac-NN(6,6)-(lr=1.0e-5)-(86-params)",classic_NN_6-6,40
80.0,80,432460,CartPole-v1,"CP-ppo-ac-NN(6,6)-(lr=1.0e-5)-(86-params)",classic_NN_6-6,40
42.0,42,432504,CartPole-v1,"CP-ppo-ac-NN(6,6)-(lr=1.0e-5)-(86-params)",classic_NN_6-6,40
133.0,133,432596,CartPole-v1,"CP-ppo-ac-NN(6,6)-(lr=1.0e-5)-(86-params)",classic_NN_6-6,40
63.0,63,432608,CartPole-v1,"CP-ppo-ac-NN(6,6)-(lr=1.0e-5)-(86-params)",classic_NN_6-6,40
44.0,44,432636,CartPole-v1,"CP-ppo-ac-NN(6,6)-(lr=1.0e-5)-(86-params)",classic_NN_6-6,40
40.0,40,432664,CartPole-v1,"CP-ppo-ac-NN(6,6)-(lr=1.0e-5)-(86-params)",classic_NN_6-6,40
28.0,28,432720,CartPole-v1,"CP-ppo-ac-NN(6,6)-(lr=1.0e-5)-(86-params)",classic_NN_6-6,40
43.0,43,432768,CartPole-v1,"CP-ppo-ac-NN(6,6)-(lr=1.0e-5)-(86-params)",classic_NN_6-6,40
37.0,37,432784,CartPole-v1,"CP-ppo-ac-NN(6,6)-(lr=1.0e-5)-(86-params)",classic_NN_6-6,40
44.0,44,432840,CartPole-v1,"CP-ppo-ac-NN(6,6)-(lr=1.0e-5)-(86-params)",classic_NN_6-6,40
17.0,17,432852,CartPole-v1,"CP-ppo-ac-NN(6,6)-(lr=1.0e-5)-(86-params)",classic_NN_6-6,40
39.0,39,432876,CartPole-v1,"CP-ppo-ac-NN(6,6)-(lr=1.0e-5)-(86-params)",classic_NN_6-6,40
36.0,36,432912,CartPole-v1,"CP-ppo-ac-NN(6,6)-(lr=1.0e-5)-(86-params)",classic_NN_6-6,40
29.0,29,432968,CartPole-v1,"CP-ppo-ac-NN(6,6)-(lr=1.0e-5)-(86-params)",classic_NN_6-6,40
16.0,16,432976,CartPole-v1,"CP-ppo-ac-NN(6,6)-(lr=1.0e-5)-(86-params)",classic_NN_6-6,40
25.0,25,432976,CartPole-v1,"CP-ppo-ac-NN(6,6)-(lr=1.0e-5)-(86-params)",classic_NN_6-6,40
46.0,46,433024,CartPole-v1,"CP-ppo-ac-NN(6,6)-(lr=1.0e-5)-(86-params)",classic_NN_6-6,40
24.0,24,433072,CartPole-v1,"CP-ppo-ac-NN(6,6)-(lr=1.0e-5)-(86-params)",classic_NN_6-6,40
46.0,46,433152,CartPole-v1,"CP-ppo-ac-NN(6,6)-(lr=1.0e-5)-(86-params)",classic_NN_6-6,40
27.0,27,433180,CartPole-v1,"CP-ppo-ac-NN(6,6)-(lr=1.0e-5)-(86-params)",classic_NN_6-6,40
44.0,44,433200,CartPole-v1,"CP-ppo-ac-NN(6,6)-(lr=1.0e-5)-(86-params)",classic_NN_6-6,40
79.0,79,433292,CartPole-v1,"CP-ppo-ac-NN(6,6)-(lr=1.0e-5)-(86-params)",classic_NN_6-6,40
37.0,37,433300,CartPole-v1,"CP-ppo-ac-NN(6,6)-(lr=1.0e-5)-(86-params)",classic_NN_6-6,40
40.0,40,433360,CartPole-v1,"CP-ppo-ac-NN(6,6)-(lr=1.0e-5)-(86-params)",classic_NN_6-6,40
19.0,19,433376,CartPole-v1,"CP-ppo-ac-NN(6,6)-(lr=1.0e-5)-(86-params)",classic_NN_6-6,40
21.0,21,433460,CartPole-v1,"CP-ppo-ac-NN(6,6)-(lr=1.0e-5)-(86-params)",classic_NN_6-6,40
31.0,31,433484,CartPole-v1,"CP-ppo-ac-NN(6,6)-(lr=1.0e-5)-(86-params)",classic_NN_6-6,40
80.0,80,433500,CartPole-v1,"CP-ppo-ac-NN(6,6)-(lr=1.0e-5)-(86-params)",classic_NN_6-6,40
69.0,69,433568,CartPole-v1,"CP-ppo-ac-NN(6,6)-(lr=1.0e-5)-(86-params)",classic_NN_6-6,40
50.0,50,433700,CartPole-v1,"CP-ppo-ac-NN(6,6)-(lr=1.0e-5)-(86-params)",classic_NN_6-6,40
36.0,36,433712,CartPole-v1,"CP-ppo-ac-NN(6,6)-(lr=1.0e-5)-(86-params)",classic_NN_6-6,40
64.0,64,433716,CartPole-v1,"CP-ppo-ac-NN(6,6)-(lr=1.0e-5)-(86-params)",classic_NN_6-6,40
59.0,59,433720,CartPole-v1,"CP-ppo-ac-NN(6,6)-(lr=1.0e-5)-(86-params)",classic_NN_6-6,40
23.0,23,433792,CartPole-v1,"CP-ppo-ac-NN(6,6)-(lr=1.0e-5)-(86-params)",classic_NN_6-6,40
27.0,27,433820,CartPole-v1,"CP-ppo-ac-NN(6,6)-(lr=1.0e-5)-(86-params)",classic_NN_6-6,40
40.0,40,433880,CartPole-v1,"CP-ppo-ac-NN(6,6)-(lr=1.0e-5)-(86-params)",classic_NN_6-6,40
30.0,30,433912,CartPole-v1,"CP-ppo-ac-NN(6,6)-(lr=1.0e-5)-(86-params)",classic_NN_6-6,40
52.0,52,433924,CartPole-v1,"CP-ppo-ac-NN(6,6)-(lr=1.0e-5)-(86-params)",classic_NN_6-6,40
29.0,29,434028,CartPole-v1,"CP-ppo-ac-NN(6,6)-(lr=1.0e-5)-(86-params)",classic_NN_6-6,40
54.0,54,434036,CartPole-v1,"CP-ppo-ac-NN(6,6)-(lr=1.0e-5)-(86-params)",classic_NN_6-6,40
42.0,42,434092,CartPole-v1,"CP-ppo-ac-NN(6,6)-(lr=1.0e-5)-(86-params)",classic_NN_6-6,40
28.0,28,434140,CartPole-v1,"CP-ppo-ac-NN(6,6)-(lr=1.0e-5)-(86-params)",classic_NN_6-6,40
42.0,42,434204,CartPole-v1,"CP-ppo-ac-NN(6,6)-(lr=1.0e-5)-(86-params)",classic_NN_6-6,40
39.0,39,434248,CartPole-v1,"CP-ppo-ac-NN(6,6)-(lr=1.0e-5)-(86-params)",classic_NN_6-6,40
95.0,95,434260,CartPole-v1,"CP-ppo-ac-NN(6,6)-(lr=1.0e-5)-(86-params)",classic_NN_6-6,40
19.0,19,434324,CartPole-v1,"CP-ppo-ac-NN(6,6)-(lr=1.0e-5)-(86-params)",classic_NN_6-6,40
20.0,20,434340,CartPole-v1,"CP-ppo-ac-NN(6,6)-(lr=1.0e-5)-(86-params)",classic_NN_6-6,40
65.0,65,434400,CartPole-v1,"CP-ppo-ac-NN(6,6)-(lr=1.0e-5)-(86-params)",classic_NN_6-6,40
20.0,20,434420,CartPole-v1,"CP-ppo-ac-NN(6,6)-(lr=1.0e-5)-(86-params)",classic_NN_6-6,40
63.0,63,434456,CartPole-v1,"CP-ppo-ac-NN(6,6)-(lr=1.0e-5)-(86-params)",classic_NN_6-6,40
15.0,15,434460,CartPole-v1,"CP-ppo-ac-NN(6,6)-(lr=1.0e-5)-(86-params)",classic_NN_6-6,40
36.0,36,434468,CartPole-v1,"CP-ppo-ac-NN(6,6)-(lr=1.0e-5)-(86-params)",classic_NN_6-6,40
11.0,11,434504,CartPole-v1,"CP-ppo-ac-NN(6,6)-(lr=1.0e-5)-(86-params)",classic_NN_6-6,40
19.0,19,434532,CartPole-v1,"CP-ppo-ac-NN(6,6)-(lr=1.0e-5)-(86-params)",classic_NN_6-6,40
16.0,16,434532,CartPole-v1,"CP-ppo-ac-NN(6,6)-(lr=1.0e-5)-(86-params)",classic_NN_6-6,40
32.0,32,434548,CartPole-v1,"CP-ppo-ac-NN(6,6)-(lr=1.0e-5)-(86-params)",classic_NN_6-6,40
17.0,17,434600,CartPole-v1,"CP-ppo-ac-NN(6,6)-(lr=1.0e-5)-(86-params)",classic_NN_6-6,40
33.0,33,434664,CartPole-v1,"CP-ppo-ac-NN(6,6)-(lr=1.0e-5)-(86-params)",classic_NN_6-6,40
61.0,61,434748,CartPole-v1,"CP-ppo-ac-NN(6,6)-(lr=1.0e-5)-(86-params)",classic_NN_6-6,40
46.0,46,434784,CartPole-v1,"CP-ppo-ac-NN(6,6)-(lr=1.0e-5)-(86-params)",classic_NN_6-6,40
31.0,31,434788,CartPole-v1,"CP-ppo-ac-NN(6,6)-(lr=1.0e-5)-(86-params)",classic_NN_6-6,40
19.0,19,434824,CartPole-v1,"CP-ppo-ac-NN(6,6)-(lr=1.0e-5)-(86-params)",classic_NN_6-6,40
11.0,11,434828,CartPole-v1,"CP-ppo-ac-NN(6,6)-(lr=1.0e-5)-(86-params)",classic_NN_6-6,40
100.0,100,434948,CartPole-v1,"CP-ppo-ac-NN(6,6)-(lr=1.0e-5)-(86-params)",classic_NN_6-6,40
42.0,42,434956,CartPole-v1,"CP-ppo-ac-NN(6,6)-(lr=1.0e-5)-(86-params)",classic_NN_6-6,40
38.0,38,434980,CartPole-v1,"CP-ppo-ac-NN(6,6)-(lr=1.0e-5)-(86-params)",classic_NN_6-6,40
56.0,56,435048,CartPole-v1,"CP-ppo-ac-NN(6,6)-(lr=1.0e-5)-(86-params)",classic_NN_6-6,40
19.0,19,435056,CartPole-v1,"CP-ppo-ac-NN(6,6)-(lr=1.0e-5)-(86-params)",classic_NN_6-6,40
45.0,45,435136,CartPole-v1,"CP-ppo-ac-NN(6,6)-(lr=1.0e-5)-(86-params)",classic_NN_6-6,40
13.0,13,435188,CartPole-v1,"CP-ppo-ac-NN(6,6)-(lr=1.0e-5)-(86-params)",classic_NN_6-6,40
35.0,35,435188,CartPole-v1,"CP-ppo-ac-NN(6,6)-(lr=1.0e-5)-(86-params)",classic_NN_6-6,40
37.0,37,435204,CartPole-v1,"CP-ppo-ac-NN(6,6)-(lr=1.0e-5)-(86-params)",classic_NN_6-6,40
72.0,72,435236,CartPole-v1,"CP-ppo-ac-NN(6,6)-(lr=1.0e-5)-(86-params)",classic_NN_6-6,40
23.0,23,435296,CartPole-v1,"CP-ppo-ac-NN(6,6)-(lr=1.0e-5)-(86-params)",classic_NN_6-6,40
42.0,42,435404,CartPole-v1,"CP-ppo-ac-NN(6,6)-(lr=1.0e-5)-(86-params)",classic_NN_6-6,40
61.0,61,435432,CartPole-v1,"CP-ppo-ac-NN(6,6)-(lr=1.0e-5)-(86-params)",classic_NN_6-6,40
63.0,63,435440,CartPole-v1,"CP-ppo-ac-NN(6,6)-(lr=1.0e-5)-(86-params)",classic_NN_6-6,40
47.0,47,435484,CartPole-v1,"CP-ppo-ac-NN(6,6)-(lr=1.0e-5)-(86-params)",classic_NN_6-6,40
21.0,21,435516,CartPole-v1,"CP-ppo-ac-NN(6,6)-(lr=1.0e-5)-(86-params)",classic_NN_6-6,40
36.0,36,435584,CartPole-v1,"CP-ppo-ac-NN(6,6)-(lr=1.0e-5)-(86-params)",classic_NN_6-6,40
57.0,57,435632,CartPole-v1,"CP-ppo-ac-NN(6,6)-(lr=1.0e-5)-(86-params)",classic_NN_6-6,40
25.0,25,435684,CartPole-v1,"CP-ppo-ac-NN(6,6)-(lr=1.0e-5)-(86-params)",classic_NN_6-6,40
50.0,50,435684,CartPole-v1,"CP-ppo-ac-NN(6,6)-(lr=1.0e-5)-(86-params)",classic_NN_6-6,40
44.0,44,435692,CartPole-v1,"CP-ppo-ac-NN(6,6)-(lr=1.0e-5)-(86-params)",classic_NN_6-6,40
20.0,20,435712,CartPole-v1,"CP-ppo-ac-NN(6,6)-(lr=1.0e-5)-(86-params)",classic_NN_6-6,40
14.0,14,435740,CartPole-v1,"CP-ppo-ac-NN(6,6)-(lr=1.0e-5)-(86-params)",classic_NN_6-6,40
32.0,32,435820,CartPole-v1,"CP-ppo-ac-NN(6,6)-(lr=1.0e-5)-(86-params)",classic_NN_6-6,40
41.0,41,435848,CartPole-v1,"CP-ppo-ac-NN(6,6)-(lr=1.0e-5)-(86-params)",classic_NN_6-6,40
35.0,35,435852,CartPole-v1,"CP-ppo-ac-NN(6,6)-(lr=1.0e-5)-(86-params)",classic_NN_6-6,40
35.0,35,435880,CartPole-v1,"CP-ppo-ac-NN(6,6)-(lr=1.0e-5)-(86-params)",classic_NN_6-6,40
21.0,21,435904,CartPole-v1,"CP-ppo-ac-NN(6,6)-(lr=1.0e-5)-(86-params)",classic_NN_6-6,40
15.0,15,435940,CartPole-v1,"CP-ppo-ac-NN(6,6)-(lr=1.0e-5)-(86-params)",classic_NN_6-6,40
34.0,34,435984,CartPole-v1,"CP-ppo-ac-NN(6,6)-(lr=1.0e-5)-(86-params)",classic_NN_6-6,40
25.0,25,436004,CartPole-v1,"CP-ppo-ac-NN(6,6)-(lr=1.0e-5)-(86-params)",classic_NN_6-6,40
40.0,40,436012,CartPole-v1,"CP-ppo-ac-NN(6,6)-(lr=1.0e-5)-(86-params)",classic_NN_6-6,40
25.0,25,436104,CartPole-v1,"CP-ppo-ac-NN(6,6)-(lr=1.0e-5)-(86-params)",classic_NN_6-6,40
33.0,33,436116,CartPole-v1,"CP-ppo-ac-NN(6,6)-(lr=1.0e-5)-(86-params)",classic_NN_6-6,40
28.0,28,436124,CartPole-v1,"CP-ppo-ac-NN(6,6)-(lr=1.0e-5)-(86-params)",classic_NN_6-6,40
18.0,18,436176,CartPole-v1,"CP-ppo-ac-NN(6,6)-(lr=1.0e-5)-(86-params)",classic_NN_6-6,40
66.0,66,436204,CartPole-v1,"CP-ppo-ac-NN(6,6)-(lr=1.0e-5)-(86-params)",classic_NN_6-6,40
35.0,35,436256,CartPole-v1,"CP-ppo-ac-NN(6,6)-(lr=1.0e-5)-(86-params)",classic_NN_6-6,40
20.0,20,436256,CartPole-v1,"CP-ppo-ac-NN(6,6)-(lr=1.0e-5)-(86-params)",classic_NN_6-6,40
39.0,39,436280,CartPole-v1,"CP-ppo-ac-NN(6,6)-(lr=1.0e-5)-(86-params)",classic_NN_6-6,40
28.0,28,436316,CartPole-v1,"CP-ppo-ac-NN(6,6)-(lr=1.0e-5)-(86-params)",classic_NN_6-6,40
18.0,18,436328,CartPole-v1,"CP-ppo-ac-NN(6,6)-(lr=1.0e-5)-(86-params)",classic_NN_6-6,40
20.0,20,436396,CartPole-v1,"CP-ppo-ac-NN(6,6)-(lr=1.0e-5)-(86-params)",classic_NN_6-6,40
47.0,47,436468,CartPole-v1,"CP-ppo-ac-NN(6,6)-(lr=1.0e-5)-(86-params)",classic_NN_6-6,40
52.0,52,436536,CartPole-v1,"CP-ppo-ac-NN(6,6)-(lr=1.0e-5)-(86-params)",classic_NN_6-6,40
39.0,39,436552,CartPole-v1,"CP-ppo-ac-NN(6,6)-(lr=1.0e-5)-(86-params)",classic_NN_6-6,40
77.0,77,436564,CartPole-v1,"CP-ppo-ac-NN(6,6)-(lr=1.0e-5)-(86-params)",classic_NN_6-6,40
14.0,14,436592,CartPole-v1,"CP-ppo-ac-NN(6,6)-(lr=1.0e-5)-(86-params)",classic_NN_6-6,40
20.0,20,436632,CartPole-v1,"CP-ppo-ac-NN(6,6)-(lr=1.0e-5)-(86-params)",classic_NN_6-6,40
21.0,21,436648,CartPole-v1,"CP-ppo-ac-NN(6,6)-(lr=1.0e-5)-(86-params)",classic_NN_6-6,40
51.0,51,436672,CartPole-v1,"CP-ppo-ac-NN(6,6)-(lr=1.0e-5)-(86-params)",classic_NN_6-6,40
22.0,22,436680,CartPole-v1,"CP-ppo-ac-NN(6,6)-(lr=1.0e-5)-(86-params)",classic_NN_6-6,40
40.0,40,436808,CartPole-v1,"CP-ppo-ac-NN(6,6)-(lr=1.0e-5)-(86-params)",classic_NN_6-6,40
38.0,38,436824,CartPole-v1,"CP-ppo-ac-NN(6,6)-(lr=1.0e-5)-(86-params)",classic_NN_6-6,40
18.0,18,436880,CartPole-v1,"CP-ppo-ac-NN(6,6)-(lr=1.0e-5)-(86-params)",classic_NN_6-6,40
70.0,70,436912,CartPole-v1,"CP-ppo-ac-NN(6,6)-(lr=1.0e-5)-(86-params)",classic_NN_6-6,40
26.0,26,436984,CartPole-v1,"CP-ppo-ac-NN(6,6)-(lr=1.0e-5)-(86-params)",classic_NN_6-6,40
89.0,89,437036,CartPole-v1,"CP-ppo-ac-NN(6,6)-(lr=1.0e-5)-(86-params)",classic_NN_6-6,40
21.0,21,437068,CartPole-v1,"CP-ppo-ac-NN(6,6)-(lr=1.0e-5)-(86-params)",classic_NN_6-6,40
51.0,51,437116,CartPole-v1,"CP-ppo-ac-NN(6,6)-(lr=1.0e-5)-(86-params)",classic_NN_6-6,40
79.0,79,437140,CartPole-v1,"CP-ppo-ac-NN(6,6)-(lr=1.0e-5)-(86-params)",classic_NN_6-6,40
22.0,22,437156,CartPole-v1,"CP-ppo-ac-NN(6,6)-(lr=1.0e-5)-(86-params)",classic_NN_6-6,40
33.0,33,437288,CartPole-v1,"CP-ppo-ac-NN(6,6)-(lr=1.0e-5)-(86-params)",classic_NN_6-6,40
50.0,50,437316,CartPole-v1,"CP-ppo-ac-NN(6,6)-(lr=1.0e-5)-(86-params)",classic_NN_6-6,40
13.0,13,437340,CartPole-v1,"CP-ppo-ac-NN(6,6)-(lr=1.0e-5)-(86-params)",classic_NN_6-6,40
57.0,57,437368,CartPole-v1,"CP-ppo-ac-NN(6,6)-(lr=1.0e-5)-(86-params)",classic_NN_6-6,40
21.0,21,437424,CartPole-v1,"CP-ppo-ac-NN(6,6)-(lr=1.0e-5)-(86-params)",classic_NN_6-6,40
34.0,34,437452,CartPole-v1,"CP-ppo-ac-NN(6,6)-(lr=1.0e-5)-(86-params)",classic_NN_6-6,40
18.0,18,437496,CartPole-v1,"CP-ppo-ac-NN(6,6)-(lr=1.0e-5)-(86-params)",classic_NN_6-6,40
117.0,117,437504,CartPole-v1,"CP-ppo-ac-NN(6,6)-(lr=1.0e-5)-(86-params)",classic_NN_6-6,40
37.0,37,437600,CartPole-v1,"CP-ppo-ac-NN(6,6)-(lr=1.0e-5)-(86-params)",classic_NN_6-6,40
73.0,73,437660,CartPole-v1,"CP-ppo-ac-NN(6,6)-(lr=1.0e-5)-(86-params)",classic_NN_6-6,40
57.0,57,437724,CartPole-v1,"CP-ppo-ac-NN(6,6)-(lr=1.0e-5)-(86-params)",classic_NN_6-6,40
61.0,61,437748,CartPole-v1,"CP-ppo-ac-NN(6,6)-(lr=1.0e-5)-(86-params)",classic_NN_6-6,40
24.0,24,437756,CartPole-v1,"CP-ppo-ac-NN(6,6)-(lr=1.0e-5)-(86-params)",classic_NN_6-6,40
19.0,19,437800,CartPole-v1,"CP-ppo-ac-NN(6,6)-(lr=1.0e-5)-(86-params)",classic_NN_6-6,40
14.0,14,437812,CartPole-v1,"CP-ppo-ac-NN(6,6)-(lr=1.0e-5)-(86-params)",classic_NN_6-6,40
67.0,67,437868,CartPole-v1,"CP-ppo-ac-NN(6,6)-(lr=1.0e-5)-(86-params)",classic_NN_6-6,40
27.0,27,437908,CartPole-v1,"CP-ppo-ac-NN(6,6)-(lr=1.0e-5)-(86-params)",classic_NN_6-6,40
42.0,42,437916,CartPole-v1,"CP-ppo-ac-NN(6,6)-(lr=1.0e-5)-(86-params)",classic_NN_6-6,40
21.0,21,437952,CartPole-v1,"CP-ppo-ac-NN(6,6)-(lr=1.0e-5)-(86-params)",classic_NN_6-6,40
10.0,10,437992,CartPole-v1,"CP-ppo-ac-NN(6,6)-(lr=1.0e-5)-(86-params)",classic_NN_6-6,40
23.0,23,438084,CartPole-v1,"CP-ppo-ac-NN(6,6)-(lr=1.0e-5)-(86-params)",classic_NN_6-6,40
54.0,54,438124,CartPole-v1,"CP-ppo-ac-NN(6,6)-(lr=1.0e-5)-(86-params)",classic_NN_6-6,40
86.0,86,438156,CartPole-v1,"CP-ppo-ac-NN(6,6)-(lr=1.0e-5)-(86-params)",classic_NN_6-6,40
20.0,20,438164,CartPole-v1,"CP-ppo-ac-NN(6,6)-(lr=1.0e-5)-(86-params)",classic_NN_6-6,40
75.0,75,438216,CartPole-v1,"CP-ppo-ac-NN(6,6)-(lr=1.0e-5)-(86-params)",classic_NN_6-6,40
18.0,18,438288,CartPole-v1,"CP-ppo-ac-NN(6,6)-(lr=1.0e-5)-(86-params)",classic_NN_6-6,40
47.0,47,438312,CartPole-v1,"CP-ppo-ac-NN(6,6)-(lr=1.0e-5)-(86-params)",classic_NN_6-6,40
44.0,44,438332,CartPole-v1,"CP-ppo-ac-NN(6,6)-(lr=1.0e-5)-(86-params)",classic_NN_6-6,40
49.0,49,438360,CartPole-v1,"CP-ppo-ac-NN(6,6)-(lr=1.0e-5)-(86-params)",classic_NN_6-6,40
13.0,13,438412,CartPole-v1,"CP-ppo-ac-NN(6,6)-(lr=1.0e-5)-(86-params)",classic_NN_6-6,40
26.0,26,438416,CartPole-v1,"CP-ppo-ac-NN(6,6)-(lr=1.0e-5)-(86-params)",classic_NN_6-6,40
29.0,29,438448,CartPole-v1,"CP-ppo-ac-NN(6,6)-(lr=1.0e-5)-(86-params)",classic_NN_6-6,40
17.0,17,438480,CartPole-v1,"CP-ppo-ac-NN(6,6)-(lr=1.0e-5)-(86-params)",classic_NN_6-6,40
58.0,58,438520,CartPole-v1,"CP-ppo-ac-NN(6,6)-(lr=1.0e-5)-(86-params)",classic_NN_6-6,40
21.0,21,438532,CartPole-v1,"CP-ppo-ac-NN(6,6)-(lr=1.0e-5)-(86-params)",classic_NN_6-6,40
43.0,43,438588,CartPole-v1,"CP-ppo-ac-NN(6,6)-(lr=1.0e-5)-(86-params)",classic_NN_6-6,40
34.0,34,438616,CartPole-v1,"CP-ppo-ac-NN(6,6)-(lr=1.0e-5)-(86-params)",classic_NN_6-6,40
27.0,27,438640,CartPole-v1,"CP-ppo-ac-NN(6,6)-(lr=1.0e-5)-(86-params)",classic_NN_6-6,40
28.0,28,438700,CartPole-v1,"CP-ppo-ac-NN(6,6)-(lr=1.0e-5)-(86-params)",classic_NN_6-6,40
28.0,28,438728,CartPole-v1,"CP-ppo-ac-NN(6,6)-(lr=1.0e-5)-(86-params)",classic_NN_6-6,40
54.0,54,438736,CartPole-v1,"CP-ppo-ac-NN(6,6)-(lr=1.0e-5)-(86-params)",classic_NN_6-6,40
38.0,38,438852,CartPole-v1,"CP-ppo-ac-NN(6,6)-(lr=1.0e-5)-(86-params)",classic_NN_6-6,40
41.0,41,438900,CartPole-v1,"CP-ppo-ac-NN(6,6)-(lr=1.0e-5)-(86-params)",classic_NN_6-6,40
72.0,72,438928,CartPole-v1,"CP-ppo-ac-NN(6,6)-(lr=1.0e-5)-(86-params)",classic_NN_6-6,40
59.0,59,438964,CartPole-v1,"CP-ppo-ac-NN(6,6)-(lr=1.0e-5)-(86-params)",classic_NN_6-6,40
34.0,34,438988,CartPole-v1,"CP-ppo-ac-NN(6,6)-(lr=1.0e-5)-(86-params)",classic_NN_6-6,40
19.0,19,439004,CartPole-v1,"CP-ppo-ac-NN(6,6)-(lr=1.0e-5)-(86-params)",classic_NN_6-6,40
29.0,29,439016,CartPole-v1,"CP-ppo-ac-NN(6,6)-(lr=1.0e-5)-(86-params)",classic_NN_6-6,40
24.0,24,439100,CartPole-v1,"CP-ppo-ac-NN(6,6)-(lr=1.0e-5)-(86-params)",classic_NN_6-6,40
46.0,46,439148,CartPole-v1,"CP-ppo-ac-NN(6,6)-(lr=1.0e-5)-(86-params)",classic_NN_6-6,40
18.0,18,439172,CartPole-v1,"CP-ppo-ac-NN(6,6)-(lr=1.0e-5)-(86-params)",classic_NN_6-6,40
61.0,61,439232,CartPole-v1,"CP-ppo-ac-NN(6,6)-(lr=1.0e-5)-(86-params)",classic_NN_6-6,40
27.0,27,439280,CartPole-v1,"CP-ppo-ac-NN(6,6)-(lr=1.0e-5)-(86-params)",classic_NN_6-6,40
39.0,39,439304,CartPole-v1,"CP-ppo-ac-NN(6,6)-(lr=1.0e-5)-(86-params)",classic_NN_6-6,40
13.0,13,439332,CartPole-v1,"CP-ppo-ac-NN(6,6)-(lr=1.0e-5)-(86-params)",classic_NN_6-6,40
28.0,28,439344,CartPole-v1,"CP-ppo-ac-NN(6,6)-(lr=1.0e-5)-(86-params)",classic_NN_6-6,40
18.0,18,439404,CartPole-v1,"CP-ppo-ac-NN(6,6)-(lr=1.0e-5)-(86-params)",classic_NN_6-6,40
109.0,109,439452,CartPole-v1,"CP-ppo-ac-NN(6,6)-(lr=1.0e-5)-(86-params)",classic_NN_6-6,40
16.0,16,439468,CartPole-v1,"CP-ppo-ac-NN(6,6)-(lr=1.0e-5)-(86-params)",classic_NN_6-6,40
45.0,45,439484,CartPole-v1,"CP-ppo-ac-NN(6,6)-(lr=1.0e-5)-(86-params)",classic_NN_6-6,40
28.0,28,439564,CartPole-v1,"CP-ppo-ac-NN(6,6)-(lr=1.0e-5)-(86-params)",classic_NN_6-6,40
66.0,66,439608,CartPole-v1,"CP-ppo-ac-NN(6,6)-(lr=1.0e-5)-(86-params)",classic_NN_6-6,40
58.0,58,439700,CartPole-v1,"CP-ppo-ac-NN(6,6)-(lr=1.0e-5)-(86-params)",classic_NN_6-6,40
55.0,55,439704,CartPole-v1,"CP-ppo-ac-NN(6,6)-(lr=1.0e-5)-(86-params)",classic_NN_6-6,40
31.0,31,439732,CartPole-v1,"CP-ppo-ac-NN(6,6)-(lr=1.0e-5)-(86-params)",classic_NN_6-6,40
46.0,46,439748,CartPole-v1,"CP-ppo-ac-NN(6,6)-(lr=1.0e-5)-(86-params)",classic_NN_6-6,40
15.0,15,439792,CartPole-v1,"CP-ppo-ac-NN(6,6)-(lr=1.0e-5)-(86-params)",classic_NN_6-6,40
36.0,36,439844,CartPole-v1,"CP-ppo-ac-NN(6,6)-(lr=1.0e-5)-(86-params)",classic_NN_6-6,40
41.0,41,439912,CartPole-v1,"CP-ppo-ac-NN(6,6)-(lr=1.0e-5)-(86-params)",classic_NN_6-6,40
56.0,56,439928,CartPole-v1,"CP-ppo-ac-NN(6,6)-(lr=1.0e-5)-(86-params)",classic_NN_6-6,40
34.0,34,439928,CartPole-v1,"CP-ppo-ac-NN(6,6)-(lr=1.0e-5)-(86-params)",classic_NN_6-6,40
23.0,23,439936,CartPole-v1,"CP-ppo-ac-NN(6,6)-(lr=1.0e-5)-(86-params)",classic_NN_6-6,40
49.0,49,440108,CartPole-v1,"CP-ppo-ac-NN(6,6)-(lr=1.0e-5)-(86-params)",classic_NN_6-6,40
58.0,58,440160,CartPole-v1,"CP-ppo-ac-NN(6,6)-(lr=1.0e-5)-(86-params)",classic_NN_6-6,40
60.0,60,440168,CartPole-v1,"CP-ppo-ac-NN(6,6)-(lr=1.0e-5)-(86-params)",classic_NN_6-6,40
65.0,65,440196,CartPole-v1,"CP-ppo-ac-NN(6,6)-(lr=1.0e-5)-(86-params)",classic_NN_6-6,40
23.0,23,440200,CartPole-v1,"CP-ppo-ac-NN(6,6)-(lr=1.0e-5)-(86-params)",classic_NN_6-6,40
21.0,21,440252,CartPole-v1,"CP-ppo-ac-NN(6,6)-(lr=1.0e-5)-(86-params)",classic_NN_6-6,40
41.0,41,440324,CartPole-v1,"CP-ppo-ac-NN(6,6)-(lr=1.0e-5)-(86-params)",classic_NN_6-6,40
36.0,36,440344,CartPole-v1,"CP-ppo-ac-NN(6,6)-(lr=1.0e-5)-(86-params)",classic_NN_6-6,40
39.0,39,440352,CartPole-v1,"CP-ppo-ac-NN(6,6)-(lr=1.0e-5)-(86-params)",classic_NN_6-6,40
27.0,27,440360,CartPole-v1,"CP-ppo-ac-NN(6,6)-(lr=1.0e-5)-(86-params)",classic_NN_6-6,40
18.0,18,440424,CartPole-v1,"CP-ppo-ac-NN(6,6)-(lr=1.0e-5)-(86-params)",classic_NN_6-6,40
36.0,36,440468,CartPole-v1,"CP-ppo-ac-NN(6,6)-(lr=1.0e-5)-(86-params)",classic_NN_6-6,40
46.0,46,440544,CartPole-v1,"CP-ppo-ac-NN(6,6)-(lr=1.0e-5)-(86-params)",classic_NN_6-6,40
49.0,49,440620,CartPole-v1,"CP-ppo-ac-NN(6,6)-(lr=1.0e-5)-(86-params)",classic_NN_6-6,40
24.0,24,440640,CartPole-v1,"CP-ppo-ac-NN(6,6)-(lr=1.0e-5)-(86-params)",classic_NN_6-6,40
43.0,43,440640,CartPole-v1,"CP-ppo-ac-NN(6,6)-(lr=1.0e-5)-(86-params)",classic_NN_6-6,40
80.0,80,440664,CartPole-v1,"CP-ppo-ac-NN(6,6)-(lr=1.0e-5)-(86-params)",classic_NN_6-6,40
32.0,32,440748,CartPole-v1,"CP-ppo-ac-NN(6,6)-(lr=1.0e-5)-(86-params)",classic_NN_6-6,40
42.0,42,440808,CartPole-v1,"CP-ppo-ac-NN(6,6)-(lr=1.0e-5)-(86-params)",classic_NN_6-6,40
50.0,50,440864,CartPole-v1,"CP-ppo-ac-NN(6,6)-(lr=1.0e-5)-(86-params)",classic_NN_6-6,40
59.0,59,440876,CartPole-v1,"CP-ppo-ac-NN(6,6)-(lr=1.0e-5)-(86-params)",classic_NN_6-6,40
17.0,17,440944,CartPole-v1,"CP-ppo-ac-NN(6,6)-(lr=1.0e-5)-(86-params)",classic_NN_6-6,40
50.0,50,440948,CartPole-v1,"CP-ppo-ac-NN(6,6)-(lr=1.0e-5)-(86-params)",classic_NN_6-6,40
51.0,51,441068,CartPole-v1,"CP-ppo-ac-NN(6,6)-(lr=1.0e-5)-(86-params)",classic_NN_6-6,40
75.0,75,441108,CartPole-v1,"CP-ppo-ac-NN(6,6)-(lr=1.0e-5)-(86-params)",classic_NN_6-6,40
49.0,49,441144,CartPole-v1,"CP-ppo-ac-NN(6,6)-(lr=1.0e-5)-(86-params)",classic_NN_6-6,40
30.0,30,441188,CartPole-v1,"CP-ppo-ac-NN(6,6)-(lr=1.0e-5)-(86-params)",classic_NN_6-6,40
32.0,32,441236,CartPole-v1,"CP-ppo-ac-NN(6,6)-(lr=1.0e-5)-(86-params)",classic_NN_6-6,40
13.0,13,441240,CartPole-v1,"CP-ppo-ac-NN(6,6)-(lr=1.0e-5)-(86-params)",classic_NN_6-6,40
10.0,10,441280,CartPole-v1,"CP-ppo-ac-NN(6,6)-(lr=1.0e-5)-(86-params)",classic_NN_6-6,40
18.0,18,441308,CartPole-v1,"CP-ppo-ac-NN(6,6)-(lr=1.0e-5)-(86-params)",classic_NN_6-6,40
92.0,92,441312,CartPole-v1,"CP-ppo-ac-NN(6,6)-(lr=1.0e-5)-(86-params)",classic_NN_6-6,40
18.0,18,441352,CartPole-v1,"CP-ppo-ac-NN(6,6)-(lr=1.0e-5)-(86-params)",classic_NN_6-6,40
19.0,19,441388,CartPole-v1,"CP-ppo-ac-NN(6,6)-(lr=1.0e-5)-(86-params)",classic_NN_6-6,40
22.0,22,441440,CartPole-v1,"CP-ppo-ac-NN(6,6)-(lr=1.0e-5)-(86-params)",classic_NN_6-6,40
75.0,75,441444,CartPole-v1,"CP-ppo-ac-NN(6,6)-(lr=1.0e-5)-(86-params)",classic_NN_6-6,40
38.0,38,441460,CartPole-v1,"CP-ppo-ac-NN(6,6)-(lr=1.0e-5)-(86-params)",classic_NN_6-6,40
31.0,31,441512,CartPole-v1,"CP-ppo-ac-NN(6,6)-(lr=1.0e-5)-(86-params)",classic_NN_6-6,40
26.0,26,441544,CartPole-v1,"CP-ppo-ac-NN(6,6)-(lr=1.0e-5)-(86-params)",classic_NN_6-6,40
10.0,10,441552,CartPole-v1,"CP-ppo-ac-NN(6,6)-(lr=1.0e-5)-(86-params)",classic_NN_6-6,40
32.0,32,441572,CartPole-v1,"CP-ppo-ac-NN(6,6)-(lr=1.0e-5)-(86-params)",classic_NN_6-6,40
22.0,22,441660,CartPole-v1,"CP-ppo-ac-NN(6,6)-(lr=1.0e-5)-(86-params)",classic_NN_6-6,40
61.0,61,441704,CartPole-v1,"CP-ppo-ac-NN(6,6)-(lr=1.0e-5)-(86-params)",classic_NN_6-6,40
24.0,24,441800,CartPole-v1,"CP-ppo-ac-NN(6,6)-(lr=1.0e-5)-(86-params)",classic_NN_6-6,40
68.0,68,441816,CartPole-v1,"CP-ppo-ac-NN(6,6)-(lr=1.0e-5)-(86-params)",classic_NN_6-6,40
74.0,74,441848,CartPole-v1,"CP-ppo-ac-NN(6,6)-(lr=1.0e-5)-(86-params)",classic_NN_6-6,40
50.0,50,441860,CartPole-v1,"CP-ppo-ac-NN(6,6)-(lr=1.0e-5)-(86-params)",classic_NN_6-6,40
21.0,21,441884,CartPole-v1,"CP-ppo-ac-NN(6,6)-(lr=1.0e-5)-(86-params)",classic_NN_6-6,40
30.0,30,441936,CartPole-v1,"CP-ppo-ac-NN(6,6)-(lr=1.0e-5)-(86-params)",classic_NN_6-6,40
25.0,25,441960,CartPole-v1,"CP-ppo-ac-NN(6,6)-(lr=1.0e-5)-(86-params)",classic_NN_6-6,40
16.0,16,442024,CartPole-v1,"CP-ppo-ac-NN(6,6)-(lr=1.0e-5)-(86-params)",classic_NN_6-6,40
48.0,48,442076,CartPole-v1,"CP-ppo-ac-NN(6,6)-(lr=1.0e-5)-(86-params)",classic_NN_6-6,40
16.0,16,442088,CartPole-v1,"CP-ppo-ac-NN(6,6)-(lr=1.0e-5)-(86-params)",classic_NN_6-6,40
35.0,35,442228,CartPole-v1,"CP-ppo-ac-NN(6,6)-(lr=1.0e-5)-(86-params)",classic_NN_6-6,40
105.0,105,442268,CartPole-v1,"CP-ppo-ac-NN(6,6)-(lr=1.0e-5)-(86-params)",classic_NN_6-6,40
89.0,89,442292,CartPole-v1,"CP-ppo-ac-NN(6,6)-(lr=1.0e-5)-(86-params)",classic_NN_6-6,40
19.0,19,442304,CartPole-v1,"CP-ppo-ac-NN(6,6)-(lr=1.0e-5)-(86-params)",classic_NN_6-6,40
17.0,17,442336,CartPole-v1,"CP-ppo-ac-NN(6,6)-(lr=1.0e-5)-(86-params)",classic_NN_6-6,40
82.0,82,442404,CartPole-v1,"CP-ppo-ac-NN(6,6)-(lr=1.0e-5)-(86-params)",classic_NN_6-6,40
33.0,33,442436,CartPole-v1,"CP-ppo-ac-NN(6,6)-(lr=1.0e-5)-(86-params)",classic_NN_6-6,40
37.0,37,442484,CartPole-v1,"CP-ppo-ac-NN(6,6)-(lr=1.0e-5)-(86-params)",classic_NN_6-6,40
53.0,53,442504,CartPole-v1,"CP-ppo-ac-NN(6,6)-(lr=1.0e-5)-(86-params)",classic_NN_6-6,40
33.0,33,442536,CartPole-v1,"CP-ppo-ac-NN(6,6)-(lr=1.0e-5)-(86-params)",classic_NN_6-6,40
24.0,24,442580,CartPole-v1,"CP-ppo-ac-NN(6,6)-(lr=1.0e-5)-(86-params)",classic_NN_6-6,40
21.0,21,442588,CartPole-v1,"CP-ppo-ac-NN(6,6)-(lr=1.0e-5)-(86-params)",classic_NN_6-6,40
19.0,19,442612,CartPole-v1,"CP-ppo-ac-NN(6,6)-(lr=1.0e-5)-(86-params)",classic_NN_6-6,40
21.0,21,442664,CartPole-v1,"CP-ppo-ac-NN(6,6)-(lr=1.0e-5)-(86-params)",classic_NN_6-6,40
15.0,15,442672,CartPole-v1,"CP-ppo-ac-NN(6,6)-(lr=1.0e-5)-(86-params)",classic_NN_6-6,40
21.0,21,442672,CartPole-v1,"CP-ppo-ac-NN(6,6)-(lr=1.0e-5)-(86-params)",classic_NN_6-6,40
75.0,75,442736,CartPole-v1,"CP-ppo-ac-NN(6,6)-(lr=1.0e-5)-(86-params)",classic_NN_6-6,40
12.0,12,442784,CartPole-v1,"CP-ppo-ac-NN(6,6)-(lr=1.0e-5)-(86-params)",classic_NN_6-6,40
36.0,36,442816,CartPole-v1,"CP-ppo-ac-NN(6,6)-(lr=1.0e-5)-(86-params)",classic_NN_6-6,40
16.0,16,442880,CartPole-v1,"CP-ppo-ac-NN(6,6)-(lr=1.0e-5)-(86-params)",classic_NN_6-6,40
80.0,80,442992,CartPole-v1,"CP-ppo-ac-NN(6,6)-(lr=1.0e-5)-(86-params)",classic_NN_6-6,40
14.0,14,443048,CartPole-v1,"CP-ppo-ac-NN(6,6)-(lr=1.0e-5)-(86-params)",classic_NN_6-6,40
102.0,102,443072,CartPole-v1,"CP-ppo-ac-NN(6,6)-(lr=1.0e-5)-(86-params)",classic_NN_6-6,40
75.0,75,443084,CartPole-v1,"CP-ppo-ac-NN(6,6)-(lr=1.0e-5)-(86-params)",classic_NN_6-6,40
60.0,60,443120,CartPole-v1,"CP-ppo-ac-NN(6,6)-(lr=1.0e-5)-(86-params)",classic_NN_6-6,40
22.0,22,443136,CartPole-v1,"CP-ppo-ac-NN(6,6)-(lr=1.0e-5)-(86-params)",classic_NN_6-6,40
30.0,30,443192,CartPole-v1,"CP-ppo-ac-NN(6,6)-(lr=1.0e-5)-(86-params)",classic_NN_6-6,40
27.0,27,443192,CartPole-v1,"CP-ppo-ac-NN(6,6)-(lr=1.0e-5)-(86-params)",classic_NN_6-6,40
21.0,21,443276,CartPole-v1,"CP-ppo-ac-NN(6,6)-(lr=1.0e-5)-(86-params)",classic_NN_6-6,40
60.0,60,443360,CartPole-v1,"CP-ppo-ac-NN(6,6)-(lr=1.0e-5)-(86-params)",classic_NN_6-6,40
58.0,58,443368,CartPole-v1,"CP-ppo-ac-NN(6,6)-(lr=1.0e-5)-(86-params)",classic_NN_6-6,40
26.0,26,443380,CartPole-v1,"CP-ppo-ac-NN(6,6)-(lr=1.0e-5)-(86-params)",classic_NN_6-6,40
15.0,15,443428,CartPole-v1,"CP-ppo-ac-NN(6,6)-(lr=1.0e-5)-(86-params)",classic_NN_6-6,40
59.0,59,443428,CartPole-v1,"CP-ppo-ac-NN(6,6)-(lr=1.0e-5)-(86-params)",classic_NN_6-6,40
26.0,26,443464,CartPole-v1,"CP-ppo-ac-NN(6,6)-(lr=1.0e-5)-(86-params)",classic_NN_6-6,40
25.0,25,443480,CartPole-v1,"CP-ppo-ac-NN(6,6)-(lr=1.0e-5)-(86-params)",classic_NN_6-6,40
47.0,47,443668,CartPole-v1,"CP-ppo-ac-NN(6,6)-(lr=1.0e-5)-(86-params)",classic_NN_6-6,40
72.0,72,443716,CartPole-v1,"CP-ppo-ac-NN(6,6)-(lr=1.0e-5)-(86-params)",classic_NN_6-6,40
19.0,19,443744,CartPole-v1,"CP-ppo-ac-NN(6,6)-(lr=1.0e-5)-(86-params)",classic_NN_6-6,40
71.0,71,443748,CartPole-v1,"CP-ppo-ac-NN(6,6)-(lr=1.0e-5)-(86-params)",classic_NN_6-6,40
83.0,83,443760,CartPole-v1,"CP-ppo-ac-NN(6,6)-(lr=1.0e-5)-(86-params)",classic_NN_6-6,40
12.0,12,443796,CartPole-v1,"CP-ppo-ac-NN(6,6)-(lr=1.0e-5)-(86-params)",classic_NN_6-6,40
31.0,31,443868,CartPole-v1,"CP-ppo-ac-NN(6,6)-(lr=1.0e-5)-(86-params)",classic_NN_6-6,40
28.0,28,443872,CartPole-v1,"CP-ppo-ac-NN(6,6)-(lr=1.0e-5)-(86-params)",classic_NN_6-6,40
50.0,50,443996,CartPole-v1,"CP-ppo-ac-NN(6,6)-(lr=1.0e-5)-(86-params)",classic_NN_6-6,40
34.0,34,444004,CartPole-v1,"CP-ppo-ac-NN(6,6)-(lr=1.0e-5)-(86-params)",classic_NN_6-6,40
35.0,35,444012,CartPole-v1,"CP-ppo-ac-NN(6,6)-(lr=1.0e-5)-(86-params)",classic_NN_6-6,40
24.0,24,444108,CartPole-v1,"CP-ppo-ac-NN(6,6)-(lr=1.0e-5)-(86-params)",classic_NN_6-6,40
105.0,105,444136,CartPole-v1,"CP-ppo-ac-NN(6,6)-(lr=1.0e-5)-(86-params)",classic_NN_6-6,40
38.0,38,444156,CartPole-v1,"CP-ppo-ac-NN(6,6)-(lr=1.0e-5)-(86-params)",classic_NN_6-6,40
42.0,42,444164,CartPole-v1,"CP-ppo-ac-NN(6,6)-(lr=1.0e-5)-(86-params)",classic_NN_6-6,40
21.0,21,444220,CartPole-v1,"CP-ppo-ac-NN(6,6)-(lr=1.0e-5)-(86-params)",classic_NN_6-6,40
42.0,42,444332,CartPole-v1,"CP-ppo-ac-NN(6,6)-(lr=1.0e-5)-(86-params)",classic_NN_6-6,40
49.0,49,444352,CartPole-v1,"CP-ppo-ac-NN(6,6)-(lr=1.0e-5)-(86-params)",classic_NN_6-6,40
69.0,69,444384,CartPole-v1,"CP-ppo-ac-NN(6,6)-(lr=1.0e-5)-(86-params)",classic_NN_6-6,40
48.0,48,444412,CartPole-v1,"CP-ppo-ac-NN(6,6)-(lr=1.0e-5)-(86-params)",classic_NN_6-6,40
16.0,16,444416,CartPole-v1,"CP-ppo-ac-NN(6,6)-(lr=1.0e-5)-(86-params)",classic_NN_6-6,40
24.0,24,444428,CartPole-v1,"CP-ppo-ac-NN(6,6)-(lr=1.0e-5)-(86-params)",classic_NN_6-6,40
14.0,14,444440,CartPole-v1,"CP-ppo-ac-NN(6,6)-(lr=1.0e-5)-(86-params)",classic_NN_6-6,40
14.0,14,444472,CartPole-v1,"CP-ppo-ac-NN(6,6)-(lr=1.0e-5)-(86-params)",classic_NN_6-6,40
27.0,27,444548,CartPole-v1,"CP-ppo-ac-NN(6,6)-(lr=1.0e-5)-(86-params)",classic_NN_6-6,40
32.0,32,444556,CartPole-v1,"CP-ppo-ac-NN(6,6)-(lr=1.0e-5)-(86-params)",classic_NN_6-6,40
47.0,47,444600,CartPole-v1,"CP-ppo-ac-NN(6,6)-(lr=1.0e-5)-(86-params)",classic_NN_6-6,40
24.0,24,444644,CartPole-v1,"CP-ppo-ac-NN(6,6)-(lr=1.0e-5)-(86-params)",classic_NN_6-6,40
57.0,57,444700,CartPole-v1,"CP-ppo-ac-NN(6,6)-(lr=1.0e-5)-(86-params)",classic_NN_6-6,40
47.0,47,444744,CartPole-v1,"CP-ppo-ac-NN(6,6)-(lr=1.0e-5)-(86-params)",classic_NN_6-6,40
39.0,39,444800,CartPole-v1,"CP-ppo-ac-NN(6,6)-(lr=1.0e-5)-(86-params)",classic_NN_6-6,40
19.0,19,444876,CartPole-v1,"CP-ppo-ac-NN(6,6)-(lr=1.0e-5)-(86-params)",classic_NN_6-6,40
77.0,77,444908,CartPole-v1,"CP-ppo-ac-NN(6,6)-(lr=1.0e-5)-(86-params)",classic_NN_6-6,40
43.0,43,444916,CartPole-v1,"CP-ppo-ac-NN(6,6)-(lr=1.0e-5)-(86-params)",classic_NN_6-6,40
21.0,21,444992,CartPole-v1,"CP-ppo-ac-NN(6,6)-(lr=1.0e-5)-(86-params)",classic_NN_6-6,40
33.0,33,445008,CartPole-v1,"CP-ppo-ac-NN(6,6)-(lr=1.0e-5)-(86-params)",classic_NN_6-6,40
94.0,94,445076,CartPole-v1,"CP-ppo-ac-NN(6,6)-(lr=1.0e-5)-(86-params)",classic_NN_6-6,40
43.0,43,445164,CartPole-v1,"CP-ppo-ac-NN(6,6)-(lr=1.0e-5)-(86-params)",classic_NN_6-6,40
64.0,64,445172,CartPole-v1,"CP-ppo-ac-NN(6,6)-(lr=1.0e-5)-(86-params)",classic_NN_6-6,40
45.0,45,445188,CartPole-v1,"CP-ppo-ac-NN(6,6)-(lr=1.0e-5)-(86-params)",classic_NN_6-6,40
31.0,31,445200,CartPole-v1,"CP-ppo-ac-NN(6,6)-(lr=1.0e-5)-(86-params)",classic_NN_6-6,40
13.0,13,445224,CartPole-v1,"CP-ppo-ac-NN(6,6)-(lr=1.0e-5)-(86-params)",classic_NN_6-6,40
9.0,9,445236,CartPole-v1,"CP-ppo-ac-NN(6,6)-(lr=1.0e-5)-(86-params)",classic_NN_6-6,40
38.0,38,445316,CartPole-v1,"CP-ppo-ac-NN(6,6)-(lr=1.0e-5)-(86-params)",classic_NN_6-6,40
32.0,32,445364,CartPole-v1,"CP-ppo-ac-NN(6,6)-(lr=1.0e-5)-(86-params)",classic_NN_6-6,40
37.0,37,445372,CartPole-v1,"CP-ppo-ac-NN(6,6)-(lr=1.0e-5)-(86-params)",classic_NN_6-6,40
34.0,34,445452,CartPole-v1,"CP-ppo-ac-NN(6,6)-(lr=1.0e-5)-(86-params)",classic_NN_6-6,40
38.0,38,445516,CartPole-v1,"CP-ppo-ac-NN(6,6)-(lr=1.0e-5)-(86-params)",classic_NN_6-6,40
97.0,97,445576,CartPole-v1,"CP-ppo-ac-NN(6,6)-(lr=1.0e-5)-(86-params)",classic_NN_6-6,40
33.0,33,445584,CartPole-v1,"CP-ppo-ac-NN(6,6)-(lr=1.0e-5)-(86-params)",classic_NN_6-6,40
37.0,37,445664,CartPole-v1,"CP-ppo-ac-NN(6,6)-(lr=1.0e-5)-(86-params)",classic_NN_6-6,40
88.0,88,445724,CartPole-v1,"CP-ppo-ac-NN(6,6)-(lr=1.0e-5)-(86-params)",classic_NN_6-6,40
15.0,15,445724,CartPole-v1,"CP-ppo-ac-NN(6,6)-(lr=1.0e-5)-(86-params)",classic_NN_6-6,40
70.0,70,445856,CartPole-v1,"CP-ppo-ac-NN(6,6)-(lr=1.0e-5)-(86-params)",classic_NN_6-6,40
41.0,41,445888,CartPole-v1,"CP-ppo-ac-NN(6,6)-(lr=1.0e-5)-(86-params)",classic_NN_6-6,40
42.0,42,445892,CartPole-v1,"CP-ppo-ac-NN(6,6)-(lr=1.0e-5)-(86-params)",classic_NN_6-6,40
96.0,96,445968,CartPole-v1,"CP-ppo-ac-NN(6,6)-(lr=1.0e-5)-(86-params)",classic_NN_6-6,40
32.0,32,446020,CartPole-v1,"CP-ppo-ac-NN(6,6)-(lr=1.0e-5)-(86-params)",classic_NN_6-6,40
34.0,34,446024,CartPole-v1,"CP-ppo-ac-NN(6,6)-(lr=1.0e-5)-(86-params)",classic_NN_6-6,40
44.0,44,446032,CartPole-v1,"CP-ppo-ac-NN(6,6)-(lr=1.0e-5)-(86-params)",classic_NN_6-6,40
33.0,33,446100,CartPole-v1,"CP-ppo-ac-NN(6,6)-(lr=1.0e-5)-(86-params)",classic_NN_6-6,40
23.0,23,446112,CartPole-v1,"CP-ppo-ac-NN(6,6)-(lr=1.0e-5)-(86-params)",classic_NN_6-6,40
32.0,32,446152,CartPole-v1,"CP-ppo-ac-NN(6,6)-(lr=1.0e-5)-(86-params)",classic_NN_6-6,40
38.0,38,446184,CartPole-v1,"CP-ppo-ac-NN(6,6)-(lr=1.0e-5)-(86-params)",classic_NN_6-6,40
40.0,40,446260,CartPole-v1,"CP-ppo-ac-NN(6,6)-(lr=1.0e-5)-(86-params)",classic_NN_6-6,40
30.0,30,446272,CartPole-v1,"CP-ppo-ac-NN(6,6)-(lr=1.0e-5)-(86-params)",classic_NN_6-6,40
23.0,23,446276,CartPole-v1,"CP-ppo-ac-NN(6,6)-(lr=1.0e-5)-(86-params)",classic_NN_6-6,40
70.0,70,446392,CartPole-v1,"CP-ppo-ac-NN(6,6)-(lr=1.0e-5)-(86-params)",classic_NN_6-6,40
38.0,38,446424,CartPole-v1,"CP-ppo-ac-NN(6,6)-(lr=1.0e-5)-(86-params)",classic_NN_6-6,40
46.0,46,446444,CartPole-v1,"CP-ppo-ac-NN(6,6)-(lr=1.0e-5)-(86-params)",classic_NN_6-6,40
17.0,17,446460,CartPole-v1,"CP-ppo-ac-NN(6,6)-(lr=1.0e-5)-(86-params)",classic_NN_6-6,40
47.0,47,446464,CartPole-v1,"CP-ppo-ac-NN(6,6)-(lr=1.0e-5)-(86-params)",classic_NN_6-6,40
16.0,16,446508,CartPole-v1,"CP-ppo-ac-NN(6,6)-(lr=1.0e-5)-(86-params)",classic_NN_6-6,40
33.0,33,446556,CartPole-v1,"CP-ppo-ac-NN(6,6)-(lr=1.0e-5)-(86-params)",classic_NN_6-6,40
33.0,33,446592,CartPole-v1,"CP-ppo-ac-NN(6,6)-(lr=1.0e-5)-(86-params)",classic_NN_6-6,40
34.0,34,446600,CartPole-v1,"CP-ppo-ac-NN(6,6)-(lr=1.0e-5)-(86-params)",classic_NN_6-6,40
29.0,29,446624,CartPole-v1,"CP-ppo-ac-NN(6,6)-(lr=1.0e-5)-(86-params)",classic_NN_6-6,40
16.0,16,446664,CartPole-v1,"CP-ppo-ac-NN(6,6)-(lr=1.0e-5)-(86-params)",classic_NN_6-6,40
41.0,41,446720,CartPole-v1,"CP-ppo-ac-NN(6,6)-(lr=1.0e-5)-(86-params)",classic_NN_6-6,40
25.0,25,446764,CartPole-v1,"CP-ppo-ac-NN(6,6)-(lr=1.0e-5)-(86-params)",classic_NN_6-6,40
29.0,29,446836,CartPole-v1,"CP-ppo-ac-NN(6,6)-(lr=1.0e-5)-(86-params)",classic_NN_6-6,40
67.0,67,446860,CartPole-v1,"CP-ppo-ac-NN(6,6)-(lr=1.0e-5)-(86-params)",classic_NN_6-6,40
66.0,66,446888,CartPole-v1,"CP-ppo-ac-NN(6,6)-(lr=1.0e-5)-(86-params)",classic_NN_6-6,40
34.0,34,446900,CartPole-v1,"CP-ppo-ac-NN(6,6)-(lr=1.0e-5)-(86-params)",classic_NN_6-6,40
33.0,33,446992,CartPole-v1,"CP-ppo-ac-NN(6,6)-(lr=1.0e-5)-(86-params)",classic_NN_6-6,40
38.0,38,447040,CartPole-v1,"CP-ppo-ac-NN(6,6)-(lr=1.0e-5)-(86-params)",classic_NN_6-6,40
39.0,39,447056,CartPole-v1,"CP-ppo-ac-NN(6,6)-(lr=1.0e-5)-(86-params)",classic_NN_6-6,40
70.0,70,447116,CartPole-v1,"CP-ppo-ac-NN(6,6)-(lr=1.0e-5)-(86-params)",classic_NN_6-6,40
37.0,37,447140,CartPole-v1,"CP-ppo-ac-NN(6,6)-(lr=1.0e-5)-(86-params)",classic_NN_6-6,40
31.0,31,447164,CartPole-v1,"CP-ppo-ac-NN(6,6)-(lr=1.0e-5)-(86-params)",classic_NN_6-6,40
20.0,20,447244,CartPole-v1,"CP-ppo-ac-NN(6,6)-(lr=1.0e-5)-(86-params)",classic_NN_6-6,40
55.0,55,447336,CartPole-v1,"CP-ppo-ac-NN(6,6)-(lr=1.0e-5)-(86-params)",classic_NN_6-6,40
58.0,58,447372,CartPole-v1,"CP-ppo-ac-NN(6,6)-(lr=1.0e-5)-(86-params)",classic_NN_6-6,40
39.0,39,447400,CartPole-v1,"CP-ppo-ac-NN(6,6)-(lr=1.0e-5)-(86-params)",classic_NN_6-6,40
12.0,12,447420,CartPole-v1,"CP-ppo-ac-NN(6,6)-(lr=1.0e-5)-(86-params)",classic_NN_6-6,40
25.0,25,447500,CartPole-v1,"CP-ppo-ac-NN(6,6)-(lr=1.0e-5)-(86-params)",classic_NN_6-6,40
42.0,42,447504,CartPole-v1,"CP-ppo-ac-NN(6,6)-(lr=1.0e-5)-(86-params)",classic_NN_6-6,40
128.0,128,447568,CartPole-v1,"CP-ppo-ac-NN(6,6)-(lr=1.0e-5)-(86-params)",classic_NN_6-6,40
21.0,21,447588,CartPole-v1,"CP-ppo-ac-NN(6,6)-(lr=1.0e-5)-(86-params)",classic_NN_6-6,40
25.0,25,447600,CartPole-v1,"CP-ppo-ac-NN(6,6)-(lr=1.0e-5)-(86-params)",classic_NN_6-6,40
53.0,53,447632,CartPole-v1,"CP-ppo-ac-NN(6,6)-(lr=1.0e-5)-(86-params)",classic_NN_6-6,40
31.0,31,447712,CartPole-v1,"CP-ppo-ac-NN(6,6)-(lr=1.0e-5)-(86-params)",classic_NN_6-6,40
28.0,28,447744,CartPole-v1,"CP-ppo-ac-NN(6,6)-(lr=1.0e-5)-(86-params)",classic_NN_6-6,40
23.0,23,447804,CartPole-v1,"CP-ppo-ac-NN(6,6)-(lr=1.0e-5)-(86-params)",classic_NN_6-6,40
20.0,20,447824,CartPole-v1,"CP-ppo-ac-NN(6,6)-(lr=1.0e-5)-(86-params)",classic_NN_6-6,40
66.0,66,447864,CartPole-v1,"CP-ppo-ac-NN(6,6)-(lr=1.0e-5)-(86-params)",classic_NN_6-6,40
27.0,27,447912,CartPole-v1,"CP-ppo-ac-NN(6,6)-(lr=1.0e-5)-(86-params)",classic_NN_6-6,40
38.0,38,447976,CartPole-v1,"CP-ppo-ac-NN(6,6)-(lr=1.0e-5)-(86-params)",classic_NN_6-6,40
105.0,105,447988,CartPole-v1,"CP-ppo-ac-NN(6,6)-(lr=1.0e-5)-(86-params)",classic_NN_6-6,40
33.0,33,447996,CartPole-v1,"CP-ppo-ac-NN(6,6)-(lr=1.0e-5)-(86-params)",classic_NN_6-6,40
27.0,27,448104,CartPole-v1,"CP-ppo-ac-NN(6,6)-(lr=1.0e-5)-(86-params)",classic_NN_6-6,40
55.0,55,448132,CartPole-v1,"CP-ppo-ac-NN(6,6)-(lr=1.0e-5)-(86-params)",classic_NN_6-6,40
45.0,45,448156,CartPole-v1,"CP-ppo-ac-NN(6,6)-(lr=1.0e-5)-(86-params)",classic_NN_6-6,40
45.0,45,448168,CartPole-v1,"CP-ppo-ac-NN(6,6)-(lr=1.0e-5)-(86-params)",classic_NN_6-6,40
25.0,25,448204,CartPole-v1,"CP-ppo-ac-NN(6,6)-(lr=1.0e-5)-(86-params)",classic_NN_6-6,40
17.0,17,448272,CartPole-v1,"CP-ppo-ac-NN(6,6)-(lr=1.0e-5)-(86-params)",classic_NN_6-6,40
37.0,37,448316,CartPole-v1,"CP-ppo-ac-NN(6,6)-(lr=1.0e-5)-(86-params)",classic_NN_6-6,40
21.0,21,448400,CartPole-v1,"CP-ppo-ac-NN(6,6)-(lr=1.0e-5)-(86-params)",classic_NN_6-6,40
67.0,67,448400,CartPole-v1,"CP-ppo-ac-NN(6,6)-(lr=1.0e-5)-(86-params)",classic_NN_6-6,40
41.0,41,448436,CartPole-v1,"CP-ppo-ac-NN(6,6)-(lr=1.0e-5)-(86-params)",classic_NN_6-6,40
76.0,76,448460,CartPole-v1,"CP-ppo-ac-NN(6,6)-(lr=1.0e-5)-(86-params)",classic_NN_6-6,40
10.0,10,448476,CartPole-v1,"CP-ppo-ac-NN(6,6)-(lr=1.0e-5)-(86-params)",classic_NN_6-6,40
29.0,29,448516,CartPole-v1,"CP-ppo-ac-NN(6,6)-(lr=1.0e-5)-(86-params)",classic_NN_6-6,40
54.0,54,448616,CartPole-v1,"CP-ppo-ac-NN(6,6)-(lr=1.0e-5)-(86-params)",classic_NN_6-6,40
42.0,42,448644,CartPole-v1,"CP-ppo-ac-NN(6,6)-(lr=1.0e-5)-(86-params)",classic_NN_6-6,40
36.0,36,448660,CartPole-v1,"CP-ppo-ac-NN(6,6)-(lr=1.0e-5)-(86-params)",classic_NN_6-6,40
62.0,62,448708,CartPole-v1,"CP-ppo-ac-NN(6,6)-(lr=1.0e-5)-(86-params)",classic_NN_6-6,40
30.0,30,448736,CartPole-v1,"CP-ppo-ac-NN(6,6)-(lr=1.0e-5)-(86-params)",classic_NN_6-6,40
29.0,29,448760,CartPole-v1,"CP-ppo-ac-NN(6,6)-(lr=1.0e-5)-(86-params)",classic_NN_6-6,40
27.0,27,448768,CartPole-v1,"CP-ppo-ac-NN(6,6)-(lr=1.0e-5)-(86-params)",classic_NN_6-6,40
20.0,20,448840,CartPole-v1,"CP-ppo-ac-NN(6,6)-(lr=1.0e-5)-(86-params)",classic_NN_6-6,40
40.0,40,448868,CartPole-v1,"CP-ppo-ac-NN(6,6)-(lr=1.0e-5)-(86-params)",classic_NN_6-6,40
20.0,20,448920,CartPole-v1,"CP-ppo-ac-NN(6,6)-(lr=1.0e-5)-(86-params)",classic_NN_6-6,40
34.0,34,449004,CartPole-v1,"CP-ppo-ac-NN(6,6)-(lr=1.0e-5)-(86-params)",classic_NN_6-6,40
59.0,59,449004,CartPole-v1,"CP-ppo-ac-NN(6,6)-(lr=1.0e-5)-(86-params)",classic_NN_6-6,40
81.0,81,449060,CartPole-v1,"CP-ppo-ac-NN(6,6)-(lr=1.0e-5)-(86-params)",classic_NN_6-6,40
25.0,25,449104,CartPole-v1,"CP-ppo-ac-NN(6,6)-(lr=1.0e-5)-(86-params)",classic_NN_6-6,40
30.0,30,449124,CartPole-v1,"CP-ppo-ac-NN(6,6)-(lr=1.0e-5)-(86-params)",classic_NN_6-6,40
13.0,13,449156,CartPole-v1,"CP-ppo-ac-NN(6,6)-(lr=1.0e-5)-(86-params)",classic_NN_6-6,40
23.0,23,449216,CartPole-v1,"CP-ppo-ac-NN(6,6)-(lr=1.0e-5)-(86-params)",classic_NN_6-6,40
75.0,75,449220,CartPole-v1,"CP-ppo-ac-NN(6,6)-(lr=1.0e-5)-(86-params)",classic_NN_6-6,40
17.0,17,449224,CartPole-v1,"CP-ppo-ac-NN(6,6)-(lr=1.0e-5)-(86-params)",classic_NN_6-6,40
19.0,19,449292,CartPole-v1,"CP-ppo-ac-NN(6,6)-(lr=1.0e-5)-(86-params)",classic_NN_6-6,40
58.0,58,449292,CartPole-v1,"CP-ppo-ac-NN(6,6)-(lr=1.0e-5)-(86-params)",classic_NN_6-6,40
26.0,26,449328,CartPole-v1,"CP-ppo-ac-NN(6,6)-(lr=1.0e-5)-(86-params)",classic_NN_6-6,40
21.0,21,449376,CartPole-v1,"CP-ppo-ac-NN(6,6)-(lr=1.0e-5)-(86-params)",classic_NN_6-6,40
44.0,44,449396,CartPole-v1,"CP-ppo-ac-NN(6,6)-(lr=1.0e-5)-(86-params)",classic_NN_6-6,40
23.0,23,449468,CartPole-v1,"CP-ppo-ac-NN(6,6)-(lr=1.0e-5)-(86-params)",classic_NN_6-6,40
36.0,36,449472,CartPole-v1,"CP-ppo-ac-NN(6,6)-(lr=1.0e-5)-(86-params)",classic_NN_6-6,40
46.0,46,449476,CartPole-v1,"CP-ppo-ac-NN(6,6)-(lr=1.0e-5)-(86-params)",classic_NN_6-6,40
31.0,31,449520,CartPole-v1,"CP-ppo-ac-NN(6,6)-(lr=1.0e-5)-(86-params)",classic_NN_6-6,40
21.0,21,449560,CartPole-v1,"CP-ppo-ac-NN(6,6)-(lr=1.0e-5)-(86-params)",classic_NN_6-6,40
12.0,12,449568,CartPole-v1,"CP-ppo-ac-NN(6,6)-(lr=1.0e-5)-(86-params)",classic_NN_6-6,40
27.0,27,449576,CartPole-v1,"CP-ppo-ac-NN(6,6)-(lr=1.0e-5)-(86-params)",classic_NN_6-6,40
29.0,29,449588,CartPole-v1,"CP-ppo-ac-NN(6,6)-(lr=1.0e-5)-(86-params)",classic_NN_6-6,40
23.0,23,449668,CartPole-v1,"CP-ppo-ac-NN(6,6)-(lr=1.0e-5)-(86-params)",classic_NN_6-6,40
46.0,46,449772,CartPole-v1,"CP-ppo-ac-NN(6,6)-(lr=1.0e-5)-(86-params)",classic_NN_6-6,40
27.0,27,449776,CartPole-v1,"CP-ppo-ac-NN(6,6)-(lr=1.0e-5)-(86-params)",classic_NN_6-6,40
14.0,14,449832,CartPole-v1,"CP-ppo-ac-NN(6,6)-(lr=1.0e-5)-(86-params)",classic_NN_6-6,40
14.0,14,449888,CartPole-v1,"CP-ppo-ac-NN(6,6)-(lr=1.0e-5)-(86-params)",classic_NN_6-6,40
32.0,32,449900,CartPole-v1,"CP-ppo-ac-NN(6,6)-(lr=1.0e-5)-(86-params)",classic_NN_6-6,40
92.0,92,449928,CartPole-v1,"CP-ppo-ac-NN(6,6)-(lr=1.0e-5)-(86-params)",classic_NN_6-6,40
13.0,13,449940,CartPole-v1,"CP-ppo-ac-NN(6,6)-(lr=1.0e-5)-(86-params)",classic_NN_6-6,40
99.0,99,449964,CartPole-v1,"CP-ppo-ac-NN(6,6)-(lr=1.0e-5)-(86-params)",classic_NN_6-6,40
23.0,23,450020,CartPole-v1,"CP-ppo-ac-NN(6,6)-(lr=1.0e-5)-(86-params)",classic_NN_6-6,40
21.0,21,450024,CartPole-v1,"CP-ppo-ac-NN(6,6)-(lr=1.0e-5)-(86-params)",classic_NN_6-6,40
43.0,43,450136,CartPole-v1,"CP-ppo-ac-NN(6,6)-(lr=1.0e-5)-(86-params)",classic_NN_6-6,40
61.0,61,450144,CartPole-v1,"CP-ppo-ac-NN(6,6)-(lr=1.0e-5)-(86-params)",classic_NN_6-6,40
35.0,35,450160,CartPole-v1,"CP-ppo-ac-NN(6,6)-(lr=1.0e-5)-(86-params)",classic_NN_6-6,40
23.0,23,450236,CartPole-v1,"CP-ppo-ac-NN(6,6)-(lr=1.0e-5)-(86-params)",classic_NN_6-6,40
32.0,32,450288,CartPole-v1,"CP-ppo-ac-NN(6,6)-(lr=1.0e-5)-(86-params)",classic_NN_6-6,40
67.0,67,450292,CartPole-v1,"CP-ppo-ac-NN(6,6)-(lr=1.0e-5)-(86-params)",classic_NN_6-6,40
40.0,40,450296,CartPole-v1,"CP-ppo-ac-NN(6,6)-(lr=1.0e-5)-(86-params)",classic_NN_6-6,40
18.0,18,450364,CartPole-v1,"CP-ppo-ac-NN(6,6)-(lr=1.0e-5)-(86-params)",classic_NN_6-6,40
15.0,15,450424,CartPole-v1,"CP-ppo-ac-NN(6,6)-(lr=1.0e-5)-(86-params)",classic_NN_6-6,40
17.0,17,450492,CartPole-v1,"CP-ppo-ac-NN(6,6)-(lr=1.0e-5)-(86-params)",classic_NN_6-6,40
71.0,71,450520,CartPole-v1,"CP-ppo-ac-NN(6,6)-(lr=1.0e-5)-(86-params)",classic_NN_6-6,40
61.0,61,450540,CartPole-v1,"CP-ppo-ac-NN(6,6)-(lr=1.0e-5)-(86-params)",classic_NN_6-6,40
11.0,11,450564,CartPole-v1,"CP-ppo-ac-NN(6,6)-(lr=1.0e-5)-(86-params)",classic_NN_6-6,40
19.0,19,450640,CartPole-v1,"CP-ppo-ac-NN(6,6)-(lr=1.0e-5)-(86-params)",classic_NN_6-6,40
38.0,38,450644,CartPole-v1,"CP-ppo-ac-NN(6,6)-(lr=1.0e-5)-(86-params)",classic_NN_6-6,40
28.0,28,450652,CartPole-v1,"CP-ppo-ac-NN(6,6)-(lr=1.0e-5)-(86-params)",classic_NN_6-6,40
116.0,116,450752,CartPole-v1,"CP-ppo-ac-NN(6,6)-(lr=1.0e-5)-(86-params)",classic_NN_6-6,40
35.0,35,450780,CartPole-v1,"CP-ppo-ac-NN(6,6)-(lr=1.0e-5)-(86-params)",classic_NN_6-6,40
55.0,55,450872,CartPole-v1,"CP-ppo-ac-NN(6,6)-(lr=1.0e-5)-(86-params)",classic_NN_6-6,40
59.0,59,450880,CartPole-v1,"CP-ppo-ac-NN(6,6)-(lr=1.0e-5)-(86-params)",classic_NN_6-6,40
34.0,34,450916,CartPole-v1,"CP-ppo-ac-NN(6,6)-(lr=1.0e-5)-(86-params)",classic_NN_6-6,40
22.0,22,450960,CartPole-v1,"CP-ppo-ac-NN(6,6)-(lr=1.0e-5)-(86-params)",classic_NN_6-6,40
52.0,52,450960,CartPole-v1,"CP-ppo-ac-NN(6,6)-(lr=1.0e-5)-(86-params)",classic_NN_6-6,40
21.0,21,451000,CartPole-v1,"CP-ppo-ac-NN(6,6)-(lr=1.0e-5)-(86-params)",classic_NN_6-6,40
13.0,13,451012,CartPole-v1,"CP-ppo-ac-NN(6,6)-(lr=1.0e-5)-(86-params)",classic_NN_6-6,40
25.0,25,451100,CartPole-v1,"CP-ppo-ac-NN(6,6)-(lr=1.0e-5)-(86-params)",classic_NN_6-6,40
58.0,58,451112,CartPole-v1,"CP-ppo-ac-NN(6,6)-(lr=1.0e-5)-(86-params)",classic_NN_6-6,40
16.0,16,451164,CartPole-v1,"CP-ppo-ac-NN(6,6)-(lr=1.0e-5)-(86-params)",classic_NN_6-6,40
55.0,55,451180,CartPole-v1,"CP-ppo-ac-NN(6,6)-(lr=1.0e-5)-(86-params)",classic_NN_6-6,40
64.0,64,451268,CartPole-v1,"CP-ppo-ac-NN(6,6)-(lr=1.0e-5)-(86-params)",classic_NN_6-6,40
25.0,25,451280,CartPole-v1,"CP-ppo-ac-NN(6,6)-(lr=1.0e-5)-(86-params)",classic_NN_6-6,40
43.0,43,451284,CartPole-v1,"CP-ppo-ac-NN(6,6)-(lr=1.0e-5)-(86-params)",classic_NN_6-6,40
15.0,15,451340,CartPole-v1,"CP-ppo-ac-NN(6,6)-(lr=1.0e-5)-(86-params)",classic_NN_6-6,40
23.0,23,451360,CartPole-v1,"CP-ppo-ac-NN(6,6)-(lr=1.0e-5)-(86-params)",classic_NN_6-6,40
51.0,51,451368,CartPole-v1,"CP-ppo-ac-NN(6,6)-(lr=1.0e-5)-(86-params)",classic_NN_6-6,40
33.0,33,451416,CartPole-v1,"CP-ppo-ac-NN(6,6)-(lr=1.0e-5)-(86-params)",classic_NN_6-6,40
19.0,19,451436,CartPole-v1,"CP-ppo-ac-NN(6,6)-(lr=1.0e-5)-(86-params)",classic_NN_6-6,40
33.0,33,451500,CartPole-v1,"CP-ppo-ac-NN(6,6)-(lr=1.0e-5)-(86-params)",classic_NN_6-6,40
40.0,40,451500,CartPole-v1,"CP-ppo-ac-NN(6,6)-(lr=1.0e-5)-(86-params)",classic_NN_6-6,40
17.0,17,451504,CartPole-v1,"CP-ppo-ac-NN(6,6)-(lr=1.0e-5)-(86-params)",classic_NN_6-6,40
43.0,43,451588,CartPole-v1,"CP-ppo-ac-NN(6,6)-(lr=1.0e-5)-(86-params)",classic_NN_6-6,40
24.0,24,451596,CartPole-v1,"CP-ppo-ac-NN(6,6)-(lr=1.0e-5)-(86-params)",classic_NN_6-6,40
25.0,25,451604,CartPole-v1,"CP-ppo-ac-NN(6,6)-(lr=1.0e-5)-(86-params)",classic_NN_6-6,40
28.0,28,451612,CartPole-v1,"CP-ppo-ac-NN(6,6)-(lr=1.0e-5)-(86-params)",classic_NN_6-6,40
20.0,20,451668,CartPole-v1,"CP-ppo-ac-NN(6,6)-(lr=1.0e-5)-(86-params)",classic_NN_6-6,40
28.0,28,451716,CartPole-v1,"CP-ppo-ac-NN(6,6)-(lr=1.0e-5)-(86-params)",classic_NN_6-6,40
24.0,24,451764,CartPole-v1,"CP-ppo-ac-NN(6,6)-(lr=1.0e-5)-(86-params)",classic_NN_6-6,40
54.0,54,451812,CartPole-v1,"CP-ppo-ac-NN(6,6)-(lr=1.0e-5)-(86-params)",classic_NN_6-6,40
25.0,25,451816,CartPole-v1,"CP-ppo-ac-NN(6,6)-(lr=1.0e-5)-(86-params)",classic_NN_6-6,40
22.0,22,451900,CartPole-v1,"CP-ppo-ac-NN(6,6)-(lr=1.0e-5)-(86-params)",classic_NN_6-6,40
75.0,75,451912,CartPole-v1,"CP-ppo-ac-NN(6,6)-(lr=1.0e-5)-(86-params)",classic_NN_6-6,40
27.0,27,451924,CartPole-v1,"CP-ppo-ac-NN(6,6)-(lr=1.0e-5)-(86-params)",classic_NN_6-6,40
48.0,48,451956,CartPole-v1,"CP-ppo-ac-NN(6,6)-(lr=1.0e-5)-(86-params)",classic_NN_6-6,40
29.0,29,452016,CartPole-v1,"CP-ppo-ac-NN(6,6)-(lr=1.0e-5)-(86-params)",classic_NN_6-6,40
32.0,32,452052,CartPole-v1,"CP-ppo-ac-NN(6,6)-(lr=1.0e-5)-(86-params)",classic_NN_6-6,40
12.0,12,452100,CartPole-v1,"CP-ppo-ac-NN(6,6)-(lr=1.0e-5)-(86-params)",classic_NN_6-6,40
70.0,70,452236,CartPole-v1,"CP-ppo-ac-NN(6,6)-(lr=1.0e-5)-(86-params)",classic_NN_6-6,40
40.0,40,452260,CartPole-v1,"CP-ppo-ac-NN(6,6)-(lr=1.0e-5)-(86-params)",classic_NN_6-6,40
76.0,76,452320,CartPole-v1,"CP-ppo-ac-NN(6,6)-(lr=1.0e-5)-(86-params)",classic_NN_6-6,40
33.0,33,452368,CartPole-v1,"CP-ppo-ac-NN(6,6)-(lr=1.0e-5)-(86-params)",classic_NN_6-6,40
12.0,12,452368,CartPole-v1,"CP-ppo-ac-NN(6,6)-(lr=1.0e-5)-(86-params)",classic_NN_6-6,40
52.0,52,452468,CartPole-v1,"CP-ppo-ac-NN(6,6)-(lr=1.0e-5)-(86-params)",classic_NN_6-6,40
27.0,27,452476,CartPole-v1,"CP-ppo-ac-NN(6,6)-(lr=1.0e-5)-(86-params)",classic_NN_6-6,40
44.0,44,452544,CartPole-v1,"CP-ppo-ac-NN(6,6)-(lr=1.0e-5)-(86-params)",classic_NN_6-6,40
180.0,180,452632,CartPole-v1,"CP-ppo-ac-NN(6,6)-(lr=1.0e-5)-(86-params)",classic_NN_6-6,40
29.0,29,452660,CartPole-v1,"CP-ppo-ac-NN(6,6)-(lr=1.0e-5)-(86-params)",classic_NN_6-6,40
50.0,50,452668,CartPole-v1,"CP-ppo-ac-NN(6,6)-(lr=1.0e-5)-(86-params)",classic_NN_6-6,40
54.0,54,452692,CartPole-v1,"CP-ppo-ac-NN(6,6)-(lr=1.0e-5)-(86-params)",classic_NN_6-6,40
10.0,10,452700,CartPole-v1,"CP-ppo-ac-NN(6,6)-(lr=1.0e-5)-(86-params)",classic_NN_6-6,40
24.0,24,452764,CartPole-v1,"CP-ppo-ac-NN(6,6)-(lr=1.0e-5)-(86-params)",classic_NN_6-6,40
17.0,17,452768,CartPole-v1,"CP-ppo-ac-NN(6,6)-(lr=1.0e-5)-(86-params)",classic_NN_6-6,40
54.0,54,452908,CartPole-v1,"CP-ppo-ac-NN(6,6)-(lr=1.0e-5)-(86-params)",classic_NN_6-6,40
41.0,41,452928,CartPole-v1,"CP-ppo-ac-NN(6,6)-(lr=1.0e-5)-(86-params)",classic_NN_6-6,40
56.0,56,452992,CartPole-v1,"CP-ppo-ac-NN(6,6)-(lr=1.0e-5)-(86-params)",classic_NN_6-6,40
92.0,92,453000,CartPole-v1,"CP-ppo-ac-NN(6,6)-(lr=1.0e-5)-(86-params)",classic_NN_6-6,40
31.0,31,453052,CartPole-v1,"CP-ppo-ac-NN(6,6)-(lr=1.0e-5)-(86-params)",classic_NN_6-6,40
36.0,36,453136,CartPole-v1,"CP-ppo-ac-NN(6,6)-(lr=1.0e-5)-(86-params)",classic_NN_6-6,40
60.0,60,453148,CartPole-v1,"CP-ppo-ac-NN(6,6)-(lr=1.0e-5)-(86-params)",classic_NN_6-6,40
34.0,34,453188,CartPole-v1,"CP-ppo-ac-NN(6,6)-(lr=1.0e-5)-(86-params)",classic_NN_6-6,40
64.0,64,453256,CartPole-v1,"CP-ppo-ac-NN(6,6)-(lr=1.0e-5)-(86-params)",classic_NN_6-6,40
16.0,16,453320,CartPole-v1,"CP-ppo-ac-NN(6,6)-(lr=1.0e-5)-(86-params)",classic_NN_6-6,40
43.0,43,453360,CartPole-v1,"CP-ppo-ac-NN(6,6)-(lr=1.0e-5)-(86-params)",classic_NN_6-6,40
69.0,69,453412,CartPole-v1,"CP-ppo-ac-NN(6,6)-(lr=1.0e-5)-(86-params)",classic_NN_6-6,40
41.0,41,453484,CartPole-v1,"CP-ppo-ac-NN(6,6)-(lr=1.0e-5)-(86-params)",classic_NN_6-6,40
23.0,23,453504,CartPole-v1,"CP-ppo-ac-NN(6,6)-(lr=1.0e-5)-(86-params)",classic_NN_6-6,40
99.0,99,453544,CartPole-v1,"CP-ppo-ac-NN(6,6)-(lr=1.0e-5)-(86-params)",classic_NN_6-6,40
59.0,59,453596,CartPole-v1,"CP-ppo-ac-NN(6,6)-(lr=1.0e-5)-(86-params)",classic_NN_6-6,40
29.0,29,453620,CartPole-v1,"CP-ppo-ac-NN(6,6)-(lr=1.0e-5)-(86-params)",classic_NN_6-6,40
16.0,16,453660,CartPole-v1,"CP-ppo-ac-NN(6,6)-(lr=1.0e-5)-(86-params)",classic_NN_6-6,40
35.0,35,453684,CartPole-v1,"CP-ppo-ac-NN(6,6)-(lr=1.0e-5)-(86-params)",classic_NN_6-6,40
65.0,65,453744,CartPole-v1,"CP-ppo-ac-NN(6,6)-(lr=1.0e-5)-(86-params)",classic_NN_6-6,40
25.0,25,453760,CartPole-v1,"CP-ppo-ac-NN(6,6)-(lr=1.0e-5)-(86-params)",classic_NN_6-6,40
31.0,31,453868,CartPole-v1,"CP-ppo-ac-NN(6,6)-(lr=1.0e-5)-(86-params)",classic_NN_6-6,40
49.0,49,453880,CartPole-v1,"CP-ppo-ac-NN(6,6)-(lr=1.0e-5)-(86-params)",classic_NN_6-6,40
68.0,68,453892,CartPole-v1,"CP-ppo-ac-NN(6,6)-(lr=1.0e-5)-(86-params)",classic_NN_6-6,40
45.0,45,453940,CartPole-v1,"CP-ppo-ac-NN(6,6)-(lr=1.0e-5)-(86-params)",classic_NN_6-6,40
31.0,31,454004,CartPole-v1,"CP-ppo-ac-NN(6,6)-(lr=1.0e-5)-(86-params)",classic_NN_6-6,40
29.0,29,454008,CartPole-v1,"CP-ppo-ac-NN(6,6)-(lr=1.0e-5)-(86-params)",classic_NN_6-6,40
52.0,52,454076,CartPole-v1,"CP-ppo-ac-NN(6,6)-(lr=1.0e-5)-(86-params)",classic_NN_6-6,40
35.0,35,454080,CartPole-v1,"CP-ppo-ac-NN(6,6)-(lr=1.0e-5)-(86-params)",classic_NN_6-6,40
21.0,21,454088,CartPole-v1,"CP-ppo-ac-NN(6,6)-(lr=1.0e-5)-(86-params)",classic_NN_6-6,40
20.0,20,454168,CartPole-v1,"CP-ppo-ac-NN(6,6)-(lr=1.0e-5)-(86-params)",classic_NN_6-6,40
57.0,57,454236,CartPole-v1,"CP-ppo-ac-NN(6,6)-(lr=1.0e-5)-(86-params)",classic_NN_6-6,40
39.0,39,454236,CartPole-v1,"CP-ppo-ac-NN(6,6)-(lr=1.0e-5)-(86-params)",classic_NN_6-6,40
48.0,48,454268,CartPole-v1,"CP-ppo-ac-NN(6,6)-(lr=1.0e-5)-(86-params)",classic_NN_6-6,40
32.0,32,454296,CartPole-v1,"CP-ppo-ac-NN(6,6)-(lr=1.0e-5)-(86-params)",classic_NN_6-6,40
9.0,9,454304,CartPole-v1,"CP-ppo-ac-NN(6,6)-(lr=1.0e-5)-(86-params)",classic_NN_6-6,40
22.0,22,454324,CartPole-v1,"CP-ppo-ac-NN(6,6)-(lr=1.0e-5)-(86-params)",classic_NN_6-6,40
29.0,29,454352,CartPole-v1,"CP-ppo-ac-NN(6,6)-(lr=1.0e-5)-(86-params)",classic_NN_6-6,40
15.0,15,454356,CartPole-v1,"CP-ppo-ac-NN(6,6)-(lr=1.0e-5)-(86-params)",classic_NN_6-6,40
15.0,15,454416,CartPole-v1,"CP-ppo-ac-NN(6,6)-(lr=1.0e-5)-(86-params)",classic_NN_6-6,40
24.0,24,454420,CartPole-v1,"CP-ppo-ac-NN(6,6)-(lr=1.0e-5)-(86-params)",classic_NN_6-6,40
29.0,29,454536,CartPole-v1,"CP-ppo-ac-NN(6,6)-(lr=1.0e-5)-(86-params)",classic_NN_6-6,40
34.0,34,454552,CartPole-v1,"CP-ppo-ac-NN(6,6)-(lr=1.0e-5)-(86-params)",classic_NN_6-6,40
66.0,66,454616,CartPole-v1,"CP-ppo-ac-NN(6,6)-(lr=1.0e-5)-(86-params)",classic_NN_6-6,40
12.0,12,454664,CartPole-v1,"CP-ppo-ac-NN(6,6)-(lr=1.0e-5)-(86-params)",classic_NN_6-6,40
95.0,95,454684,CartPole-v1,"CP-ppo-ac-NN(6,6)-(lr=1.0e-5)-(86-params)",classic_NN_6-6,40
11.0,11,454728,CartPole-v1,"CP-ppo-ac-NN(6,6)-(lr=1.0e-5)-(86-params)",classic_NN_6-6,40
62.0,62,454784,CartPole-v1,"CP-ppo-ac-NN(6,6)-(lr=1.0e-5)-(86-params)",classic_NN_6-6,40
62.0,62,454800,CartPole-v1,"CP-ppo-ac-NN(6,6)-(lr=1.0e-5)-(86-params)",classic_NN_6-6,40
49.0,49,454860,CartPole-v1,"CP-ppo-ac-NN(6,6)-(lr=1.0e-5)-(86-params)",classic_NN_6-6,40
63.0,63,454980,CartPole-v1,"CP-ppo-ac-NN(6,6)-(lr=1.0e-5)-(86-params)",classic_NN_6-6,40
57.0,57,455028,CartPole-v1,"CP-ppo-ac-NN(6,6)-(lr=1.0e-5)-(86-params)",classic_NN_6-6,40
53.0,53,455072,CartPole-v1,"CP-ppo-ac-NN(6,6)-(lr=1.0e-5)-(86-params)",classic_NN_6-6,40
25.0,25,455080,CartPole-v1,"CP-ppo-ac-NN(6,6)-(lr=1.0e-5)-(86-params)",classic_NN_6-6,40
74.0,74,455080,CartPole-v1,"CP-ppo-ac-NN(6,6)-(lr=1.0e-5)-(86-params)",classic_NN_6-6,40
15.0,15,455132,CartPole-v1,"CP-ppo-ac-NN(6,6)-(lr=1.0e-5)-(86-params)",classic_NN_6-6,40
34.0,34,455216,CartPole-v1,"CP-ppo-ac-NN(6,6)-(lr=1.0e-5)-(86-params)",classic_NN_6-6,40
54.0,54,455244,CartPole-v1,"CP-ppo-ac-NN(6,6)-(lr=1.0e-5)-(86-params)",classic_NN_6-6,40
69.0,69,455356,CartPole-v1,"CP-ppo-ac-NN(6,6)-(lr=1.0e-5)-(86-params)",classic_NN_6-6,40
40.0,40,455376,CartPole-v1,"CP-ppo-ac-NN(6,6)-(lr=1.0e-5)-(86-params)",classic_NN_6-6,40
50.0,50,455444,CartPole-v1,"CP-ppo-ac-NN(6,6)-(lr=1.0e-5)-(86-params)",classic_NN_6-6,40
35.0,35,455516,CartPole-v1,"CP-ppo-ac-NN(6,6)-(lr=1.0e-5)-(86-params)",classic_NN_6-6,40
49.0,49,455552,CartPole-v1,"CP-ppo-ac-NN(6,6)-(lr=1.0e-5)-(86-params)",classic_NN_6-6,40
32.0,32,455572,CartPole-v1,"CP-ppo-ac-NN(6,6)-(lr=1.0e-5)-(86-params)",classic_NN_6-6,40
111.0,111,455576,CartPole-v1,"CP-ppo-ac-NN(6,6)-(lr=1.0e-5)-(86-params)",classic_NN_6-6,40
17.0,17,455620,CartPole-v1,"CP-ppo-ac-NN(6,6)-(lr=1.0e-5)-(86-params)",classic_NN_6-6,40
33.0,33,455648,CartPole-v1,"CP-ppo-ac-NN(6,6)-(lr=1.0e-5)-(86-params)",classic_NN_6-6,40
38.0,38,455772,CartPole-v1,"CP-ppo-ac-NN(6,6)-(lr=1.0e-5)-(86-params)",classic_NN_6-6,40
54.0,54,455788,CartPole-v1,"CP-ppo-ac-NN(6,6)-(lr=1.0e-5)-(86-params)",classic_NN_6-6,40
55.0,55,455796,CartPole-v1,"CP-ppo-ac-NN(6,6)-(lr=1.0e-5)-(86-params)",classic_NN_6-6,40
50.0,50,455848,CartPole-v1,"CP-ppo-ac-NN(6,6)-(lr=1.0e-5)-(86-params)",classic_NN_6-6,40
15.0,15,455848,CartPole-v1,"CP-ppo-ac-NN(6,6)-(lr=1.0e-5)-(86-params)",classic_NN_6-6,40
22.0,22,455860,CartPole-v1,"CP-ppo-ac-NN(6,6)-(lr=1.0e-5)-(86-params)",classic_NN_6-6,40
25.0,25,455896,CartPole-v1,"CP-ppo-ac-NN(6,6)-(lr=1.0e-5)-(86-params)",classic_NN_6-6,40
25.0,25,455960,CartPole-v1,"CP-ppo-ac-NN(6,6)-(lr=1.0e-5)-(86-params)",classic_NN_6-6,40
41.0,41,456012,CartPole-v1,"CP-ppo-ac-NN(6,6)-(lr=1.0e-5)-(86-params)",classic_NN_6-6,40
57.0,57,456076,CartPole-v1,"CP-ppo-ac-NN(6,6)-(lr=1.0e-5)-(86-params)",classic_NN_6-6,40
61.0,61,456140,CartPole-v1,"CP-ppo-ac-NN(6,6)-(lr=1.0e-5)-(86-params)",classic_NN_6-6,40
31.0,31,456200,CartPole-v1,"CP-ppo-ac-NN(6,6)-(lr=1.0e-5)-(86-params)",classic_NN_6-6,40
64.0,64,456216,CartPole-v1,"CP-ppo-ac-NN(6,6)-(lr=1.0e-5)-(86-params)",classic_NN_6-6,40
52.0,52,456220,CartPole-v1,"CP-ppo-ac-NN(6,6)-(lr=1.0e-5)-(86-params)",classic_NN_6-6,40
35.0,35,456280,CartPole-v1,"CP-ppo-ac-NN(6,6)-(lr=1.0e-5)-(86-params)",classic_NN_6-6,40
17.0,17,456288,CartPole-v1,"CP-ppo-ac-NN(6,6)-(lr=1.0e-5)-(86-params)",classic_NN_6-6,40
56.0,56,456424,CartPole-v1,"CP-ppo-ac-NN(6,6)-(lr=1.0e-5)-(86-params)",classic_NN_6-6,40
61.0,61,456460,CartPole-v1,"CP-ppo-ac-NN(6,6)-(lr=1.0e-5)-(86-params)",classic_NN_6-6,40
54.0,54,456504,CartPole-v1,"CP-ppo-ac-NN(6,6)-(lr=1.0e-5)-(86-params)",classic_NN_6-6,40
64.0,64,456536,CartPole-v1,"CP-ppo-ac-NN(6,6)-(lr=1.0e-5)-(86-params)",classic_NN_6-6,40
27.0,27,456568,CartPole-v1,"CP-ppo-ac-NN(6,6)-(lr=1.0e-5)-(86-params)",classic_NN_6-6,40
37.0,37,456572,CartPole-v1,"CP-ppo-ac-NN(6,6)-(lr=1.0e-5)-(86-params)",classic_NN_6-6,40
24.0,24,456600,CartPole-v1,"CP-ppo-ac-NN(6,6)-(lr=1.0e-5)-(86-params)",classic_NN_6-6,40
24.0,24,456632,CartPole-v1,"CP-ppo-ac-NN(6,6)-(lr=1.0e-5)-(86-params)",classic_NN_6-6,40
25.0,25,456672,CartPole-v1,"CP-ppo-ac-NN(6,6)-(lr=1.0e-5)-(86-params)",classic_NN_6-6,40
35.0,35,456772,CartPole-v1,"CP-ppo-ac-NN(6,6)-(lr=1.0e-5)-(86-params)",classic_NN_6-6,40
35.0,35,456812,CartPole-v1,"CP-ppo-ac-NN(6,6)-(lr=1.0e-5)-(86-params)",classic_NN_6-6,40
15.0,15,456872,CartPole-v1,"CP-ppo-ac-NN(6,6)-(lr=1.0e-5)-(86-params)",classic_NN_6-6,40
79.0,79,456916,CartPole-v1,"CP-ppo-ac-NN(6,6)-(lr=1.0e-5)-(86-params)",classic_NN_6-6,40
107.0,107,456996,CartPole-v1,"CP-ppo-ac-NN(6,6)-(lr=1.0e-5)-(86-params)",classic_NN_6-6,40
57.0,57,457000,CartPole-v1,"CP-ppo-ac-NN(6,6)-(lr=1.0e-5)-(86-params)",classic_NN_6-6,40
33.0,33,457004,CartPole-v1,"CP-ppo-ac-NN(6,6)-(lr=1.0e-5)-(86-params)",classic_NN_6-6,40
9.0,9,457032,CartPole-v1,"CP-ppo-ac-NN(6,6)-(lr=1.0e-5)-(86-params)",classic_NN_6-6,40
37.0,37,457064,CartPole-v1,"CP-ppo-ac-NN(6,6)-(lr=1.0e-5)-(86-params)",classic_NN_6-6,40
32.0,32,457160,CartPole-v1,"CP-ppo-ac-NN(6,6)-(lr=1.0e-5)-(86-params)",classic_NN_6-6,40
42.0,42,457168,CartPole-v1,"CP-ppo-ac-NN(6,6)-(lr=1.0e-5)-(86-params)",classic_NN_6-6,40
65.0,65,457264,CartPole-v1,"CP-ppo-ac-NN(6,6)-(lr=1.0e-5)-(86-params)",classic_NN_6-6,40
25.0,25,457268,CartPole-v1,"CP-ppo-ac-NN(6,6)-(lr=1.0e-5)-(86-params)",classic_NN_6-6,40
38.0,38,457312,CartPole-v1,"CP-ppo-ac-NN(6,6)-(lr=1.0e-5)-(86-params)",classic_NN_6-6,40
66.0,66,457328,CartPole-v1,"CP-ppo-ac-NN(6,6)-(lr=1.0e-5)-(86-params)",classic_NN_6-6,40
19.0,19,457340,CartPole-v1,"CP-ppo-ac-NN(6,6)-(lr=1.0e-5)-(86-params)",classic_NN_6-6,40
15.0,15,457372,CartPole-v1,"CP-ppo-ac-NN(6,6)-(lr=1.0e-5)-(86-params)",classic_NN_6-6,40
14.0,14,457396,CartPole-v1,"CP-ppo-ac-NN(6,6)-(lr=1.0e-5)-(86-params)",classic_NN_6-6,40
35.0,35,457408,CartPole-v1,"CP-ppo-ac-NN(6,6)-(lr=1.0e-5)-(86-params)",classic_NN_6-6,40
42.0,42,457496,CartPole-v1,"CP-ppo-ac-NN(6,6)-(lr=1.0e-5)-(86-params)",classic_NN_6-6,40
27.0,27,457504,CartPole-v1,"CP-ppo-ac-NN(6,6)-(lr=1.0e-5)-(86-params)",classic_NN_6-6,40
38.0,38,457524,CartPole-v1,"CP-ppo-ac-NN(6,6)-(lr=1.0e-5)-(86-params)",classic_NN_6-6,40
26.0,26,457628,CartPole-v1,"CP-ppo-ac-NN(6,6)-(lr=1.0e-5)-(86-params)",classic_NN_6-6,40
34.0,34,457640,CartPole-v1,"CP-ppo-ac-NN(6,6)-(lr=1.0e-5)-(86-params)",classic_NN_6-6,40
55.0,55,457716,CartPole-v1,"CP-ppo-ac-NN(6,6)-(lr=1.0e-5)-(86-params)",classic_NN_6-6,40
81.0,81,457732,CartPole-v1,"CP-ppo-ac-NN(6,6)-(lr=1.0e-5)-(86-params)",classic_NN_6-6,40
20.0,20,457796,CartPole-v1,"CP-ppo-ac-NN(6,6)-(lr=1.0e-5)-(86-params)",classic_NN_6-6,40
47.0,47,457816,CartPole-v1,"CP-ppo-ac-NN(6,6)-(lr=1.0e-5)-(86-params)",classic_NN_6-6,40
21.0,21,457880,CartPole-v1,"CP-ppo-ac-NN(6,6)-(lr=1.0e-5)-(86-params)",classic_NN_6-6,40
65.0,65,457900,CartPole-v1,"CP-ppo-ac-NN(6,6)-(lr=1.0e-5)-(86-params)",classic_NN_6-6,40
61.0,61,457976,CartPole-v1,"CP-ppo-ac-NN(6,6)-(lr=1.0e-5)-(86-params)",classic_NN_6-6,40
69.0,69,458092,CartPole-v1,"CP-ppo-ac-NN(6,6)-(lr=1.0e-5)-(86-params)",classic_NN_6-6,40
63.0,63,458152,CartPole-v1,"CP-ppo-ac-NN(6,6)-(lr=1.0e-5)-(86-params)",classic_NN_6-6,40
75.0,75,458180,CartPole-v1,"CP-ppo-ac-NN(6,6)-(lr=1.0e-5)-(86-params)",classic_NN_6-6,40
52.0,52,458184,CartPole-v1,"CP-ppo-ac-NN(6,6)-(lr=1.0e-5)-(86-params)",classic_NN_6-6,40
17.0,17,458252,CartPole-v1,"CP-ppo-ac-NN(6,6)-(lr=1.0e-5)-(86-params)",classic_NN_6-6,40
27.0,27,458260,CartPole-v1,"CP-ppo-ac-NN(6,6)-(lr=1.0e-5)-(86-params)",classic_NN_6-6,40
19.0,19,458336,CartPole-v1,"CP-ppo-ac-NN(6,6)-(lr=1.0e-5)-(86-params)",classic_NN_6-6,40
44.0,44,458356,CartPole-v1,"CP-ppo-ac-NN(6,6)-(lr=1.0e-5)-(86-params)",classic_NN_6-6,40
83.0,83,458424,CartPole-v1,"CP-ppo-ac-NN(6,6)-(lr=1.0e-5)-(86-params)",classic_NN_6-6,40
30.0,30,458456,CartPole-v1,"CP-ppo-ac-NN(6,6)-(lr=1.0e-5)-(86-params)",classic_NN_6-6,40
27.0,27,458464,CartPole-v1,"CP-ppo-ac-NN(6,6)-(lr=1.0e-5)-(86-params)",classic_NN_6-6,40
57.0,57,458480,CartPole-v1,"CP-ppo-ac-NN(6,6)-(lr=1.0e-5)-(86-params)",classic_NN_6-6,40
20.0,20,458504,CartPole-v1,"CP-ppo-ac-NN(6,6)-(lr=1.0e-5)-(86-params)",classic_NN_6-6,40
20.0,20,458584,CartPole-v1,"CP-ppo-ac-NN(6,6)-(lr=1.0e-5)-(86-params)",classic_NN_6-6,40
37.0,37,458604,CartPole-v1,"CP-ppo-ac-NN(6,6)-(lr=1.0e-5)-(86-params)",classic_NN_6-6,40
32.0,32,458608,CartPole-v1,"CP-ppo-ac-NN(6,6)-(lr=1.0e-5)-(86-params)",classic_NN_6-6,40
16.0,16,458668,CartPole-v1,"CP-ppo-ac-NN(6,6)-(lr=1.0e-5)-(86-params)",classic_NN_6-6,40
80.0,80,458784,CartPole-v1,"CP-ppo-ac-NN(6,6)-(lr=1.0e-5)-(86-params)",classic_NN_6-6,40
32.0,32,458796,CartPole-v1,"CP-ppo-ac-NN(6,6)-(lr=1.0e-5)-(86-params)",classic_NN_6-6,40
72.0,72,458872,CartPole-v1,"CP-ppo-ac-NN(6,6)-(lr=1.0e-5)-(86-params)",classic_NN_6-6,40
22.0,22,458872,CartPole-v1,"CP-ppo-ac-NN(6,6)-(lr=1.0e-5)-(86-params)",classic_NN_6-6,40
27.0,27,458904,CartPole-v1,"CP-ppo-ac-NN(6,6)-(lr=1.0e-5)-(86-params)",classic_NN_6-6,40
29.0,29,458988,CartPole-v1,"CP-ppo-ac-NN(6,6)-(lr=1.0e-5)-(86-params)",classic_NN_6-6,40
32.0,32,459032,CartPole-v1,"CP-ppo-ac-NN(6,6)-(lr=1.0e-5)-(86-params)",classic_NN_6-6,40
118.0,118,459080,CartPole-v1,"CP-ppo-ac-NN(6,6)-(lr=1.0e-5)-(86-params)",classic_NN_6-6,40
43.0,43,459160,CartPole-v1,"CP-ppo-ac-NN(6,6)-(lr=1.0e-5)-(86-params)",classic_NN_6-6,40
88.0,88,459224,CartPole-v1,"CP-ppo-ac-NN(6,6)-(lr=1.0e-5)-(86-params)",classic_NN_6-6,40
45.0,45,459260,CartPole-v1,"CP-ppo-ac-NN(6,6)-(lr=1.0e-5)-(86-params)",classic_NN_6-6,40
16.0,16,459288,CartPole-v1,"CP-ppo-ac-NN(6,6)-(lr=1.0e-5)-(86-params)",classic_NN_6-6,40
44.0,44,459336,CartPole-v1,"CP-ppo-ac-NN(6,6)-(lr=1.0e-5)-(86-params)",classic_NN_6-6,40
28.0,28,459372,CartPole-v1,"CP-ppo-ac-NN(6,6)-(lr=1.0e-5)-(86-params)",classic_NN_6-6,40
19.0,19,459412,CartPole-v1,"CP-ppo-ac-NN(6,6)-(lr=1.0e-5)-(86-params)",classic_NN_6-6,40
96.0,96,459416,CartPole-v1,"CP-ppo-ac-NN(6,6)-(lr=1.0e-5)-(86-params)",classic_NN_6-6,40
57.0,57,459516,CartPole-v1,"CP-ppo-ac-NN(6,6)-(lr=1.0e-5)-(86-params)",classic_NN_6-6,40
38.0,38,459564,CartPole-v1,"CP-ppo-ac-NN(6,6)-(lr=1.0e-5)-(86-params)",classic_NN_6-6,40
64.0,64,459628,CartPole-v1,"CP-ppo-ac-NN(6,6)-(lr=1.0e-5)-(86-params)",classic_NN_6-6,40
67.0,67,459684,CartPole-v1,"CP-ppo-ac-NN(6,6)-(lr=1.0e-5)-(86-params)",classic_NN_6-6,40
16.0,16,459692,CartPole-v1,"CP-ppo-ac-NN(6,6)-(lr=1.0e-5)-(86-params)",classic_NN_6-6,40
33.0,33,459696,CartPole-v1,"CP-ppo-ac-NN(6,6)-(lr=1.0e-5)-(86-params)",classic_NN_6-6,40
35.0,35,459832,CartPole-v1,"CP-ppo-ac-NN(6,6)-(lr=1.0e-5)-(86-params)",classic_NN_6-6,40
91.0,91,459880,CartPole-v1,"CP-ppo-ac-NN(6,6)-(lr=1.0e-5)-(86-params)",classic_NN_6-6,40
48.0,48,459888,CartPole-v1,"CP-ppo-ac-NN(6,6)-(lr=1.0e-5)-(86-params)",classic_NN_6-6,40
65.0,65,459944,CartPole-v1,"CP-ppo-ac-NN(6,6)-(lr=1.0e-5)-(86-params)",classic_NN_6-6,40
21.0,21,459964,CartPole-v1,"CP-ppo-ac-NN(6,6)-(lr=1.0e-5)-(86-params)",classic_NN_6-6,40
55.0,55,460052,CartPole-v1,"CP-ppo-ac-NN(6,6)-(lr=1.0e-5)-(86-params)",classic_NN_6-6,40
43.0,43,460060,CartPole-v1,"CP-ppo-ac-NN(6,6)-(lr=1.0e-5)-(86-params)",classic_NN_6-6,40
30.0,30,460064,CartPole-v1,"CP-ppo-ac-NN(6,6)-(lr=1.0e-5)-(86-params)",classic_NN_6-6,40
63.0,63,460216,CartPole-v1,"CP-ppo-ac-NN(6,6)-(lr=1.0e-5)-(86-params)",classic_NN_6-6,40
41.0,41,460224,CartPole-v1,"CP-ppo-ac-NN(6,6)-(lr=1.0e-5)-(86-params)",classic_NN_6-6,40
52.0,52,460260,CartPole-v1,"CP-ppo-ac-NN(6,6)-(lr=1.0e-5)-(86-params)",classic_NN_6-6,40
15.0,15,460276,CartPole-v1,"CP-ppo-ac-NN(6,6)-(lr=1.0e-5)-(86-params)",classic_NN_6-6,40
16.0,16,460324,CartPole-v1,"CP-ppo-ac-NN(6,6)-(lr=1.0e-5)-(86-params)",classic_NN_6-6,40
27.0,27,460332,CartPole-v1,"CP-ppo-ac-NN(6,6)-(lr=1.0e-5)-(86-params)",classic_NN_6-6,40
23.0,23,460368,CartPole-v1,"CP-ppo-ac-NN(6,6)-(lr=1.0e-5)-(86-params)",classic_NN_6-6,40
80.0,80,460384,CartPole-v1,"CP-ppo-ac-NN(6,6)-(lr=1.0e-5)-(86-params)",classic_NN_6-6,40
30.0,30,460452,CartPole-v1,"CP-ppo-ac-NN(6,6)-(lr=1.0e-5)-(86-params)",classic_NN_6-6,40
38.0,38,460476,CartPole-v1,"CP-ppo-ac-NN(6,6)-(lr=1.0e-5)-(86-params)",classic_NN_6-6,40
32.0,32,460496,CartPole-v1,"CP-ppo-ac-NN(6,6)-(lr=1.0e-5)-(86-params)",classic_NN_6-6,40
39.0,39,460540,CartPole-v1,"CP-ppo-ac-NN(6,6)-(lr=1.0e-5)-(86-params)",classic_NN_6-6,40
14.0,14,460596,CartPole-v1,"CP-ppo-ac-NN(6,6)-(lr=1.0e-5)-(86-params)",classic_NN_6-6,40
31.0,31,460600,CartPole-v1,"CP-ppo-ac-NN(6,6)-(lr=1.0e-5)-(86-params)",classic_NN_6-6,40
31.0,31,460720,CartPole-v1,"CP-ppo-ac-NN(6,6)-(lr=1.0e-5)-(86-params)",classic_NN_6-6,40
57.0,57,460724,CartPole-v1,"CP-ppo-ac-NN(6,6)-(lr=1.0e-5)-(86-params)",classic_NN_6-6,40
13.0,13,460772,CartPole-v1,"CP-ppo-ac-NN(6,6)-(lr=1.0e-5)-(86-params)",classic_NN_6-6,40
18.0,18,460796,CartPole-v1,"CP-ppo-ac-NN(6,6)-(lr=1.0e-5)-(86-params)",classic_NN_6-6,40
39.0,39,460928,CartPole-v1,"CP-ppo-ac-NN(6,6)-(lr=1.0e-5)-(86-params)",classic_NN_6-6,40
86.0,86,460944,CartPole-v1,"CP-ppo-ac-NN(6,6)-(lr=1.0e-5)-(86-params)",classic_NN_6-6,40
128.0,128,460964,CartPole-v1,"CP-ppo-ac-NN(6,6)-(lr=1.0e-5)-(86-params)",classic_NN_6-6,40
45.0,45,460976,CartPole-v1,"CP-ppo-ac-NN(6,6)-(lr=1.0e-5)-(86-params)",classic_NN_6-6,40
61.0,61,461188,CartPole-v1,"CP-ppo-ac-NN(6,6)-(lr=1.0e-5)-(86-params)",classic_NN_6-6,40
71.0,71,461212,CartPole-v1,"CP-ppo-ac-NN(6,6)-(lr=1.0e-5)-(86-params)",classic_NN_6-6,40
25.0,25,461288,CartPole-v1,"CP-ppo-ac-NN(6,6)-(lr=1.0e-5)-(86-params)",classic_NN_6-6,40
81.0,81,461300,CartPole-v1,"CP-ppo-ac-NN(6,6)-(lr=1.0e-5)-(86-params)",classic_NN_6-6,40
26.0,26,461316,CartPole-v1,"CP-ppo-ac-NN(6,6)-(lr=1.0e-5)-(86-params)",classic_NN_6-6,40
91.0,91,461328,CartPole-v1,"CP-ppo-ac-NN(6,6)-(lr=1.0e-5)-(86-params)",classic_NN_6-6,40
16.0,16,461352,CartPole-v1,"CP-ppo-ac-NN(6,6)-(lr=1.0e-5)-(86-params)",classic_NN_6-6,40
17.0,17,461384,CartPole-v1,"CP-ppo-ac-NN(6,6)-(lr=1.0e-5)-(86-params)",classic_NN_6-6,40
16.0,16,461392,CartPole-v1,"CP-ppo-ac-NN(6,6)-(lr=1.0e-5)-(86-params)",classic_NN_6-6,40
25.0,25,461492,CartPole-v1,"CP-ppo-ac-NN(6,6)-(lr=1.0e-5)-(86-params)",classic_NN_6-6,40
14.0,14,461548,CartPole-v1,"CP-ppo-ac-NN(6,6)-(lr=1.0e-5)-(86-params)",classic_NN_6-6,40
69.0,69,461576,CartPole-v1,"CP-ppo-ac-NN(6,6)-(lr=1.0e-5)-(86-params)",classic_NN_6-6,40
58.0,58,461584,CartPole-v1,"CP-ppo-ac-NN(6,6)-(lr=1.0e-5)-(86-params)",classic_NN_6-6,40
51.0,51,461588,CartPole-v1,"CP-ppo-ac-NN(6,6)-(lr=1.0e-5)-(86-params)",classic_NN_6-6,40
16.0,16,461652,CartPole-v1,"CP-ppo-ac-NN(6,6)-(lr=1.0e-5)-(86-params)",classic_NN_6-6,40
33.0,33,461708,CartPole-v1,"CP-ppo-ac-NN(6,6)-(lr=1.0e-5)-(86-params)",classic_NN_6-6,40
38.0,38,461736,CartPole-v1,"CP-ppo-ac-NN(6,6)-(lr=1.0e-5)-(86-params)",classic_NN_6-6,40
36.0,36,461852,CartPole-v1,"CP-ppo-ac-NN(6,6)-(lr=1.0e-5)-(86-params)",classic_NN_6-6,40
88.0,88,461900,CartPole-v1,"CP-ppo-ac-NN(6,6)-(lr=1.0e-5)-(86-params)",classic_NN_6-6,40
64.0,64,461908,CartPole-v1,"CP-ppo-ac-NN(6,6)-(lr=1.0e-5)-(86-params)",classic_NN_6-6,40
56.0,56,461960,CartPole-v1,"CP-ppo-ac-NN(6,6)-(lr=1.0e-5)-(86-params)",classic_NN_6-6,40
27.0,27,462016,CartPole-v1,"CP-ppo-ac-NN(6,6)-(lr=1.0e-5)-(86-params)",classic_NN_6-6,40
43.0,43,462132,CartPole-v1,"CP-ppo-ac-NN(6,6)-(lr=1.0e-5)-(86-params)",classic_NN_6-6,40
79.0,79,462216,CartPole-v1,"CP-ppo-ac-NN(6,6)-(lr=1.0e-5)-(86-params)",classic_NN_6-6,40
65.0,65,462276,CartPole-v1,"CP-ppo-ac-NN(6,6)-(lr=1.0e-5)-(86-params)",classic_NN_6-6,40
122.0,122,462340,CartPole-v1,"CP-ppo-ac-NN(6,6)-(lr=1.0e-5)-(86-params)",classic_NN_6-6,40
45.0,45,462396,CartPole-v1,"CP-ppo-ac-NN(6,6)-(lr=1.0e-5)-(86-params)",classic_NN_6-6,40
33.0,33,462408,CartPole-v1,"CP-ppo-ac-NN(6,6)-(lr=1.0e-5)-(86-params)",classic_NN_6-6,40
22.0,22,462484,CartPole-v1,"CP-ppo-ac-NN(6,6)-(lr=1.0e-5)-(86-params)",classic_NN_6-6,40
98.0,98,462524,CartPole-v1,"CP-ppo-ac-NN(6,6)-(lr=1.0e-5)-(86-params)",classic_NN_6-6,40
16.0,16,462548,CartPole-v1,"CP-ppo-ac-NN(6,6)-(lr=1.0e-5)-(86-params)",classic_NN_6-6,40
64.0,64,462596,CartPole-v1,"CP-ppo-ac-NN(6,6)-(lr=1.0e-5)-(86-params)",classic_NN_6-6,40
47.0,47,462712,CartPole-v1,"CP-ppo-ac-NN(6,6)-(lr=1.0e-5)-(86-params)",classic_NN_6-6,40
77.0,77,462716,CartPole-v1,"CP-ppo-ac-NN(6,6)-(lr=1.0e-5)-(86-params)",classic_NN_6-6,40
50.0,50,462748,CartPole-v1,"CP-ppo-ac-NN(6,6)-(lr=1.0e-5)-(86-params)",classic_NN_6-6,40
38.0,38,462748,CartPole-v1,"CP-ppo-ac-NN(6,6)-(lr=1.0e-5)-(86-params)",classic_NN_6-6,40
15.0,15,462776,CartPole-v1,"CP-ppo-ac-NN(6,6)-(lr=1.0e-5)-(86-params)",classic_NN_6-6,40
15.0,15,462808,CartPole-v1,"CP-ppo-ac-NN(6,6)-(lr=1.0e-5)-(86-params)",classic_NN_6-6,40
12.0,12,462824,CartPole-v1,"CP-ppo-ac-NN(6,6)-(lr=1.0e-5)-(86-params)",classic_NN_6-6,40
24.0,24,462844,CartPole-v1,"CP-ppo-ac-NN(6,6)-(lr=1.0e-5)-(86-params)",classic_NN_6-6,40
40.0,40,462872,CartPole-v1,"CP-ppo-ac-NN(6,6)-(lr=1.0e-5)-(86-params)",classic_NN_6-6,40
47.0,47,463012,CartPole-v1,"CP-ppo-ac-NN(6,6)-(lr=1.0e-5)-(86-params)",classic_NN_6-6,40
42.0,42,463040,CartPole-v1,"CP-ppo-ac-NN(6,6)-(lr=1.0e-5)-(86-params)",classic_NN_6-6,40
65.0,65,463104,CartPole-v1,"CP-ppo-ac-NN(6,6)-(lr=1.0e-5)-(86-params)",classic_NN_6-6,40
82.0,82,463136,CartPole-v1,"CP-ppo-ac-NN(6,6)-(lr=1.0e-5)-(86-params)",classic_NN_6-6,40
25.0,25,463204,CartPole-v1,"CP-ppo-ac-NN(6,6)-(lr=1.0e-5)-(86-params)",classic_NN_6-6,40
59.0,59,463276,CartPole-v1,"CP-ppo-ac-NN(6,6)-(lr=1.0e-5)-(86-params)",classic_NN_6-6,40
17.0,17,463344,CartPole-v1,"CP-ppo-ac-NN(6,6)-(lr=1.0e-5)-(86-params)",classic_NN_6-6,40
99.0,99,463408,CartPole-v1,"CP-ppo-ac-NN(6,6)-(lr=1.0e-5)-(86-params)",classic_NN_6-6,40
73.0,73,463428,CartPole-v1,"CP-ppo-ac-NN(6,6)-(lr=1.0e-5)-(86-params)",classic_NN_6-6,40
60.0,60,463444,CartPole-v1,"CP-ppo-ac-NN(6,6)-(lr=1.0e-5)-(86-params)",classic_NN_6-6,40
39.0,39,463500,CartPole-v1,"CP-ppo-ac-NN(6,6)-(lr=1.0e-5)-(86-params)",classic_NN_6-6,40
23.0,23,463520,CartPole-v1,"CP-ppo-ac-NN(6,6)-(lr=1.0e-5)-(86-params)",classic_NN_6-6,40
36.0,36,463552,CartPole-v1,"CP-ppo-ac-NN(6,6)-(lr=1.0e-5)-(86-params)",classic_NN_6-6,40
35.0,35,463584,CartPole-v1,"CP-ppo-ac-NN(6,6)-(lr=1.0e-5)-(86-params)",classic_NN_6-6,40
27.0,27,463628,CartPole-v1,"CP-ppo-ac-NN(6,6)-(lr=1.0e-5)-(86-params)",classic_NN_6-6,40
33.0,33,463632,CartPole-v1,"CP-ppo-ac-NN(6,6)-(lr=1.0e-5)-(86-params)",classic_NN_6-6,40
23.0,23,463644,CartPole-v1,"CP-ppo-ac-NN(6,6)-(lr=1.0e-5)-(86-params)",classic_NN_6-6,40
26.0,26,463732,CartPole-v1,"CP-ppo-ac-NN(6,6)-(lr=1.0e-5)-(86-params)",classic_NN_6-6,40
30.0,30,463764,CartPole-v1,"CP-ppo-ac-NN(6,6)-(lr=1.0e-5)-(86-params)",classic_NN_6-6,40
48.0,48,463776,CartPole-v1,"CP-ppo-ac-NN(6,6)-(lr=1.0e-5)-(86-params)",classic_NN_6-6,40
27.0,27,463872,CartPole-v1,"CP-ppo-ac-NN(6,6)-(lr=1.0e-5)-(86-params)",classic_NN_6-6,40
39.0,39,463888,CartPole-v1,"CP-ppo-ac-NN(6,6)-(lr=1.0e-5)-(86-params)",classic_NN_6-6,40
50.0,50,463976,CartPole-v1,"CP-ppo-ac-NN(6,6)-(lr=1.0e-5)-(86-params)",classic_NN_6-6,40
24.0,24,463984,CartPole-v1,"CP-ppo-ac-NN(6,6)-(lr=1.0e-5)-(86-params)",classic_NN_6-6,40
116.0,116,464096,CartPole-v1,"CP-ppo-ac-NN(6,6)-(lr=1.0e-5)-(86-params)",classic_NN_6-6,40
77.0,77,464180,CartPole-v1,"CP-ppo-ac-NN(6,6)-(lr=1.0e-5)-(86-params)",classic_NN_6-6,40
51.0,51,464188,CartPole-v1,"CP-ppo-ac-NN(6,6)-(lr=1.0e-5)-(86-params)",classic_NN_6-6,40
56.0,56,464200,CartPole-v1,"CP-ppo-ac-NN(6,6)-(lr=1.0e-5)-(86-params)",classic_NN_6-6,40
43.0,43,464268,CartPole-v1,"CP-ppo-ac-NN(6,6)-(lr=1.0e-5)-(86-params)",classic_NN_6-6,40
24.0,24,464284,CartPole-v1,"CP-ppo-ac-NN(6,6)-(lr=1.0e-5)-(86-params)",classic_NN_6-6,40
22.0,22,464288,CartPole-v1,"CP-ppo-ac-NN(6,6)-(lr=1.0e-5)-(86-params)",classic_NN_6-6,40
19.0,19,464360,CartPole-v1,"CP-ppo-ac-NN(6,6)-(lr=1.0e-5)-(86-params)",classic_NN_6-6,40
59.0,59,464416,CartPole-v1,"CP-ppo-ac-NN(6,6)-(lr=1.0e-5)-(86-params)",classic_NN_6-6,40
43.0,43,464460,CartPole-v1,"CP-ppo-ac-NN(6,6)-(lr=1.0e-5)-(86-params)",classic_NN_6-6,40
42.0,42,464528,CartPole-v1,"CP-ppo-ac-NN(6,6)-(lr=1.0e-5)-(86-params)",classic_NN_6-6,40
38.0,38,464568,CartPole-v1,"CP-ppo-ac-NN(6,6)-(lr=1.0e-5)-(86-params)",classic_NN_6-6,40
28.0,28,464572,CartPole-v1,"CP-ppo-ac-NN(6,6)-(lr=1.0e-5)-(86-params)",classic_NN_6-6,40
22.0,22,464656,CartPole-v1,"CP-ppo-ac-NN(6,6)-(lr=1.0e-5)-(86-params)",classic_NN_6-6,40
116.0,116,464732,CartPole-v1,"CP-ppo-ac-NN(6,6)-(lr=1.0e-5)-(86-params)",classic_NN_6-6,40
49.0,49,464768,CartPole-v1,"CP-ppo-ac-NN(6,6)-(lr=1.0e-5)-(86-params)",classic_NN_6-6,40
66.0,66,464792,CartPole-v1,"CP-ppo-ac-NN(6,6)-(lr=1.0e-5)-(86-params)",classic_NN_6-6,40
26.0,26,464836,CartPole-v1,"CP-ppo-ac-NN(6,6)-(lr=1.0e-5)-(86-params)",classic_NN_6-6,40
53.0,53,464868,CartPole-v1,"CP-ppo-ac-NN(6,6)-(lr=1.0e-5)-(86-params)",classic_NN_6-6,40
13.0,13,464888,CartPole-v1,"CP-ppo-ac-NN(6,6)-(lr=1.0e-5)-(86-params)",classic_NN_6-6,40
41.0,41,464932,CartPole-v1,"CP-ppo-ac-NN(6,6)-(lr=1.0e-5)-(86-params)",classic_NN_6-6,40
36.0,36,464936,CartPole-v1,"CP-ppo-ac-NN(6,6)-(lr=1.0e-5)-(86-params)",classic_NN_6-6,40
18.0,18,464960,CartPole-v1,"CP-ppo-ac-NN(6,6)-(lr=1.0e-5)-(86-params)",classic_NN_6-6,40
35.0,35,465008,CartPole-v1,"CP-ppo-ac-NN(6,6)-(lr=1.0e-5)-(86-params)",classic_NN_6-6,40
25.0,25,465060,CartPole-v1,"CP-ppo-ac-NN(6,6)-(lr=1.0e-5)-(86-params)",classic_NN_6-6,40
36.0,36,465080,CartPole-v1,"CP-ppo-ac-NN(6,6)-(lr=1.0e-5)-(86-params)",classic_NN_6-6,40
23.0,23,465172,CartPole-v1,"CP-ppo-ac-NN(6,6)-(lr=1.0e-5)-(86-params)",classic_NN_6-6,40
29.0,29,465176,CartPole-v1,"CP-ppo-ac-NN(6,6)-(lr=1.0e-5)-(86-params)",classic_NN_6-6,40
48.0,48,465200,CartPole-v1,"CP-ppo-ac-NN(6,6)-(lr=1.0e-5)-(86-params)",classic_NN_6-6,40
74.0,74,465228,CartPole-v1,"CP-ppo-ac-NN(6,6)-(lr=1.0e-5)-(86-params)",classic_NN_6-6,40
24.0,24,465268,CartPole-v1,"CP-ppo-ac-NN(6,6)-(lr=1.0e-5)-(86-params)",classic_NN_6-6,40
39.0,39,465356,CartPole-v1,"CP-ppo-ac-NN(6,6)-(lr=1.0e-5)-(86-params)",classic_NN_6-6,40
34.0,34,465364,CartPole-v1,"CP-ppo-ac-NN(6,6)-(lr=1.0e-5)-(86-params)",classic_NN_6-6,40
50.0,50,465376,CartPole-v1,"CP-ppo-ac-NN(6,6)-(lr=1.0e-5)-(86-params)",classic_NN_6-6,40
32.0,32,465396,CartPole-v1,"CP-ppo-ac-NN(6,6)-(lr=1.0e-5)-(86-params)",classic_NN_6-6,40
27.0,27,465472,CartPole-v1,"CP-ppo-ac-NN(6,6)-(lr=1.0e-5)-(86-params)",classic_NN_6-6,40
33.0,33,465488,CartPole-v1,"CP-ppo-ac-NN(6,6)-(lr=1.0e-5)-(86-params)",classic_NN_6-6,40
35.0,35,465516,CartPole-v1,"CP-ppo-ac-NN(6,6)-(lr=1.0e-5)-(86-params)",classic_NN_6-6,40
34.0,34,465532,CartPole-v1,"CP-ppo-ac-NN(6,6)-(lr=1.0e-5)-(86-params)",classic_NN_6-6,40
33.0,33,465604,CartPole-v1,"CP-ppo-ac-NN(6,6)-(lr=1.0e-5)-(86-params)",classic_NN_6-6,40
18.0,18,465676,CartPole-v1,"CP-ppo-ac-NN(6,6)-(lr=1.0e-5)-(86-params)",classic_NN_6-6,40
43.0,43,465688,CartPole-v1,"CP-ppo-ac-NN(6,6)-(lr=1.0e-5)-(86-params)",classic_NN_6-6,40
58.0,58,465720,CartPole-v1,"CP-ppo-ac-NN(6,6)-(lr=1.0e-5)-(86-params)",classic_NN_6-6,40
48.0,48,465724,CartPole-v1,"CP-ppo-ac-NN(6,6)-(lr=1.0e-5)-(86-params)",classic_NN_6-6,40
35.0,35,465816,CartPole-v1,"CP-ppo-ac-NN(6,6)-(lr=1.0e-5)-(86-params)",classic_NN_6-6,40
36.0,36,465832,CartPole-v1,"CP-ppo-ac-NN(6,6)-(lr=1.0e-5)-(86-params)",classic_NN_6-6,40
20.0,20,465896,CartPole-v1,"CP-ppo-ac-NN(6,6)-(lr=1.0e-5)-(86-params)",classic_NN_6-6,40
18.0,18,465904,CartPole-v1,"CP-ppo-ac-NN(6,6)-(lr=1.0e-5)-(86-params)",classic_NN_6-6,40
24.0,24,465992,CartPole-v1,"CP-ppo-ac-NN(6,6)-(lr=1.0e-5)-(86-params)",classic_NN_6-6,40
30.0,30,466024,CartPole-v1,"CP-ppo-ac-NN(6,6)-(lr=1.0e-5)-(86-params)",classic_NN_6-6,40
93.0,93,466092,CartPole-v1,"CP-ppo-ac-NN(6,6)-(lr=1.0e-5)-(86-params)",classic_NN_6-6,40
27.0,27,466132,CartPole-v1,"CP-ppo-ac-NN(6,6)-(lr=1.0e-5)-(86-params)",classic_NN_6-6,40
16.0,16,466156,CartPole-v1,"CP-ppo-ac-NN(6,6)-(lr=1.0e-5)-(86-params)",classic_NN_6-6,40
55.0,55,466212,CartPole-v1,"CP-ppo-ac-NN(6,6)-(lr=1.0e-5)-(86-params)",classic_NN_6-6,40
138.0,138,466276,CartPole-v1,"CP-ppo-ac-NN(6,6)-(lr=1.0e-5)-(86-params)",classic_NN_6-6,40
17.0,17,466280,CartPole-v1,"CP-ppo-ac-NN(6,6)-(lr=1.0e-5)-(86-params)",classic_NN_6-6,40
23.0,23,466368,CartPole-v1,"CP-ppo-ac-NN(6,6)-(lr=1.0e-5)-(86-params)",classic_NN_6-6,40
24.0,24,466376,CartPole-v1,"CP-ppo-ac-NN(6,6)-(lr=1.0e-5)-(86-params)",classic_NN_6-6,40
62.0,62,466404,CartPole-v1,"CP-ppo-ac-NN(6,6)-(lr=1.0e-5)-(86-params)",classic_NN_6-6,40
34.0,34,466512,CartPole-v1,"CP-ppo-ac-NN(6,6)-(lr=1.0e-5)-(86-params)",classic_NN_6-6,40
97.0,97,466520,CartPole-v1,"CP-ppo-ac-NN(6,6)-(lr=1.0e-5)-(86-params)",classic_NN_6-6,40
53.0,53,466580,CartPole-v1,"CP-ppo-ac-NN(6,6)-(lr=1.0e-5)-(86-params)",classic_NN_6-6,40
51.0,51,466608,CartPole-v1,"CP-ppo-ac-NN(6,6)-(lr=1.0e-5)-(86-params)",classic_NN_6-6,40
26.0,26,466616,CartPole-v1,"CP-ppo-ac-NN(6,6)-(lr=1.0e-5)-(86-params)",classic_NN_6-6,40
17.0,17,466676,CartPole-v1,"CP-ppo-ac-NN(6,6)-(lr=1.0e-5)-(86-params)",classic_NN_6-6,40
42.0,42,466688,CartPole-v1,"CP-ppo-ac-NN(6,6)-(lr=1.0e-5)-(86-params)",classic_NN_6-6,40
41.0,41,466744,CartPole-v1,"CP-ppo-ac-NN(6,6)-(lr=1.0e-5)-(86-params)",classic_NN_6-6,40
34.0,34,466752,CartPole-v1,"CP-ppo-ac-NN(6,6)-(lr=1.0e-5)-(86-params)",classic_NN_6-6,40
20.0,20,466824,CartPole-v1,"CP-ppo-ac-NN(6,6)-(lr=1.0e-5)-(86-params)",classic_NN_6-6,40
43.0,43,466860,CartPole-v1,"CP-ppo-ac-NN(6,6)-(lr=1.0e-5)-(86-params)",classic_NN_6-6,40
20.0,20,466904,CartPole-v1,"CP-ppo-ac-NN(6,6)-(lr=1.0e-5)-(86-params)",classic_NN_6-6,40
61.0,61,466920,CartPole-v1,"CP-ppo-ac-NN(6,6)-(lr=1.0e-5)-(86-params)",classic_NN_6-6,40
29.0,29,466976,CartPole-v1,"CP-ppo-ac-NN(6,6)-(lr=1.0e-5)-(86-params)",classic_NN_6-6,40
19.0,19,466996,CartPole-v1,"CP-ppo-ac-NN(6,6)-(lr=1.0e-5)-(86-params)",classic_NN_6-6,40
64.0,64,467008,CartPole-v1,"CP-ppo-ac-NN(6,6)-(lr=1.0e-5)-(86-params)",classic_NN_6-6,40
26.0,26,467008,CartPole-v1,"CP-ppo-ac-NN(6,6)-(lr=1.0e-5)-(86-params)",classic_NN_6-6,40
20.0,20,467076,CartPole-v1,"CP-ppo-ac-NN(6,6)-(lr=1.0e-5)-(86-params)",classic_NN_6-6,40
39.0,39,467164,CartPole-v1,"CP-ppo-ac-NN(6,6)-(lr=1.0e-5)-(86-params)",classic_NN_6-6,40
57.0,57,467236,CartPole-v1,"CP-ppo-ac-NN(6,6)-(lr=1.0e-5)-(86-params)",classic_NN_6-6,40
42.0,42,467244,CartPole-v1,"CP-ppo-ac-NN(6,6)-(lr=1.0e-5)-(86-params)",classic_NN_6-6,40
30.0,30,467284,CartPole-v1,"CP-ppo-ac-NN(6,6)-(lr=1.0e-5)-(86-params)",classic_NN_6-6,40
14.0,14,467292,CartPole-v1,"CP-ppo-ac-NN(6,6)-(lr=1.0e-5)-(86-params)",classic_NN_6-6,40
25.0,25,467384,CartPole-v1,"CP-ppo-ac-NN(6,6)-(lr=1.0e-5)-(86-params)",classic_NN_6-6,40
31.0,31,467416,CartPole-v1,"CP-ppo-ac-NN(6,6)-(lr=1.0e-5)-(86-params)",classic_NN_6-6,40
43.0,43,467416,CartPole-v1,"CP-ppo-ac-NN(6,6)-(lr=1.0e-5)-(86-params)",classic_NN_6-6,40
117.0,117,467444,CartPole-v1,"CP-ppo-ac-NN(6,6)-(lr=1.0e-5)-(86-params)",classic_NN_6-6,40
15.0,15,467476,CartPole-v1,"CP-ppo-ac-NN(6,6)-(lr=1.0e-5)-(86-params)",classic_NN_6-6,40
39.0,39,467600,CartPole-v1,"CP-ppo-ac-NN(6,6)-(lr=1.0e-5)-(86-params)",classic_NN_6-6,40
50.0,50,467676,CartPole-v1,"CP-ppo-ac-NN(6,6)-(lr=1.0e-5)-(86-params)",classic_NN_6-6,40
82.0,82,467712,CartPole-v1,"CP-ppo-ac-NN(6,6)-(lr=1.0e-5)-(86-params)",classic_NN_6-6,40
29.0,29,467716,CartPole-v1,"CP-ppo-ac-NN(6,6)-(lr=1.0e-5)-(86-params)",classic_NN_6-6,40
83.0,83,467748,CartPole-v1,"CP-ppo-ac-NN(6,6)-(lr=1.0e-5)-(86-params)",classic_NN_6-6,40
17.0,17,467816,CartPole-v1,"CP-ppo-ac-NN(6,6)-(lr=1.0e-5)-(86-params)",classic_NN_6-6,40
41.0,41,467876,CartPole-v1,"CP-ppo-ac-NN(6,6)-(lr=1.0e-5)-(86-params)",classic_NN_6-6,40
46.0,46,467900,CartPole-v1,"CP-ppo-ac-NN(6,6)-(lr=1.0e-5)-(86-params)",classic_NN_6-6,40
61.0,61,467920,CartPole-v1,"CP-ppo-ac-NN(6,6)-(lr=1.0e-5)-(86-params)",classic_NN_6-6,40
30.0,30,468040,CartPole-v1,"CP-ppo-ac-NN(6,6)-(lr=1.0e-5)-(86-params)",classic_NN_6-6,40
36.0,36,468044,CartPole-v1,"CP-ppo-ac-NN(6,6)-(lr=1.0e-5)-(86-params)",classic_NN_6-6,40
15.0,15,468104,CartPole-v1,"CP-ppo-ac-NN(6,6)-(lr=1.0e-5)-(86-params)",classic_NN_6-6,40
59.0,59,468112,CartPole-v1,"CP-ppo-ac-NN(6,6)-(lr=1.0e-5)-(86-params)",classic_NN_6-6,40
89.0,89,468172,CartPole-v1,"CP-ppo-ac-NN(6,6)-(lr=1.0e-5)-(86-params)",classic_NN_6-6,40
26.0,26,468208,CartPole-v1,"CP-ppo-ac-NN(6,6)-(lr=1.0e-5)-(86-params)",classic_NN_6-6,40
29.0,29,468228,CartPole-v1,"CP-ppo-ac-NN(6,6)-(lr=1.0e-5)-(86-params)",classic_NN_6-6,40
23.0,23,468300,CartPole-v1,"CP-ppo-ac-NN(6,6)-(lr=1.0e-5)-(86-params)",classic_NN_6-6,40
84.0,84,468376,CartPole-v1,"CP-ppo-ac-NN(6,6)-(lr=1.0e-5)-(86-params)",classic_NN_6-6,40
47.0,47,468416,CartPole-v1,"CP-ppo-ac-NN(6,6)-(lr=1.0e-5)-(86-params)",classic_NN_6-6,40
44.0,44,468476,CartPole-v1,"CP-ppo-ac-NN(6,6)-(lr=1.0e-5)-(86-params)",classic_NN_6-6,40
90.0,90,468532,CartPole-v1,"CP-ppo-ac-NN(6,6)-(lr=1.0e-5)-(86-params)",classic_NN_6-6,40
40.0,40,468576,CartPole-v1,"CP-ppo-ac-NN(6,6)-(lr=1.0e-5)-(86-params)",classic_NN_6-6,40
26.0,26,468580,CartPole-v1,"CP-ppo-ac-NN(6,6)-(lr=1.0e-5)-(86-params)",classic_NN_6-6,40
15.0,15,468636,CartPole-v1,"CP-ppo-ac-NN(6,6)-(lr=1.0e-5)-(86-params)",classic_NN_6-6,40
70.0,70,468656,CartPole-v1,"CP-ppo-ac-NN(6,6)-(lr=1.0e-5)-(86-params)",classic_NN_6-6,40
67.0,67,468800,CartPole-v1,"CP-ppo-ac-NN(6,6)-(lr=1.0e-5)-(86-params)",classic_NN_6-6,40
47.0,47,468824,CartPole-v1,"CP-ppo-ac-NN(6,6)-(lr=1.0e-5)-(86-params)",classic_NN_6-6,40
61.0,61,468824,CartPole-v1,"CP-ppo-ac-NN(6,6)-(lr=1.0e-5)-(86-params)",classic_NN_6-6,40
45.0,45,468836,CartPole-v1,"CP-ppo-ac-NN(6,6)-(lr=1.0e-5)-(86-params)",classic_NN_6-6,40
17.0,17,468904,CartPole-v1,"CP-ppo-ac-NN(6,6)-(lr=1.0e-5)-(86-params)",classic_NN_6-6,40
37.0,37,468972,CartPole-v1,"CP-ppo-ac-NN(6,6)-(lr=1.0e-5)-(86-params)",classic_NN_6-6,40
43.0,43,468996,CartPole-v1,"CP-ppo-ac-NN(6,6)-(lr=1.0e-5)-(86-params)",classic_NN_6-6,40
54.0,54,469016,CartPole-v1,"CP-ppo-ac-NN(6,6)-(lr=1.0e-5)-(86-params)",classic_NN_6-6,40
31.0,31,469028,CartPole-v1,"CP-ppo-ac-NN(6,6)-(lr=1.0e-5)-(86-params)",classic_NN_6-6,40
16.0,16,469092,CartPole-v1,"CP-ppo-ac-NN(6,6)-(lr=1.0e-5)-(86-params)",classic_NN_6-6,40
19.0,19,469092,CartPole-v1,"CP-ppo-ac-NN(6,6)-(lr=1.0e-5)-(86-params)",classic_NN_6-6,40
54.0,54,469188,CartPole-v1,"CP-ppo-ac-NN(6,6)-(lr=1.0e-5)-(86-params)",classic_NN_6-6,40
35.0,35,469232,CartPole-v1,"CP-ppo-ac-NN(6,6)-(lr=1.0e-5)-(86-params)",classic_NN_6-6,40
66.0,66,469260,CartPole-v1,"CP-ppo-ac-NN(6,6)-(lr=1.0e-5)-(86-params)",classic_NN_6-6,40
32.0,32,469388,CartPole-v1,"CP-ppo-ac-NN(6,6)-(lr=1.0e-5)-(86-params)",classic_NN_6-6,40
75.0,75,469392,CartPole-v1,"CP-ppo-ac-NN(6,6)-(lr=1.0e-5)-(86-params)",classic_NN_6-6,40
62.0,62,469436,CartPole-v1,"CP-ppo-ac-NN(6,6)-(lr=1.0e-5)-(86-params)",classic_NN_6-6,40
58.0,58,469464,CartPole-v1,"CP-ppo-ac-NN(6,6)-(lr=1.0e-5)-(86-params)",classic_NN_6-6,40
24.0,24,469484,CartPole-v1,"CP-ppo-ac-NN(6,6)-(lr=1.0e-5)-(86-params)",classic_NN_6-6,40
49.0,49,469632,CartPole-v1,"CP-ppo-ac-NN(6,6)-(lr=1.0e-5)-(86-params)",classic_NN_6-6,40
72.0,72,469680,CartPole-v1,"CP-ppo-ac-NN(6,6)-(lr=1.0e-5)-(86-params)",classic_NN_6-6,40
73.0,73,469756,CartPole-v1,"CP-ppo-ac-NN(6,6)-(lr=1.0e-5)-(86-params)",classic_NN_6-6,40
11.0,11,469800,CartPole-v1,"CP-ppo-ac-NN(6,6)-(lr=1.0e-5)-(86-params)",classic_NN_6-6,40
81.0,81,469808,CartPole-v1,"CP-ppo-ac-NN(6,6)-(lr=1.0e-5)-(86-params)",classic_NN_6-6,40
48.0,48,469824,CartPole-v1,"CP-ppo-ac-NN(6,6)-(lr=1.0e-5)-(86-params)",classic_NN_6-6,40
34.0,34,469936,CartPole-v1,"CP-ppo-ac-NN(6,6)-(lr=1.0e-5)-(86-params)",classic_NN_6-6,40
67.0,67,469948,CartPole-v1,"CP-ppo-ac-NN(6,6)-(lr=1.0e-5)-(86-params)",classic_NN_6-6,40
41.0,41,469988,CartPole-v1,"CP-ppo-ac-NN(6,6)-(lr=1.0e-5)-(86-params)",classic_NN_6-6,40
21.0,21,470072,CartPole-v1,"CP-ppo-ac-NN(6,6)-(lr=1.0e-5)-(86-params)",classic_NN_6-6,40
38.0,38,470088,CartPole-v1,"CP-ppo-ac-NN(6,6)-(lr=1.0e-5)-(86-params)",classic_NN_6-6,40
71.0,71,470092,CartPole-v1,"CP-ppo-ac-NN(6,6)-(lr=1.0e-5)-(86-params)",classic_NN_6-6,40
37.0,37,470096,CartPole-v1,"CP-ppo-ac-NN(6,6)-(lr=1.0e-5)-(86-params)",classic_NN_6-6,40
19.0,19,470148,CartPole-v1,"CP-ppo-ac-NN(6,6)-(lr=1.0e-5)-(86-params)",classic_NN_6-6,40
21.0,21,470172,CartPole-v1,"CP-ppo-ac-NN(6,6)-(lr=1.0e-5)-(86-params)",classic_NN_6-6,40
16.0,16,470212,CartPole-v1,"CP-ppo-ac-NN(6,6)-(lr=1.0e-5)-(86-params)",classic_NN_6-6,40
40.0,40,470256,CartPole-v1,"CP-ppo-ac-NN(6,6)-(lr=1.0e-5)-(86-params)",classic_NN_6-6,40
46.0,46,470356,CartPole-v1,"CP-ppo-ac-NN(6,6)-(lr=1.0e-5)-(86-params)",classic_NN_6-6,40
51.0,51,470416,CartPole-v1,"CP-ppo-ac-NN(6,6)-(lr=1.0e-5)-(86-params)",classic_NN_6-6,40
89.0,89,470448,CartPole-v1,"CP-ppo-ac-NN(6,6)-(lr=1.0e-5)-(86-params)",classic_NN_6-6,40
54.0,54,470472,CartPole-v1,"CP-ppo-ac-NN(6,6)-(lr=1.0e-5)-(86-params)",classic_NN_6-6,40
23.0,23,470508,CartPole-v1,"CP-ppo-ac-NN(6,6)-(lr=1.0e-5)-(86-params)",classic_NN_6-6,40
48.0,48,470548,CartPole-v1,"CP-ppo-ac-NN(6,6)-(lr=1.0e-5)-(86-params)",classic_NN_6-6,40
33.0,33,470580,CartPole-v1,"CP-ppo-ac-NN(6,6)-(lr=1.0e-5)-(86-params)",classic_NN_6-6,40
17.0,17,470616,CartPole-v1,"CP-ppo-ac-NN(6,6)-(lr=1.0e-5)-(86-params)",classic_NN_6-6,40
46.0,46,470656,CartPole-v1,"CP-ppo-ac-NN(6,6)-(lr=1.0e-5)-(86-params)",classic_NN_6-6,40
23.0,23,470708,CartPole-v1,"CP-ppo-ac-NN(6,6)-(lr=1.0e-5)-(86-params)",classic_NN_6-6,40
36.0,36,470724,CartPole-v1,"CP-ppo-ac-NN(6,6)-(lr=1.0e-5)-(86-params)",classic_NN_6-6,40
31.0,31,470780,CartPole-v1,"CP-ppo-ac-NN(6,6)-(lr=1.0e-5)-(86-params)",classic_NN_6-6,40
37.0,37,470856,CartPole-v1,"CP-ppo-ac-NN(6,6)-(lr=1.0e-5)-(86-params)",classic_NN_6-6,40
93.0,93,470880,CartPole-v1,"CP-ppo-ac-NN(6,6)-(lr=1.0e-5)-(86-params)",classic_NN_6-6,40
43.0,43,470896,CartPole-v1,"CP-ppo-ac-NN(6,6)-(lr=1.0e-5)-(86-params)",classic_NN_6-6,40
39.0,39,470936,CartPole-v1,"CP-ppo-ac-NN(6,6)-(lr=1.0e-5)-(86-params)",classic_NN_6-6,40
24.0,24,470992,CartPole-v1,"CP-ppo-ac-NN(6,6)-(lr=1.0e-5)-(86-params)",classic_NN_6-6,40
35.0,35,470996,CartPole-v1,"CP-ppo-ac-NN(6,6)-(lr=1.0e-5)-(86-params)",classic_NN_6-6,40
25.0,25,471092,CartPole-v1,"CP-ppo-ac-NN(6,6)-(lr=1.0e-5)-(86-params)",classic_NN_6-6,40
17.0,17,471160,CartPole-v1,"CP-ppo-ac-NN(6,6)-(lr=1.0e-5)-(86-params)",classic_NN_6-6,40
57.0,57,471164,CartPole-v1,"CP-ppo-ac-NN(6,6)-(lr=1.0e-5)-(86-params)",classic_NN_6-6,40
49.0,49,471192,CartPole-v1,"CP-ppo-ac-NN(6,6)-(lr=1.0e-5)-(86-params)",classic_NN_6-6,40
13.0,13,471216,CartPole-v1,"CP-ppo-ac-NN(6,6)-(lr=1.0e-5)-(86-params)",classic_NN_6-6,40
94.0,94,471256,CartPole-v1,"CP-ppo-ac-NN(6,6)-(lr=1.0e-5)-(86-params)",classic_NN_6-6,40
18.0,18,471288,CartPole-v1,"CP-ppo-ac-NN(6,6)-(lr=1.0e-5)-(86-params)",classic_NN_6-6,40
22.0,22,471344,CartPole-v1,"CP-ppo-ac-NN(6,6)-(lr=1.0e-5)-(86-params)",classic_NN_6-6,40
54.0,54,471376,CartPole-v1,"CP-ppo-ac-NN(6,6)-(lr=1.0e-5)-(86-params)",classic_NN_6-6,40
22.0,22,471376,CartPole-v1,"CP-ppo-ac-NN(6,6)-(lr=1.0e-5)-(86-params)",classic_NN_6-6,40
56.0,56,471416,CartPole-v1,"CP-ppo-ac-NN(6,6)-(lr=1.0e-5)-(86-params)",classic_NN_6-6,40
28.0,28,471488,CartPole-v1,"CP-ppo-ac-NN(6,6)-(lr=1.0e-5)-(86-params)",classic_NN_6-6,40
37.0,37,471492,CartPole-v1,"CP-ppo-ac-NN(6,6)-(lr=1.0e-5)-(86-params)",classic_NN_6-6,40
26.0,26,471520,CartPole-v1,"CP-ppo-ac-NN(6,6)-(lr=1.0e-5)-(86-params)",classic_NN_6-6,40
17.0,17,471556,CartPole-v1,"CP-ppo-ac-NN(6,6)-(lr=1.0e-5)-(86-params)",classic_NN_6-6,40
14.0,14,471576,CartPole-v1,"CP-ppo-ac-NN(6,6)-(lr=1.0e-5)-(86-params)",classic_NN_6-6,40
52.0,52,471584,CartPole-v1,"CP-ppo-ac-NN(6,6)-(lr=1.0e-5)-(86-params)",classic_NN_6-6,40
9.0,9,471592,CartPole-v1,"CP-ppo-ac-NN(6,6)-(lr=1.0e-5)-(86-params)",classic_NN_6-6,40
29.0,29,471608,CartPole-v1,"CP-ppo-ac-NN(6,6)-(lr=1.0e-5)-(86-params)",classic_NN_6-6,40
31.0,31,471716,CartPole-v1,"CP-ppo-ac-NN(6,6)-(lr=1.0e-5)-(86-params)",classic_NN_6-6,40
37.0,37,471724,CartPole-v1,"CP-ppo-ac-NN(6,6)-(lr=1.0e-5)-(86-params)",classic_NN_6-6,40
46.0,46,471768,CartPole-v1,"CP-ppo-ac-NN(6,6)-(lr=1.0e-5)-(86-params)",classic_NN_6-6,40
52.0,52,471816,CartPole-v1,"CP-ppo-ac-NN(6,6)-(lr=1.0e-5)-(86-params)",classic_NN_6-6,40
25.0,25,471824,CartPole-v1,"CP-ppo-ac-NN(6,6)-(lr=1.0e-5)-(86-params)",classic_NN_6-6,40
19.0,19,471844,CartPole-v1,"CP-ppo-ac-NN(6,6)-(lr=1.0e-5)-(86-params)",classic_NN_6-6,40
51.0,51,471920,CartPole-v1,"CP-ppo-ac-NN(6,6)-(lr=1.0e-5)-(86-params)",classic_NN_6-6,40
23.0,23,471936,CartPole-v1,"CP-ppo-ac-NN(6,6)-(lr=1.0e-5)-(86-params)",classic_NN_6-6,40
34.0,34,471952,CartPole-v1,"CP-ppo-ac-NN(6,6)-(lr=1.0e-5)-(86-params)",classic_NN_6-6,40
32.0,32,471952,CartPole-v1,"CP-ppo-ac-NN(6,6)-(lr=1.0e-5)-(86-params)",classic_NN_6-6,40
29.0,29,472036,CartPole-v1,"CP-ppo-ac-NN(6,6)-(lr=1.0e-5)-(86-params)",classic_NN_6-6,40
28.0,28,472064,CartPole-v1,"CP-ppo-ac-NN(6,6)-(lr=1.0e-5)-(86-params)",classic_NN_6-6,40
46.0,46,472136,CartPole-v1,"CP-ppo-ac-NN(6,6)-(lr=1.0e-5)-(86-params)",classic_NN_6-6,40
49.0,49,472232,CartPole-v1,"CP-ppo-ac-NN(6,6)-(lr=1.0e-5)-(86-params)",classic_NN_6-6,40
85.0,85,472276,CartPole-v1,"CP-ppo-ac-NN(6,6)-(lr=1.0e-5)-(86-params)",classic_NN_6-6,40
59.0,59,472300,CartPole-v1,"CP-ppo-ac-NN(6,6)-(lr=1.0e-5)-(86-params)",classic_NN_6-6,40
44.0,44,472312,CartPole-v1,"CP-ppo-ac-NN(6,6)-(lr=1.0e-5)-(86-params)",classic_NN_6-6,40
42.0,42,472400,CartPole-v1,"CP-ppo-ac-NN(6,6)-(lr=1.0e-5)-(86-params)",classic_NN_6-6,40
26.0,26,472404,CartPole-v1,"CP-ppo-ac-NN(6,6)-(lr=1.0e-5)-(86-params)",classic_NN_6-6,40
42.0,42,472568,CartPole-v1,"CP-ppo-ac-NN(6,6)-(lr=1.0e-5)-(86-params)",classic_NN_6-6,40
74.0,74,472572,CartPole-v1,"CP-ppo-ac-NN(6,6)-(lr=1.0e-5)-(86-params)",classic_NN_6-6,40
68.0,68,472584,CartPole-v1,"CP-ppo-ac-NN(6,6)-(lr=1.0e-5)-(86-params)",classic_NN_6-6,40
14.0,14,472628,CartPole-v1,"CP-ppo-ac-NN(6,6)-(lr=1.0e-5)-(86-params)",classic_NN_6-6,40
63.0,63,472656,CartPole-v1,"CP-ppo-ac-NN(6,6)-(lr=1.0e-5)-(86-params)",classic_NN_6-6,40
36.0,36,472728,CartPole-v1,"CP-ppo-ac-NN(6,6)-(lr=1.0e-5)-(86-params)",classic_NN_6-6,40
49.0,49,472764,CartPole-v1,"CP-ppo-ac-NN(6,6)-(lr=1.0e-5)-(86-params)",classic_NN_6-6,40
33.0,33,472860,CartPole-v1,"CP-ppo-ac-NN(6,6)-(lr=1.0e-5)-(86-params)",classic_NN_6-6,40
53.0,53,472868,CartPole-v1,"CP-ppo-ac-NN(6,6)-(lr=1.0e-5)-(86-params)",classic_NN_6-6,40
20.0,20,472940,CartPole-v1,"CP-ppo-ac-NN(6,6)-(lr=1.0e-5)-(86-params)",classic_NN_6-6,40
79.0,79,472944,CartPole-v1,"CP-ppo-ac-NN(6,6)-(lr=1.0e-5)-(86-params)",classic_NN_6-6,40
20.0,20,472948,CartPole-v1,"CP-ppo-ac-NN(6,6)-(lr=1.0e-5)-(86-params)",classic_NN_6-6,40
49.0,49,472960,CartPole-v1,"CP-ppo-ac-NN(6,6)-(lr=1.0e-5)-(86-params)",classic_NN_6-6,40
31.0,31,473068,CartPole-v1,"CP-ppo-ac-NN(6,6)-(lr=1.0e-5)-(86-params)",classic_NN_6-6,40
45.0,45,473120,CartPole-v1,"CP-ppo-ac-NN(6,6)-(lr=1.0e-5)-(86-params)",classic_NN_6-6,40
33.0,33,473200,CartPole-v1,"CP-ppo-ac-NN(6,6)-(lr=1.0e-5)-(86-params)",classic_NN_6-6,40
60.0,60,473200,CartPole-v1,"CP-ppo-ac-NN(6,6)-(lr=1.0e-5)-(86-params)",classic_NN_6-6,40
75.0,75,473248,CartPole-v1,"CP-ppo-ac-NN(6,6)-(lr=1.0e-5)-(86-params)",classic_NN_6-6,40
35.0,35,473260,CartPole-v1,"CP-ppo-ac-NN(6,6)-(lr=1.0e-5)-(86-params)",classic_NN_6-6,40
28.0,28,473312,CartPole-v1,"CP-ppo-ac-NN(6,6)-(lr=1.0e-5)-(86-params)",classic_NN_6-6,40
35.0,35,473400,CartPole-v1,"CP-ppo-ac-NN(6,6)-(lr=1.0e-5)-(86-params)",classic_NN_6-6,40
43.0,43,473420,CartPole-v1,"CP-ppo-ac-NN(6,6)-(lr=1.0e-5)-(86-params)",classic_NN_6-6,40
38.0,38,473464,CartPole-v1,"CP-ppo-ac-NN(6,6)-(lr=1.0e-5)-(86-params)",classic_NN_6-6,40
67.0,67,473468,CartPole-v1,"CP-ppo-ac-NN(6,6)-(lr=1.0e-5)-(86-params)",classic_NN_6-6,40
28.0,28,473512,CartPole-v1,"CP-ppo-ac-NN(6,6)-(lr=1.0e-5)-(86-params)",classic_NN_6-6,40
44.0,44,473596,CartPole-v1,"CP-ppo-ac-NN(6,6)-(lr=1.0e-5)-(86-params)",classic_NN_6-6,40
32.0,32,473596,CartPole-v1,"CP-ppo-ac-NN(6,6)-(lr=1.0e-5)-(86-params)",classic_NN_6-6,40
30.0,30,473632,CartPole-v1,"CP-ppo-ac-NN(6,6)-(lr=1.0e-5)-(86-params)",classic_NN_6-6,40
46.0,46,473648,CartPole-v1,"CP-ppo-ac-NN(6,6)-(lr=1.0e-5)-(86-params)",classic_NN_6-6,40
21.0,21,473732,CartPole-v1,"CP-ppo-ac-NN(6,6)-(lr=1.0e-5)-(86-params)",classic_NN_6-6,40
33.0,33,473764,CartPole-v1,"CP-ppo-ac-NN(6,6)-(lr=1.0e-5)-(86-params)",classic_NN_6-6,40
44.0,44,473772,CartPole-v1,"CP-ppo-ac-NN(6,6)-(lr=1.0e-5)-(86-params)",classic_NN_6-6,40
54.0,54,473812,CartPole-v1,"CP-ppo-ac-NN(6,6)-(lr=1.0e-5)-(86-params)",classic_NN_6-6,40
33.0,33,473896,CartPole-v1,"CP-ppo-ac-NN(6,6)-(lr=1.0e-5)-(86-params)",classic_NN_6-6,40
54.0,54,473948,CartPole-v1,"CP-ppo-ac-NN(6,6)-(lr=1.0e-5)-(86-params)",classic_NN_6-6,40
40.0,40,473972,CartPole-v1,"CP-ppo-ac-NN(6,6)-(lr=1.0e-5)-(86-params)",classic_NN_6-6,40
15.0,15,474008,CartPole-v1,"CP-ppo-ac-NN(6,6)-(lr=1.0e-5)-(86-params)",classic_NN_6-6,40
63.0,63,474024,CartPole-v1,"CP-ppo-ac-NN(6,6)-(lr=1.0e-5)-(86-params)",classic_NN_6-6,40
25.0,25,474072,CartPole-v1,"CP-ppo-ac-NN(6,6)-(lr=1.0e-5)-(86-params)",classic_NN_6-6,40
56.0,56,474120,CartPole-v1,"CP-ppo-ac-NN(6,6)-(lr=1.0e-5)-(86-params)",classic_NN_6-6,40
41.0,41,474172,CartPole-v1,"CP-ppo-ac-NN(6,6)-(lr=1.0e-5)-(86-params)",classic_NN_6-6,40
49.0,49,474220,CartPole-v1,"CP-ppo-ac-NN(6,6)-(lr=1.0e-5)-(86-params)",classic_NN_6-6,40
41.0,41,474236,CartPole-v1,"CP-ppo-ac-NN(6,6)-(lr=1.0e-5)-(86-params)",classic_NN_6-6,40
21.0,21,474320,CartPole-v1,"CP-ppo-ac-NN(6,6)-(lr=1.0e-5)-(86-params)",classic_NN_6-6,40
27.0,27,474328,CartPole-v1,"CP-ppo-ac-NN(6,6)-(lr=1.0e-5)-(86-params)",classic_NN_6-6,40
61.0,61,474364,CartPole-v1,"CP-ppo-ac-NN(6,6)-(lr=1.0e-5)-(86-params)",classic_NN_6-6,40
15.0,15,474424,CartPole-v1,"CP-ppo-ac-NN(6,6)-(lr=1.0e-5)-(86-params)",classic_NN_6-6,40
25.0,25,474428,CartPole-v1,"CP-ppo-ac-NN(6,6)-(lr=1.0e-5)-(86-params)",classic_NN_6-6,40
67.0,67,474440,CartPole-v1,"CP-ppo-ac-NN(6,6)-(lr=1.0e-5)-(86-params)",classic_NN_6-6,40
55.0,55,474540,CartPole-v1,"CP-ppo-ac-NN(6,6)-(lr=1.0e-5)-(86-params)",classic_NN_6-6,40
36.0,36,474572,CartPole-v1,"CP-ppo-ac-NN(6,6)-(lr=1.0e-5)-(86-params)",classic_NN_6-6,40
47.0,47,474612,CartPole-v1,"CP-ppo-ac-NN(6,6)-(lr=1.0e-5)-(86-params)",classic_NN_6-6,40
44.0,44,474616,CartPole-v1,"CP-ppo-ac-NN(6,6)-(lr=1.0e-5)-(86-params)",classic_NN_6-6,40
20.0,20,474652,CartPole-v1,"CP-ppo-ac-NN(6,6)-(lr=1.0e-5)-(86-params)",classic_NN_6-6,40
31.0,31,474664,CartPole-v1,"CP-ppo-ac-NN(6,6)-(lr=1.0e-5)-(86-params)",classic_NN_6-6,40
24.0,24,474712,CartPole-v1,"CP-ppo-ac-NN(6,6)-(lr=1.0e-5)-(86-params)",classic_NN_6-6,40
37.0,37,474760,CartPole-v1,"CP-ppo-ac-NN(6,6)-(lr=1.0e-5)-(86-params)",classic_NN_6-6,40
15.0,15,474772,CartPole-v1,"CP-ppo-ac-NN(6,6)-(lr=1.0e-5)-(86-params)",classic_NN_6-6,40
15.0,15,474832,CartPole-v1,"CP-ppo-ac-NN(6,6)-(lr=1.0e-5)-(86-params)",classic_NN_6-6,40
45.0,45,474832,CartPole-v1,"CP-ppo-ac-NN(6,6)-(lr=1.0e-5)-(86-params)",classic_NN_6-6,40
50.0,50,474864,CartPole-v1,"CP-ppo-ac-NN(6,6)-(lr=1.0e-5)-(86-params)",classic_NN_6-6,40
23.0,23,474924,CartPole-v1,"CP-ppo-ac-NN(6,6)-(lr=1.0e-5)-(86-params)",classic_NN_6-6,40
18.0,18,474936,CartPole-v1,"CP-ppo-ac-NN(6,6)-(lr=1.0e-5)-(86-params)",classic_NN_6-6,40
39.0,39,474988,CartPole-v1,"CP-ppo-ac-NN(6,6)-(lr=1.0e-5)-(86-params)",classic_NN_6-6,40
59.0,59,474996,CartPole-v1,"CP-ppo-ac-NN(6,6)-(lr=1.0e-5)-(86-params)",classic_NN_6-6,40
21.0,21,475020,CartPole-v1,"CP-ppo-ac-NN(6,6)-(lr=1.0e-5)-(86-params)",classic_NN_6-6,40
12.0,12,475036,CartPole-v1,"CP-ppo-ac-NN(6,6)-(lr=1.0e-5)-(86-params)",classic_NN_6-6,40
29.0,29,475040,CartPole-v1,"CP-ppo-ac-NN(6,6)-(lr=1.0e-5)-(86-params)",classic_NN_6-6,40
33.0,33,475128,CartPole-v1,"CP-ppo-ac-NN(6,6)-(lr=1.0e-5)-(86-params)",classic_NN_6-6,40
54.0,54,475256,CartPole-v1,"CP-ppo-ac-NN(6,6)-(lr=1.0e-5)-(86-params)",classic_NN_6-6,40
79.0,79,475336,CartPole-v1,"CP-ppo-ac-NN(6,6)-(lr=1.0e-5)-(86-params)",classic_NN_6-6,40
20.0,20,475336,CartPole-v1,"CP-ppo-ac-NN(6,6)-(lr=1.0e-5)-(86-params)",classic_NN_6-6,40
65.0,65,475388,CartPole-v1,"CP-ppo-ac-NN(6,6)-(lr=1.0e-5)-(86-params)",classic_NN_6-6,40
92.0,92,475404,CartPole-v1,"CP-ppo-ac-NN(6,6)-(lr=1.0e-5)-(86-params)",classic_NN_6-6,40
18.0,18,475460,CartPole-v1,"CP-ppo-ac-NN(6,6)-(lr=1.0e-5)-(86-params)",classic_NN_6-6,40
33.0,33,475468,CartPole-v1,"CP-ppo-ac-NN(6,6)-(lr=1.0e-5)-(86-params)",classic_NN_6-6,40
48.0,48,475528,CartPole-v1,"CP-ppo-ac-NN(6,6)-(lr=1.0e-5)-(86-params)",classic_NN_6-6,40
47.0,47,475648,CartPole-v1,"CP-ppo-ac-NN(6,6)-(lr=1.0e-5)-(86-params)",classic_NN_6-6,40
35.0,35,475668,CartPole-v1,"CP-ppo-ac-NN(6,6)-(lr=1.0e-5)-(86-params)",classic_NN_6-6,40
53.0,53,475680,CartPole-v1,"CP-ppo-ac-NN(6,6)-(lr=1.0e-5)-(86-params)",classic_NN_6-6,40
19.0,19,475724,CartPole-v1,"CP-ppo-ac-NN(6,6)-(lr=1.0e-5)-(86-params)",classic_NN_6-6,40
99.0,99,475800,CartPole-v1,"CP-ppo-ac-NN(6,6)-(lr=1.0e-5)-(86-params)",classic_NN_6-6,40
33.0,33,475800,CartPole-v1,"CP-ppo-ac-NN(6,6)-(lr=1.0e-5)-(86-params)",classic_NN_6-6,40
39.0,39,475836,CartPole-v1,"CP-ppo-ac-NN(6,6)-(lr=1.0e-5)-(86-params)",classic_NN_6-6,40
13.0,13,475888,CartPole-v1,"CP-ppo-ac-NN(6,6)-(lr=1.0e-5)-(86-params)",classic_NN_6-6,40
36.0,36,475944,CartPole-v1,"CP-ppo-ac-NN(6,6)-(lr=1.0e-5)-(86-params)",classic_NN_6-6,40
38.0,38,475952,CartPole-v1,"CP-ppo-ac-NN(6,6)-(lr=1.0e-5)-(86-params)",classic_NN_6-6,40
76.0,76,476028,CartPole-v1,"CP-ppo-ac-NN(6,6)-(lr=1.0e-5)-(86-params)",classic_NN_6-6,40
67.0,67,476156,CartPole-v1,"CP-ppo-ac-NN(6,6)-(lr=1.0e-5)-(86-params)",classic_NN_6-6,40
37.0,37,476176,CartPole-v1,"CP-ppo-ac-NN(6,6)-(lr=1.0e-5)-(86-params)",classic_NN_6-6,40
63.0,63,476196,CartPole-v1,"CP-ppo-ac-NN(6,6)-(lr=1.0e-5)-(86-params)",classic_NN_6-6,40
66.0,66,476216,CartPole-v1,"CP-ppo-ac-NN(6,6)-(lr=1.0e-5)-(86-params)",classic_NN_6-6,40
24.0,24,476272,CartPole-v1,"CP-ppo-ac-NN(6,6)-(lr=1.0e-5)-(86-params)",classic_NN_6-6,40
20.0,20,476276,CartPole-v1,"CP-ppo-ac-NN(6,6)-(lr=1.0e-5)-(86-params)",classic_NN_6-6,40
23.0,23,476308,CartPole-v1,"CP-ppo-ac-NN(6,6)-(lr=1.0e-5)-(86-params)",classic_NN_6-6,40
65.0,65,476416,CartPole-v1,"CP-ppo-ac-NN(6,6)-(lr=1.0e-5)-(86-params)",classic_NN_6-6,40
39.0,39,476428,CartPole-v1,"CP-ppo-ac-NN(6,6)-(lr=1.0e-5)-(86-params)",classic_NN_6-6,40
39.0,39,476432,CartPole-v1,"CP-ppo-ac-NN(6,6)-(lr=1.0e-5)-(86-params)",classic_NN_6-6,40
15.0,15,476488,CartPole-v1,"CP-ppo-ac-NN(6,6)-(lr=1.0e-5)-(86-params)",classic_NN_6-6,40
69.0,69,476584,CartPole-v1,"CP-ppo-ac-NN(6,6)-(lr=1.0e-5)-(86-params)",classic_NN_6-6,40
28.0,28,476600,CartPole-v1,"CP-ppo-ac-NN(6,6)-(lr=1.0e-5)-(86-params)",classic_NN_6-6,40
56.0,56,476640,CartPole-v1,"CP-ppo-ac-NN(6,6)-(lr=1.0e-5)-(86-params)",classic_NN_6-6,40
25.0,25,476700,CartPole-v1,"CP-ppo-ac-NN(6,6)-(lr=1.0e-5)-(86-params)",classic_NN_6-6,40
73.0,73,476724,CartPole-v1,"CP-ppo-ac-NN(6,6)-(lr=1.0e-5)-(86-params)",classic_NN_6-6,40
37.0,37,476732,CartPole-v1,"CP-ppo-ac-NN(6,6)-(lr=1.0e-5)-(86-params)",classic_NN_6-6,40
13.0,13,476784,CartPole-v1,"CP-ppo-ac-NN(6,6)-(lr=1.0e-5)-(86-params)",classic_NN_6-6,40
38.0,38,476792,CartPole-v1,"CP-ppo-ac-NN(6,6)-(lr=1.0e-5)-(86-params)",classic_NN_6-6,40
25.0,25,476884,CartPole-v1,"CP-ppo-ac-NN(6,6)-(lr=1.0e-5)-(86-params)",classic_NN_6-6,40
30.0,30,476912,CartPole-v1,"CP-ppo-ac-NN(6,6)-(lr=1.0e-5)-(86-params)",classic_NN_6-6,40
57.0,57,476928,CartPole-v1,"CP-ppo-ac-NN(6,6)-(lr=1.0e-5)-(86-params)",classic_NN_6-6,40
70.0,70,477004,CartPole-v1,"CP-ppo-ac-NN(6,6)-(lr=1.0e-5)-(86-params)",classic_NN_6-6,40
19.0,19,477080,CartPole-v1,"CP-ppo-ac-NN(6,6)-(lr=1.0e-5)-(86-params)",classic_NN_6-6,40
43.0,43,477084,CartPole-v1,"CP-ppo-ac-NN(6,6)-(lr=1.0e-5)-(86-params)",classic_NN_6-6,40
74.0,74,477224,CartPole-v1,"CP-ppo-ac-NN(6,6)-(lr=1.0e-5)-(86-params)",classic_NN_6-6,40
40.0,40,477244,CartPole-v1,"CP-ppo-ac-NN(6,6)-(lr=1.0e-5)-(86-params)",classic_NN_6-6,40
46.0,46,477264,CartPole-v1,"CP-ppo-ac-NN(6,6)-(lr=1.0e-5)-(86-params)",classic_NN_6-6,40
12.0,12,477272,CartPole-v1,"CP-ppo-ac-NN(6,6)-(lr=1.0e-5)-(86-params)",classic_NN_6-6,40
116.0,116,477348,CartPole-v1,"CP-ppo-ac-NN(6,6)-(lr=1.0e-5)-(86-params)",classic_NN_6-6,40
42.0,42,477412,CartPole-v1,"CP-ppo-ac-NN(6,6)-(lr=1.0e-5)-(86-params)",classic_NN_6-6,40
19.0,19,477424,CartPole-v1,"CP-ppo-ac-NN(6,6)-(lr=1.0e-5)-(86-params)",classic_NN_6-6,40
54.0,54,477480,CartPole-v1,"CP-ppo-ac-NN(6,6)-(lr=1.0e-5)-(86-params)",classic_NN_6-6,40
17.0,17,477480,CartPole-v1,"CP-ppo-ac-NN(6,6)-(lr=1.0e-5)-(86-params)",classic_NN_6-6,40
32.0,32,477552,CartPole-v1,"CP-ppo-ac-NN(6,6)-(lr=1.0e-5)-(86-params)",classic_NN_6-6,40
73.0,73,477564,CartPole-v1,"CP-ppo-ac-NN(6,6)-(lr=1.0e-5)-(86-params)",classic_NN_6-6,40
22.0,22,477568,CartPole-v1,"CP-ppo-ac-NN(6,6)-(lr=1.0e-5)-(86-params)",classic_NN_6-6,40
23.0,23,477572,CartPole-v1,"CP-ppo-ac-NN(6,6)-(lr=1.0e-5)-(86-params)",classic_NN_6-6,40
17.0,17,477632,CartPole-v1,"CP-ppo-ac-NN(6,6)-(lr=1.0e-5)-(86-params)",classic_NN_6-6,40
38.0,38,477724,CartPole-v1,"CP-ppo-ac-NN(6,6)-(lr=1.0e-5)-(86-params)",classic_NN_6-6,40
45.0,45,477732,CartPole-v1,"CP-ppo-ac-NN(6,6)-(lr=1.0e-5)-(86-params)",classic_NN_6-6,40
12.0,12,477780,CartPole-v1,"CP-ppo-ac-NN(6,6)-(lr=1.0e-5)-(86-params)",classic_NN_6-6,40
20.0,20,477804,CartPole-v1,"CP-ppo-ac-NN(6,6)-(lr=1.0e-5)-(86-params)",classic_NN_6-6,40
69.0,69,477908,CartPole-v1,"CP-ppo-ac-NN(6,6)-(lr=1.0e-5)-(86-params)",classic_NN_6-6,40
88.0,88,477920,CartPole-v1,"CP-ppo-ac-NN(6,6)-(lr=1.0e-5)-(86-params)",classic_NN_6-6,40
53.0,53,477992,CartPole-v1,"CP-ppo-ac-NN(6,6)-(lr=1.0e-5)-(86-params)",classic_NN_6-6,40
23.0,23,478012,CartPole-v1,"CP-ppo-ac-NN(6,6)-(lr=1.0e-5)-(86-params)",classic_NN_6-6,40
57.0,57,478032,CartPole-v1,"CP-ppo-ac-NN(6,6)-(lr=1.0e-5)-(86-params)",classic_NN_6-6,40
35.0,35,478048,CartPole-v1,"CP-ppo-ac-NN(6,6)-(lr=1.0e-5)-(86-params)",classic_NN_6-6,40
15.0,15,478092,CartPole-v1,"CP-ppo-ac-NN(6,6)-(lr=1.0e-5)-(86-params)",classic_NN_6-6,40
31.0,31,478116,CartPole-v1,"CP-ppo-ac-NN(6,6)-(lr=1.0e-5)-(86-params)",classic_NN_6-6,40
22.0,22,478204,CartPole-v1,"CP-ppo-ac-NN(6,6)-(lr=1.0e-5)-(86-params)",classic_NN_6-6,40
42.0,42,478216,CartPole-v1,"CP-ppo-ac-NN(6,6)-(lr=1.0e-5)-(86-params)",classic_NN_6-6,40
18.0,18,478276,CartPole-v1,"CP-ppo-ac-NN(6,6)-(lr=1.0e-5)-(86-params)",classic_NN_6-6,40
70.0,70,478292,CartPole-v1,"CP-ppo-ac-NN(6,6)-(lr=1.0e-5)-(86-params)",classic_NN_6-6,40
51.0,51,478296,CartPole-v1,"CP-ppo-ac-NN(6,6)-(lr=1.0e-5)-(86-params)",classic_NN_6-6,40
18.0,18,478368,CartPole-v1,"CP-ppo-ac-NN(6,6)-(lr=1.0e-5)-(86-params)",classic_NN_6-6,40
47.0,47,478464,CartPole-v1,"CP-ppo-ac-NN(6,6)-(lr=1.0e-5)-(86-params)",classic_NN_6-6,40
44.0,44,478468,CartPole-v1,"CP-ppo-ac-NN(6,6)-(lr=1.0e-5)-(86-params)",classic_NN_6-6,40
78.0,78,478528,CartPole-v1,"CP-ppo-ac-NN(6,6)-(lr=1.0e-5)-(86-params)",classic_NN_6-6,40
20.0,20,478548,CartPole-v1,"CP-ppo-ac-NN(6,6)-(lr=1.0e-5)-(86-params)",classic_NN_6-6,40
41.0,41,478628,CartPole-v1,"CP-ppo-ac-NN(6,6)-(lr=1.0e-5)-(86-params)",classic_NN_6-6,40
21.0,21,478632,CartPole-v1,"CP-ppo-ac-NN(6,6)-(lr=1.0e-5)-(86-params)",classic_NN_6-6,40
19.0,19,478704,CartPole-v1,"CP-ppo-ac-NN(6,6)-(lr=1.0e-5)-(86-params)",classic_NN_6-6,40
89.0,89,478724,CartPole-v1,"CP-ppo-ac-NN(6,6)-(lr=1.0e-5)-(86-params)",classic_NN_6-6,40
30.0,30,478752,CartPole-v1,"CP-ppo-ac-NN(6,6)-(lr=1.0e-5)-(86-params)",classic_NN_6-6,40
13.0,13,478776,CartPole-v1,"CP-ppo-ac-NN(6,6)-(lr=1.0e-5)-(86-params)",classic_NN_6-6,40
20.0,20,478784,CartPole-v1,"CP-ppo-ac-NN(6,6)-(lr=1.0e-5)-(86-params)",classic_NN_6-6,40
68.0,68,478800,CartPole-v1,"CP-ppo-ac-NN(6,6)-(lr=1.0e-5)-(86-params)",classic_NN_6-6,40
15.0,15,478836,CartPole-v1,"CP-ppo-ac-NN(6,6)-(lr=1.0e-5)-(86-params)",classic_NN_6-6,40
30.0,30,478904,CartPole-v1,"CP-ppo-ac-NN(6,6)-(lr=1.0e-5)-(86-params)",classic_NN_6-6,40
20.0,20,478916,CartPole-v1,"CP-ppo-ac-NN(6,6)-(lr=1.0e-5)-(86-params)",classic_NN_6-6,40
16.0,16,478968,CartPole-v1,"CP-ppo-ac-NN(6,6)-(lr=1.0e-5)-(86-params)",classic_NN_6-6,40
42.0,42,478968,CartPole-v1,"CP-ppo-ac-NN(6,6)-(lr=1.0e-5)-(86-params)",classic_NN_6-6,40
70.0,70,479032,CartPole-v1,"CP-ppo-ac-NN(6,6)-(lr=1.0e-5)-(86-params)",classic_NN_6-6,40
35.0,35,479108,CartPole-v1,"CP-ppo-ac-NN(6,6)-(lr=1.0e-5)-(86-params)",classic_NN_6-6,40
49.0,49,479164,CartPole-v1,"CP-ppo-ac-NN(6,6)-(lr=1.0e-5)-(86-params)",classic_NN_6-6,40
44.0,44,479208,CartPole-v1,"CP-ppo-ac-NN(6,6)-(lr=1.0e-5)-(86-params)",classic_NN_6-6,40
89.0,89,479272,CartPole-v1,"CP-ppo-ac-NN(6,6)-(lr=1.0e-5)-(86-params)",classic_NN_6-6,40
45.0,45,479288,CartPole-v1,"CP-ppo-ac-NN(6,6)-(lr=1.0e-5)-(86-params)",classic_NN_6-6,40
30.0,30,479328,CartPole-v1,"CP-ppo-ac-NN(6,6)-(lr=1.0e-5)-(86-params)",classic_NN_6-6,40
23.0,23,479380,CartPole-v1,"CP-ppo-ac-NN(6,6)-(lr=1.0e-5)-(86-params)",classic_NN_6-6,40
30.0,30,479392,CartPole-v1,"CP-ppo-ac-NN(6,6)-(lr=1.0e-5)-(86-params)",classic_NN_6-6,40
20.0,20,479472,CartPole-v1,"CP-ppo-ac-NN(6,6)-(lr=1.0e-5)-(86-params)",classic_NN_6-6,40
43.0,43,479500,CartPole-v1,"CP-ppo-ac-NN(6,6)-(lr=1.0e-5)-(86-params)",classic_NN_6-6,40
32.0,32,479508,CartPole-v1,"CP-ppo-ac-NN(6,6)-(lr=1.0e-5)-(86-params)",classic_NN_6-6,40
86.0,86,479508,CartPole-v1,"CP-ppo-ac-NN(6,6)-(lr=1.0e-5)-(86-params)",classic_NN_6-6,40
14.0,14,479528,CartPole-v1,"CP-ppo-ac-NN(6,6)-(lr=1.0e-5)-(86-params)",classic_NN_6-6,40
24.0,24,479604,CartPole-v1,"CP-ppo-ac-NN(6,6)-(lr=1.0e-5)-(86-params)",classic_NN_6-6,40
41.0,41,479672,CartPole-v1,"CP-ppo-ac-NN(6,6)-(lr=1.0e-5)-(86-params)",classic_NN_6-6,40
39.0,39,479760,CartPole-v1,"CP-ppo-ac-NN(6,6)-(lr=1.0e-5)-(86-params)",classic_NN_6-6,40
66.0,66,479792,CartPole-v1,"CP-ppo-ac-NN(6,6)-(lr=1.0e-5)-(86-params)",classic_NN_6-6,40
76.0,76,479804,CartPole-v1,"CP-ppo-ac-NN(6,6)-(lr=1.0e-5)-(86-params)",classic_NN_6-6,40
44.0,44,479848,CartPole-v1,"CP-ppo-ac-NN(6,6)-(lr=1.0e-5)-(86-params)",classic_NN_6-6,40
32.0,32,479888,CartPole-v1,"CP-ppo-ac-NN(6,6)-(lr=1.0e-5)-(86-params)",classic_NN_6-6,40
49.0,49,480000,CartPole-v1,"CP-ppo-ac-NN(6,6)-(lr=1.0e-5)-(86-params)",classic_NN_6-6,40
30.0,30,480008,CartPole-v1,"CP-ppo-ac-NN(6,6)-(lr=1.0e-5)-(86-params)",classic_NN_6-6,40
56.0,56,480072,CartPole-v1,"CP-ppo-ac-NN(6,6)-(lr=1.0e-5)-(86-params)",classic_NN_6-6,40
72.0,72,480080,CartPole-v1,"CP-ppo-ac-NN(6,6)-(lr=1.0e-5)-(86-params)",classic_NN_6-6,40
20.0,20,480088,CartPole-v1,"CP-ppo-ac-NN(6,6)-(lr=1.0e-5)-(86-params)",classic_NN_6-6,40
17.0,17,480140,CartPole-v1,"CP-ppo-ac-NN(6,6)-(lr=1.0e-5)-(86-params)",classic_NN_6-6,40
42.0,42,480168,CartPole-v1,"CP-ppo-ac-NN(6,6)-(lr=1.0e-5)-(86-params)",classic_NN_6-6,40
22.0,22,480176,CartPole-v1,"CP-ppo-ac-NN(6,6)-(lr=1.0e-5)-(86-params)",classic_NN_6-6,40
12.0,12,480188,CartPole-v1,"CP-ppo-ac-NN(6,6)-(lr=1.0e-5)-(86-params)",classic_NN_6-6,40
45.0,45,480260,CartPole-v1,"CP-ppo-ac-NN(6,6)-(lr=1.0e-5)-(86-params)",classic_NN_6-6,40
30.0,30,480296,CartPole-v1,"CP-ppo-ac-NN(6,6)-(lr=1.0e-5)-(86-params)",classic_NN_6-6,40
34.0,34,480304,CartPole-v1,"CP-ppo-ac-NN(6,6)-(lr=1.0e-5)-(86-params)",classic_NN_6-6,40
22.0,22,480348,CartPole-v1,"CP-ppo-ac-NN(6,6)-(lr=1.0e-5)-(86-params)",classic_NN_6-6,40
45.0,45,480484,CartPole-v1,"CP-ppo-ac-NN(6,6)-(lr=1.0e-5)-(86-params)",classic_NN_6-6,40
81.0,81,480512,CartPole-v1,"CP-ppo-ac-NN(6,6)-(lr=1.0e-5)-(86-params)",classic_NN_6-6,40
55.0,55,480516,CartPole-v1,"CP-ppo-ac-NN(6,6)-(lr=1.0e-5)-(86-params)",classic_NN_6-6,40
47.0,47,480536,CartPole-v1,"CP-ppo-ac-NN(6,6)-(lr=1.0e-5)-(86-params)",classic_NN_6-6,40
17.0,17,480584,CartPole-v1,"CP-ppo-ac-NN(6,6)-(lr=1.0e-5)-(86-params)",classic_NN_6-6,40
29.0,29,480652,CartPole-v1,"CP-ppo-ac-NN(6,6)-(lr=1.0e-5)-(86-params)",classic_NN_6-6,40
42.0,42,480652,CartPole-v1,"CP-ppo-ac-NN(6,6)-(lr=1.0e-5)-(86-params)",classic_NN_6-6,40
22.0,22,480672,CartPole-v1,"CP-ppo-ac-NN(6,6)-(lr=1.0e-5)-(86-params)",classic_NN_6-6,40
20.0,20,480732,CartPole-v1,"CP-ppo-ac-NN(6,6)-(lr=1.0e-5)-(86-params)",classic_NN_6-6,40
25.0,25,480752,CartPole-v1,"CP-ppo-ac-NN(6,6)-(lr=1.0e-5)-(86-params)",classic_NN_6-6,40
24.0,24,480828,CartPole-v1,"CP-ppo-ac-NN(6,6)-(lr=1.0e-5)-(86-params)",classic_NN_6-6,40
43.0,43,480844,CartPole-v1,"CP-ppo-ac-NN(6,6)-(lr=1.0e-5)-(86-params)",classic_NN_6-6,40
25.0,25,480852,CartPole-v1,"CP-ppo-ac-NN(6,6)-(lr=1.0e-5)-(86-params)",classic_NN_6-6,40
45.0,45,481008,CartPole-v1,"CP-ppo-ac-NN(6,6)-(lr=1.0e-5)-(86-params)",classic_NN_6-6,40
44.0,44,481020,CartPole-v1,"CP-ppo-ac-NN(6,6)-(lr=1.0e-5)-(86-params)",classic_NN_6-6,40
128.0,128,481024,CartPole-v1,"CP-ppo-ac-NN(6,6)-(lr=1.0e-5)-(86-params)",classic_NN_6-6,40
65.0,65,481112,CartPole-v1,"CP-ppo-ac-NN(6,6)-(lr=1.0e-5)-(86-params)",classic_NN_6-6,40
36.0,36,481164,CartPole-v1,"CP-ppo-ac-NN(6,6)-(lr=1.0e-5)-(86-params)",classic_NN_6-6,40
36.0,36,481168,CartPole-v1,"CP-ppo-ac-NN(6,6)-(lr=1.0e-5)-(86-params)",classic_NN_6-6,40
48.0,48,481200,CartPole-v1,"CP-ppo-ac-NN(6,6)-(lr=1.0e-5)-(86-params)",classic_NN_6-6,40
29.0,29,481280,CartPole-v1,"CP-ppo-ac-NN(6,6)-(lr=1.0e-5)-(86-params)",classic_NN_6-6,40
43.0,43,481284,CartPole-v1,"CP-ppo-ac-NN(6,6)-(lr=1.0e-5)-(86-params)",classic_NN_6-6,40
37.0,37,481348,CartPole-v1,"CP-ppo-ac-NN(6,6)-(lr=1.0e-5)-(86-params)",classic_NN_6-6,40
22.0,22,481372,CartPole-v1,"CP-ppo-ac-NN(6,6)-(lr=1.0e-5)-(86-params)",classic_NN_6-6,40
54.0,54,481384,CartPole-v1,"CP-ppo-ac-NN(6,6)-(lr=1.0e-5)-(86-params)",classic_NN_6-6,40
32.0,32,481408,CartPole-v1,"CP-ppo-ac-NN(6,6)-(lr=1.0e-5)-(86-params)",classic_NN_6-6,40
12.0,12,481432,CartPole-v1,"CP-ppo-ac-NN(6,6)-(lr=1.0e-5)-(86-params)",classic_NN_6-6,40
23.0,23,481440,CartPole-v1,"CP-ppo-ac-NN(6,6)-(lr=1.0e-5)-(86-params)",classic_NN_6-6,40
41.0,41,481536,CartPole-v1,"CP-ppo-ac-NN(6,6)-(lr=1.0e-5)-(86-params)",classic_NN_6-6,40
33.0,33,481572,CartPole-v1,"CP-ppo-ac-NN(6,6)-(lr=1.0e-5)-(86-params)",classic_NN_6-6,40
44.0,44,481584,CartPole-v1,"CP-ppo-ac-NN(6,6)-(lr=1.0e-5)-(86-params)",classic_NN_6-6,40
48.0,48,481624,CartPole-v1,"CP-ppo-ac-NN(6,6)-(lr=1.0e-5)-(86-params)",classic_NN_6-6,40
14.0,14,481640,CartPole-v1,"CP-ppo-ac-NN(6,6)-(lr=1.0e-5)-(86-params)",classic_NN_6-6,40
31.0,31,481660,CartPole-v1,"CP-ppo-ac-NN(6,6)-(lr=1.0e-5)-(86-params)",classic_NN_6-6,40
17.0,17,481708,CartPole-v1,"CP-ppo-ac-NN(6,6)-(lr=1.0e-5)-(86-params)",classic_NN_6-6,40
34.0,34,481708,CartPole-v1,"CP-ppo-ac-NN(6,6)-(lr=1.0e-5)-(86-params)",classic_NN_6-6,40
22.0,22,481748,CartPole-v1,"CP-ppo-ac-NN(6,6)-(lr=1.0e-5)-(86-params)",classic_NN_6-6,40
16.0,16,481772,CartPole-v1,"CP-ppo-ac-NN(6,6)-(lr=1.0e-5)-(86-params)",classic_NN_6-6,40
17.0,17,481776,CartPole-v1,"CP-ppo-ac-NN(6,6)-(lr=1.0e-5)-(86-params)",classic_NN_6-6,40
47.0,47,481812,CartPole-v1,"CP-ppo-ac-NN(6,6)-(lr=1.0e-5)-(86-params)",classic_NN_6-6,40
19.0,19,481824,CartPole-v1,"CP-ppo-ac-NN(6,6)-(lr=1.0e-5)-(86-params)",classic_NN_6-6,40
29.0,29,481892,CartPole-v1,"CP-ppo-ac-NN(6,6)-(lr=1.0e-5)-(86-params)",classic_NN_6-6,40
32.0,32,481900,CartPole-v1,"CP-ppo-ac-NN(6,6)-(lr=1.0e-5)-(86-params)",classic_NN_6-6,40
25.0,25,481912,CartPole-v1,"CP-ppo-ac-NN(6,6)-(lr=1.0e-5)-(86-params)",classic_NN_6-6,40
47.0,47,482012,CartPole-v1,"CP-ppo-ac-NN(6,6)-(lr=1.0e-5)-(86-params)",classic_NN_6-6,40
32.0,32,482040,CartPole-v1,"CP-ppo-ac-NN(6,6)-(lr=1.0e-5)-(86-params)",classic_NN_6-6,40
18.0,18,482084,CartPole-v1,"CP-ppo-ac-NN(6,6)-(lr=1.0e-5)-(86-params)",classic_NN_6-6,40
60.0,60,482132,CartPole-v1,"CP-ppo-ac-NN(6,6)-(lr=1.0e-5)-(86-params)",classic_NN_6-6,40
67.0,67,482168,CartPole-v1,"CP-ppo-ac-NN(6,6)-(lr=1.0e-5)-(86-params)",classic_NN_6-6,40
17.0,17,482236,CartPole-v1,"CP-ppo-ac-NN(6,6)-(lr=1.0e-5)-(86-params)",classic_NN_6-6,40
56.0,56,482264,CartPole-v1,"CP-ppo-ac-NN(6,6)-(lr=1.0e-5)-(86-params)",classic_NN_6-6,40
59.0,59,482320,CartPole-v1,"CP-ppo-ac-NN(6,6)-(lr=1.0e-5)-(86-params)",classic_NN_6-6,40
52.0,52,482340,CartPole-v1,"CP-ppo-ac-NN(6,6)-(lr=1.0e-5)-(86-params)",classic_NN_6-6,40
13.0,13,482392,CartPole-v1,"CP-ppo-ac-NN(6,6)-(lr=1.0e-5)-(86-params)",classic_NN_6-6,40
33.0,33,482396,CartPole-v1,"CP-ppo-ac-NN(6,6)-(lr=1.0e-5)-(86-params)",classic_NN_6-6,40
44.0,44,482412,CartPole-v1,"CP-ppo-ac-NN(6,6)-(lr=1.0e-5)-(86-params)",classic_NN_6-6,40
15.0,15,482452,CartPole-v1,"CP-ppo-ac-NN(6,6)-(lr=1.0e-5)-(86-params)",classic_NN_6-6,40
48.0,48,482512,CartPole-v1,"CP-ppo-ac-NN(6,6)-(lr=1.0e-5)-(86-params)",classic_NN_6-6,40
30.0,30,482572,CartPole-v1,"CP-ppo-ac-NN(6,6)-(lr=1.0e-5)-(86-params)",classic_NN_6-6,40
25.0,25,482612,CartPole-v1,"CP-ppo-ac-NN(6,6)-(lr=1.0e-5)-(86-params)",classic_NN_6-6,40
51.0,51,482616,CartPole-v1,"CP-ppo-ac-NN(6,6)-(lr=1.0e-5)-(86-params)",classic_NN_6-6,40
63.0,63,482648,CartPole-v1,"CP-ppo-ac-NN(6,6)-(lr=1.0e-5)-(86-params)",classic_NN_6-6,40
60.0,60,482812,CartPole-v1,"CP-ppo-ac-NN(6,6)-(lr=1.0e-5)-(86-params)",classic_NN_6-6,40
59.0,59,482852,CartPole-v1,"CP-ppo-ac-NN(6,6)-(lr=1.0e-5)-(86-params)",classic_NN_6-6,40
54.0,54,482864,CartPole-v1,"CP-ppo-ac-NN(6,6)-(lr=1.0e-5)-(86-params)",classic_NN_6-6,40
14.0,14,482920,CartPole-v1,"CP-ppo-ac-NN(6,6)-(lr=1.0e-5)-(86-params)",classic_NN_6-6,40
33.0,33,482944,CartPole-v1,"CP-ppo-ac-NN(6,6)-(lr=1.0e-5)-(86-params)",classic_NN_6-6,40
36.0,36,482996,CartPole-v1,"CP-ppo-ac-NN(6,6)-(lr=1.0e-5)-(86-params)",classic_NN_6-6,40
20.0,20,483000,CartPole-v1,"CP-ppo-ac-NN(6,6)-(lr=1.0e-5)-(86-params)",classic_NN_6-6,40
33.0,33,483076,CartPole-v1,"CP-ppo-ac-NN(6,6)-(lr=1.0e-5)-(86-params)",classic_NN_6-6,40
119.0,119,483088,CartPole-v1,"CP-ppo-ac-NN(6,6)-(lr=1.0e-5)-(86-params)",classic_NN_6-6,40
34.0,34,483132,CartPole-v1,"CP-ppo-ac-NN(6,6)-(lr=1.0e-5)-(86-params)",classic_NN_6-6,40
24.0,24,483172,CartPole-v1,"CP-ppo-ac-NN(6,6)-(lr=1.0e-5)-(86-params)",classic_NN_6-6,40
47.0,47,483188,CartPole-v1,"CP-ppo-ac-NN(6,6)-(lr=1.0e-5)-(86-params)",classic_NN_6-6,40
22.0,22,483220,CartPole-v1,"CP-ppo-ac-NN(6,6)-(lr=1.0e-5)-(86-params)",classic_NN_6-6,40
38.0,38,483324,CartPole-v1,"CP-ppo-ac-NN(6,6)-(lr=1.0e-5)-(86-params)",classic_NN_6-6,40
75.0,75,483388,CartPole-v1,"CP-ppo-ac-NN(6,6)-(lr=1.0e-5)-(86-params)",classic_NN_6-6,40
75.0,75,483488,CartPole-v1,"CP-ppo-ac-NN(6,6)-(lr=1.0e-5)-(86-params)",classic_NN_6-6,40
74.0,74,483516,CartPole-v1,"CP-ppo-ac-NN(6,6)-(lr=1.0e-5)-(86-params)",classic_NN_6-6,40
47.0,47,483576,CartPole-v1,"CP-ppo-ac-NN(6,6)-(lr=1.0e-5)-(86-params)",classic_NN_6-6,40
28.0,28,483600,CartPole-v1,"CP-ppo-ac-NN(6,6)-(lr=1.0e-5)-(86-params)",classic_NN_6-6,40
72.0,72,483612,CartPole-v1,"CP-ppo-ac-NN(6,6)-(lr=1.0e-5)-(86-params)",classic_NN_6-6,40
28.0,28,483628,CartPole-v1,"CP-ppo-ac-NN(6,6)-(lr=1.0e-5)-(86-params)",classic_NN_6-6,40
32.0,32,483704,CartPole-v1,"CP-ppo-ac-NN(6,6)-(lr=1.0e-5)-(86-params)",classic_NN_6-6,40
36.0,36,483772,CartPole-v1,"CP-ppo-ac-NN(6,6)-(lr=1.0e-5)-(86-params)",classic_NN_6-6,40
40.0,40,483772,CartPole-v1,"CP-ppo-ac-NN(6,6)-(lr=1.0e-5)-(86-params)",classic_NN_6-6,40
43.0,43,483772,CartPole-v1,"CP-ppo-ac-NN(6,6)-(lr=1.0e-5)-(86-params)",classic_NN_6-6,40
20.0,20,483784,CartPole-v1,"CP-ppo-ac-NN(6,6)-(lr=1.0e-5)-(86-params)",classic_NN_6-6,40
27.0,27,483880,CartPole-v1,"CP-ppo-ac-NN(6,6)-(lr=1.0e-5)-(86-params)",classic_NN_6-6,40
29.0,29,483888,CartPole-v1,"CP-ppo-ac-NN(6,6)-(lr=1.0e-5)-(86-params)",classic_NN_6-6,40
32.0,32,483900,CartPole-v1,"CP-ppo-ac-NN(6,6)-(lr=1.0e-5)-(86-params)",classic_NN_6-6,40
54.0,54,484000,CartPole-v1,"CP-ppo-ac-NN(6,6)-(lr=1.0e-5)-(86-params)",classic_NN_6-6,40
34.0,34,484024,CartPole-v1,"CP-ppo-ac-NN(6,6)-(lr=1.0e-5)-(86-params)",classic_NN_6-6,40
50.0,50,484080,CartPole-v1,"CP-ppo-ac-NN(6,6)-(lr=1.0e-5)-(86-params)",classic_NN_6-6,40
47.0,47,484088,CartPole-v1,"CP-ppo-ac-NN(6,6)-(lr=1.0e-5)-(86-params)",classic_NN_6-6,40
43.0,43,484196,CartPole-v1,"CP-ppo-ac-NN(6,6)-(lr=1.0e-5)-(86-params)",classic_NN_6-6,40
30.0,30,484208,CartPole-v1,"CP-ppo-ac-NN(6,6)-(lr=1.0e-5)-(86-params)",classic_NN_6-6,40
35.0,35,484220,CartPole-v1,"CP-ppo-ac-NN(6,6)-(lr=1.0e-5)-(86-params)",classic_NN_6-6,40
46.0,46,484392,CartPole-v1,"CP-ppo-ac-NN(6,6)-(lr=1.0e-5)-(86-params)",classic_NN_6-6,40
105.0,105,484420,CartPole-v1,"CP-ppo-ac-NN(6,6)-(lr=1.0e-5)-(86-params)",classic_NN_6-6,40
53.0,53,484432,CartPole-v1,"CP-ppo-ac-NN(6,6)-(lr=1.0e-5)-(86-params)",classic_NN_6-6,40
31.0,31,484556,CartPole-v1,"CP-ppo-ac-NN(6,6)-(lr=1.0e-5)-(86-params)",classic_NN_6-6,40
46.0,46,484576,CartPole-v1,"CP-ppo-ac-NN(6,6)-(lr=1.0e-5)-(86-params)",classic_NN_6-6,40
44.0,44,484596,CartPole-v1,"CP-ppo-ac-NN(6,6)-(lr=1.0e-5)-(86-params)",classic_NN_6-6,40
52.0,52,484784,CartPole-v1,"CP-ppo-ac-NN(6,6)-(lr=1.0e-5)-(86-params)",classic_NN_6-6,40
65.0,65,484816,CartPole-v1,"CP-ppo-ac-NN(6,6)-(lr=1.0e-5)-(86-params)",classic_NN_6-6,40
60.0,60,484836,CartPole-v1,"CP-ppo-ac-NN(6,6)-(lr=1.0e-5)-(86-params)",classic_NN_6-6,40
172.0,172,484884,CartPole-v1,"CP-ppo-ac-NN(6,6)-(lr=1.0e-5)-(86-params)",classic_NN_6-6,40
35.0,35,485024,CartPole-v1,"CP-ppo-ac-NN(6,6)-(lr=1.0e-5)-(86-params)",classic_NN_6-6,40
58.0,58,485048,CartPole-v1,"CP-ppo-ac-NN(6,6)-(lr=1.0e-5)-(86-params)",classic_NN_6-6,40
68.0,68,485056,CartPole-v1,"CP-ppo-ac-NN(6,6)-(lr=1.0e-5)-(86-params)",classic_NN_6-6,40
58.0,58,485068,CartPole-v1,"CP-ppo-ac-NN(6,6)-(lr=1.0e-5)-(86-params)",classic_NN_6-6,40
27.0,27,485156,CartPole-v1,"CP-ppo-ac-NN(6,6)-(lr=1.0e-5)-(86-params)",classic_NN_6-6,40
45.0,45,485248,CartPole-v1,"CP-ppo-ac-NN(6,6)-(lr=1.0e-5)-(86-params)",classic_NN_6-6,40
56.0,56,485280,CartPole-v1,"CP-ppo-ac-NN(6,6)-(lr=1.0e-5)-(86-params)",classic_NN_6-6,40
31.0,31,485372,CartPole-v1,"CP-ppo-ac-NN(6,6)-(lr=1.0e-5)-(86-params)",classic_NN_6-6,40
94.0,94,485400,CartPole-v1,"CP-ppo-ac-NN(6,6)-(lr=1.0e-5)-(86-params)",classic_NN_6-6,40
38.0,38,485432,CartPole-v1,"CP-ppo-ac-NN(6,6)-(lr=1.0e-5)-(86-params)",classic_NN_6-6,40
81.0,81,485480,CartPole-v1,"CP-ppo-ac-NN(6,6)-(lr=1.0e-5)-(86-params)",classic_NN_6-6,40
20.0,20,485480,CartPole-v1,"CP-ppo-ac-NN(6,6)-(lr=1.0e-5)-(86-params)",classic_NN_6-6,40
14.0,14,485488,CartPole-v1,"CP-ppo-ac-NN(6,6)-(lr=1.0e-5)-(86-params)",classic_NN_6-6,40
41.0,41,485536,CartPole-v1,"CP-ppo-ac-NN(6,6)-(lr=1.0e-5)-(86-params)",classic_NN_6-6,40
16.0,16,485544,CartPole-v1,"CP-ppo-ac-NN(6,6)-(lr=1.0e-5)-(86-params)",classic_NN_6-6,40
40.0,40,485640,CartPole-v1,"CP-ppo-ac-NN(6,6)-(lr=1.0e-5)-(86-params)",classic_NN_6-6,40
38.0,38,485640,CartPole-v1,"CP-ppo-ac-NN(6,6)-(lr=1.0e-5)-(86-params)",classic_NN_6-6,40
31.0,31,485668,CartPole-v1,"CP-ppo-ac-NN(6,6)-(lr=1.0e-5)-(86-params)",classic_NN_6-6,40
34.0,34,485672,CartPole-v1,"CP-ppo-ac-NN(6,6)-(lr=1.0e-5)-(86-params)",classic_NN_6-6,40
33.0,33,485800,CartPole-v1,"CP-ppo-ac-NN(6,6)-(lr=1.0e-5)-(86-params)",classic_NN_6-6,40
36.0,36,485816,CartPole-v1,"CP-ppo-ac-NN(6,6)-(lr=1.0e-5)-(86-params)",classic_NN_6-6,40
47.0,47,485828,CartPole-v1,"CP-ppo-ac-NN(6,6)-(lr=1.0e-5)-(86-params)",classic_NN_6-6,40
25.0,25,485900,CartPole-v1,"CP-ppo-ac-NN(6,6)-(lr=1.0e-5)-(86-params)",classic_NN_6-6,40
27.0,27,486008,CartPole-v1,"CP-ppo-ac-NN(6,6)-(lr=1.0e-5)-(86-params)",classic_NN_6-6,40
52.0,52,486036,CartPole-v1,"CP-ppo-ac-NN(6,6)-(lr=1.0e-5)-(86-params)",classic_NN_6-6,40
109.0,109,486076,CartPole-v1,"CP-ppo-ac-NN(6,6)-(lr=1.0e-5)-(86-params)",classic_NN_6-6,40
66.0,66,486080,CartPole-v1,"CP-ppo-ac-NN(6,6)-(lr=1.0e-5)-(86-params)",classic_NN_6-6,40
15.0,15,486136,CartPole-v1,"CP-ppo-ac-NN(6,6)-(lr=1.0e-5)-(86-params)",classic_NN_6-6,40
34.0,34,486172,CartPole-v1,"CP-ppo-ac-NN(6,6)-(lr=1.0e-5)-(86-params)",classic_NN_6-6,40
47.0,47,486196,CartPole-v1,"CP-ppo-ac-NN(6,6)-(lr=1.0e-5)-(86-params)",classic_NN_6-6,40
15.0,15,486232,CartPole-v1,"CP-ppo-ac-NN(6,6)-(lr=1.0e-5)-(86-params)",classic_NN_6-6,40
30.0,30,486256,CartPole-v1,"CP-ppo-ac-NN(6,6)-(lr=1.0e-5)-(86-params)",classic_NN_6-6,40
58.0,58,486312,CartPole-v1,"CP-ppo-ac-NN(6,6)-(lr=1.0e-5)-(86-params)",classic_NN_6-6,40
19.0,19,486332,CartPole-v1,"CP-ppo-ac-NN(6,6)-(lr=1.0e-5)-(86-params)",classic_NN_6-6,40
37.0,37,486380,CartPole-v1,"CP-ppo-ac-NN(6,6)-(lr=1.0e-5)-(86-params)",classic_NN_6-6,40
56.0,56,486420,CartPole-v1,"CP-ppo-ac-NN(6,6)-(lr=1.0e-5)-(86-params)",classic_NN_6-6,40
34.0,34,486448,CartPole-v1,"CP-ppo-ac-NN(6,6)-(lr=1.0e-5)-(86-params)",classic_NN_6-6,40
43.0,43,486504,CartPole-v1,"CP-ppo-ac-NN(6,6)-(lr=1.0e-5)-(86-params)",classic_NN_6-6,40
27.0,27,486528,CartPole-v1,"CP-ppo-ac-NN(6,6)-(lr=1.0e-5)-(86-params)",classic_NN_6-6,40
30.0,30,486624,CartPole-v1,"CP-ppo-ac-NN(6,6)-(lr=1.0e-5)-(86-params)",classic_NN_6-6,40
56.0,56,486672,CartPole-v1,"CP-ppo-ac-NN(6,6)-(lr=1.0e-5)-(86-params)",classic_NN_6-6,40
43.0,43,486700,CartPole-v1,"CP-ppo-ac-NN(6,6)-(lr=1.0e-5)-(86-params)",classic_NN_6-6,40
101.0,101,486784,CartPole-v1,"CP-ppo-ac-NN(6,6)-(lr=1.0e-5)-(86-params)",classic_NN_6-6,40
56.0,56,486848,CartPole-v1,"CP-ppo-ac-NN(6,6)-(lr=1.0e-5)-(86-params)",classic_NN_6-6,40
46.0,46,486856,CartPole-v1,"CP-ppo-ac-NN(6,6)-(lr=1.0e-5)-(86-params)",classic_NN_6-6,40
24.0,24,486944,CartPole-v1,"CP-ppo-ac-NN(6,6)-(lr=1.0e-5)-(86-params)",classic_NN_6-6,40
63.0,63,486952,CartPole-v1,"CP-ppo-ac-NN(6,6)-(lr=1.0e-5)-(86-params)",classic_NN_6-6,40
32.0,32,487072,CartPole-v1,"CP-ppo-ac-NN(6,6)-(lr=1.0e-5)-(86-params)",classic_NN_6-6,40
55.0,55,487076,CartPole-v1,"CP-ppo-ac-NN(6,6)-(lr=1.0e-5)-(86-params)",classic_NN_6-6,40
78.0,78,487096,CartPole-v1,"CP-ppo-ac-NN(6,6)-(lr=1.0e-5)-(86-params)",classic_NN_6-6,40
46.0,46,487136,CartPole-v1,"CP-ppo-ac-NN(6,6)-(lr=1.0e-5)-(86-params)",classic_NN_6-6,40
18.0,18,487144,CartPole-v1,"CP-ppo-ac-NN(6,6)-(lr=1.0e-5)-(86-params)",classic_NN_6-6,40
23.0,23,487228,CartPole-v1,"CP-ppo-ac-NN(6,6)-(lr=1.0e-5)-(86-params)",classic_NN_6-6,40
49.0,49,487292,CartPole-v1,"CP-ppo-ac-NN(6,6)-(lr=1.0e-5)-(86-params)",classic_NN_6-6,40
69.0,69,487420,CartPole-v1,"CP-ppo-ac-NN(6,6)-(lr=1.0e-5)-(86-params)",classic_NN_6-6,40
52.0,52,487436,CartPole-v1,"CP-ppo-ac-NN(6,6)-(lr=1.0e-5)-(86-params)",classic_NN_6-6,40
42.0,42,487460,CartPole-v1,"CP-ppo-ac-NN(6,6)-(lr=1.0e-5)-(86-params)",classic_NN_6-6,40
97.0,97,487464,CartPole-v1,"CP-ppo-ac-NN(6,6)-(lr=1.0e-5)-(86-params)",classic_NN_6-6,40
33.0,33,487552,CartPole-v1,"CP-ppo-ac-NN(6,6)-(lr=1.0e-5)-(86-params)",classic_NN_6-6,40
37.0,37,487584,CartPole-v1,"CP-ppo-ac-NN(6,6)-(lr=1.0e-5)-(86-params)",classic_NN_6-6,40
18.0,18,487624,CartPole-v1,"CP-ppo-ac-NN(6,6)-(lr=1.0e-5)-(86-params)",classic_NN_6-6,40
58.0,58,487696,CartPole-v1,"CP-ppo-ac-NN(6,6)-(lr=1.0e-5)-(86-params)",classic_NN_6-6,40
36.0,36,487728,CartPole-v1,"CP-ppo-ac-NN(6,6)-(lr=1.0e-5)-(86-params)",classic_NN_6-6,40
71.0,71,487744,CartPole-v1,"CP-ppo-ac-NN(6,6)-(lr=1.0e-5)-(86-params)",classic_NN_6-6,40
28.0,28,487808,CartPole-v1,"CP-ppo-ac-NN(6,6)-(lr=1.0e-5)-(86-params)",classic_NN_6-6,40
29.0,29,487844,CartPole-v1,"CP-ppo-ac-NN(6,6)-(lr=1.0e-5)-(86-params)",classic_NN_6-6,40
31.0,31,487868,CartPole-v1,"CP-ppo-ac-NN(6,6)-(lr=1.0e-5)-(86-params)",classic_NN_6-6,40
65.0,65,487884,CartPole-v1,"CP-ppo-ac-NN(6,6)-(lr=1.0e-5)-(86-params)",classic_NN_6-6,40
33.0,33,487976,CartPole-v1,"CP-ppo-ac-NN(6,6)-(lr=1.0e-5)-(86-params)",classic_NN_6-6,40
41.0,41,488032,CartPole-v1,"CP-ppo-ac-NN(6,6)-(lr=1.0e-5)-(86-params)",classic_NN_6-6,40
14.0,14,488088,CartPole-v1,"CP-ppo-ac-NN(6,6)-(lr=1.0e-5)-(86-params)",classic_NN_6-6,40
33.0,33,488108,CartPole-v1,"CP-ppo-ac-NN(6,6)-(lr=1.0e-5)-(86-params)",classic_NN_6-6,40
76.0,76,488112,CartPole-v1,"CP-ppo-ac-NN(6,6)-(lr=1.0e-5)-(86-params)",classic_NN_6-6,40
64.0,64,488140,CartPole-v1,"CP-ppo-ac-NN(6,6)-(lr=1.0e-5)-(86-params)",classic_NN_6-6,40
21.0,21,488192,CartPole-v1,"CP-ppo-ac-NN(6,6)-(lr=1.0e-5)-(86-params)",classic_NN_6-6,40
27.0,27,488300,CartPole-v1,"CP-ppo-ac-NN(6,6)-(lr=1.0e-5)-(86-params)",classic_NN_6-6,40
51.0,51,488344,CartPole-v1,"CP-ppo-ac-NN(6,6)-(lr=1.0e-5)-(86-params)",classic_NN_6-6,40
23.0,23,488392,CartPole-v1,"CP-ppo-ac-NN(6,6)-(lr=1.0e-5)-(86-params)",classic_NN_6-6,40
79.0,79,488404,CartPole-v1,"CP-ppo-ac-NN(6,6)-(lr=1.0e-5)-(86-params)",classic_NN_6-6,40
15.0,15,488452,CartPole-v1,"CP-ppo-ac-NN(6,6)-(lr=1.0e-5)-(86-params)",classic_NN_6-6,40
94.0,94,488488,CartPole-v1,"CP-ppo-ac-NN(6,6)-(lr=1.0e-5)-(86-params)",classic_NN_6-6,40
38.0,38,488496,CartPole-v1,"CP-ppo-ac-NN(6,6)-(lr=1.0e-5)-(86-params)",classic_NN_6-6,40
14.0,14,488544,CartPole-v1,"CP-ppo-ac-NN(6,6)-(lr=1.0e-5)-(86-params)",classic_NN_6-6,40
40.0,40,488564,CartPole-v1,"CP-ppo-ac-NN(6,6)-(lr=1.0e-5)-(86-params)",classic_NN_6-6,40
20.0,20,488644,CartPole-v1,"CP-ppo-ac-NN(6,6)-(lr=1.0e-5)-(86-params)",classic_NN_6-6,40
28.0,28,488656,CartPole-v1,"CP-ppo-ac-NN(6,6)-(lr=1.0e-5)-(86-params)",classic_NN_6-6,40
63.0,63,488704,CartPole-v1,"CP-ppo-ac-NN(6,6)-(lr=1.0e-5)-(86-params)",classic_NN_6-6,40
92.0,92,488864,CartPole-v1,"CP-ppo-ac-NN(6,6)-(lr=1.0e-5)-(86-params)",classic_NN_6-6,40
55.0,55,488876,CartPole-v1,"CP-ppo-ac-NN(6,6)-(lr=1.0e-5)-(86-params)",classic_NN_6-6,40
46.0,46,488888,CartPole-v1,"CP-ppo-ac-NN(6,6)-(lr=1.0e-5)-(86-params)",classic_NN_6-6,40
19.0,19,488952,CartPole-v1,"CP-ppo-ac-NN(6,6)-(lr=1.0e-5)-(86-params)",classic_NN_6-6,40
32.0,32,488992,CartPole-v1,"CP-ppo-ac-NN(6,6)-(lr=1.0e-5)-(86-params)",classic_NN_6-6,40
37.0,37,489036,CartPole-v1,"CP-ppo-ac-NN(6,6)-(lr=1.0e-5)-(86-params)",classic_NN_6-6,40
17.0,17,489060,CartPole-v1,"CP-ppo-ac-NN(6,6)-(lr=1.0e-5)-(86-params)",classic_NN_6-6,40
111.0,111,489088,CartPole-v1,"CP-ppo-ac-NN(6,6)-(lr=1.0e-5)-(86-params)",classic_NN_6-6,40
42.0,42,489120,CartPole-v1,"CP-ppo-ac-NN(6,6)-(lr=1.0e-5)-(86-params)",classic_NN_6-6,40
19.0,19,489164,CartPole-v1,"CP-ppo-ac-NN(6,6)-(lr=1.0e-5)-(86-params)",classic_NN_6-6,40
47.0,47,489224,CartPole-v1,"CP-ppo-ac-NN(6,6)-(lr=1.0e-5)-(86-params)",classic_NN_6-6,40
41.0,41,489224,CartPole-v1,"CP-ppo-ac-NN(6,6)-(lr=1.0e-5)-(86-params)",classic_NN_6-6,40
42.0,42,489288,CartPole-v1,"CP-ppo-ac-NN(6,6)-(lr=1.0e-5)-(86-params)",classic_NN_6-6,40
16.0,16,489288,CartPole-v1,"CP-ppo-ac-NN(6,6)-(lr=1.0e-5)-(86-params)",classic_NN_6-6,40
33.0,33,489296,CartPole-v1,"CP-ppo-ac-NN(6,6)-(lr=1.0e-5)-(86-params)",classic_NN_6-6,40
21.0,21,489308,CartPole-v1,"CP-ppo-ac-NN(6,6)-(lr=1.0e-5)-(86-params)",classic_NN_6-6,40
44.0,44,489464,CartPole-v1,"CP-ppo-ac-NN(6,6)-(lr=1.0e-5)-(86-params)",classic_NN_6-6,40
60.0,60,489536,CartPole-v1,"CP-ppo-ac-NN(6,6)-(lr=1.0e-5)-(86-params)",classic_NN_6-6,40
19.0,19,489540,CartPole-v1,"CP-ppo-ac-NN(6,6)-(lr=1.0e-5)-(86-params)",classic_NN_6-6,40
64.0,64,489544,CartPole-v1,"CP-ppo-ac-NN(6,6)-(lr=1.0e-5)-(86-params)",classic_NN_6-6,40
72.0,72,489596,CartPole-v1,"CP-ppo-ac-NN(6,6)-(lr=1.0e-5)-(86-params)",classic_NN_6-6,40
23.0,23,489628,CartPole-v1,"CP-ppo-ac-NN(6,6)-(lr=1.0e-5)-(86-params)",classic_NN_6-6,40
23.0,23,489632,CartPole-v1,"CP-ppo-ac-NN(6,6)-(lr=1.0e-5)-(86-params)",classic_NN_6-6,40
28.0,28,489656,CartPole-v1,"CP-ppo-ac-NN(6,6)-(lr=1.0e-5)-(86-params)",classic_NN_6-6,40
18.0,18,489704,CartPole-v1,"CP-ppo-ac-NN(6,6)-(lr=1.0e-5)-(86-params)",classic_NN_6-6,40
23.0,23,489748,CartPole-v1,"CP-ppo-ac-NN(6,6)-(lr=1.0e-5)-(86-params)",classic_NN_6-6,40
40.0,40,489756,CartPole-v1,"CP-ppo-ac-NN(6,6)-(lr=1.0e-5)-(86-params)",classic_NN_6-6,40
62.0,62,489876,CartPole-v1,"CP-ppo-ac-NN(6,6)-(lr=1.0e-5)-(86-params)",classic_NN_6-6,40
35.0,35,489888,CartPole-v1,"CP-ppo-ac-NN(6,6)-(lr=1.0e-5)-(86-params)",classic_NN_6-6,40
54.0,54,489920,CartPole-v1,"CP-ppo-ac-NN(6,6)-(lr=1.0e-5)-(86-params)",classic_NN_6-6,40
47.0,47,489944,CartPole-v1,"CP-ppo-ac-NN(6,6)-(lr=1.0e-5)-(86-params)",classic_NN_6-6,40
19.0,19,489952,CartPole-v1,"CP-ppo-ac-NN(6,6)-(lr=1.0e-5)-(86-params)",classic_NN_6-6,40
27.0,27,490028,CartPole-v1,"CP-ppo-ac-NN(6,6)-(lr=1.0e-5)-(86-params)",classic_NN_6-6,40
57.0,57,490116,CartPole-v1,"CP-ppo-ac-NN(6,6)-(lr=1.0e-5)-(86-params)",classic_NN_6-6,40
29.0,29,490144,CartPole-v1,"CP-ppo-ac-NN(6,6)-(lr=1.0e-5)-(86-params)",classic_NN_6-6,40
59.0,59,490180,CartPole-v1,"CP-ppo-ac-NN(6,6)-(lr=1.0e-5)-(86-params)",classic_NN_6-6,40
65.0,65,490212,CartPole-v1,"CP-ppo-ac-NN(6,6)-(lr=1.0e-5)-(86-params)",classic_NN_6-6,40
28.0,28,490228,CartPole-v1,"CP-ppo-ac-NN(6,6)-(lr=1.0e-5)-(86-params)",classic_NN_6-6,40
40.0,40,490304,CartPole-v1,"CP-ppo-ac-NN(6,6)-(lr=1.0e-5)-(86-params)",classic_NN_6-6,40
39.0,39,490336,CartPole-v1,"CP-ppo-ac-NN(6,6)-(lr=1.0e-5)-(86-params)",classic_NN_6-6,40
42.0,42,490396,CartPole-v1,"CP-ppo-ac-NN(6,6)-(lr=1.0e-5)-(86-params)",classic_NN_6-6,40
16.0,16,490400,CartPole-v1,"CP-ppo-ac-NN(6,6)-(lr=1.0e-5)-(86-params)",classic_NN_6-6,40
47.0,47,490400,CartPole-v1,"CP-ppo-ac-NN(6,6)-(lr=1.0e-5)-(86-params)",classic_NN_6-6,40
53.0,53,490516,CartPole-v1,"CP-ppo-ac-NN(6,6)-(lr=1.0e-5)-(86-params)",classic_NN_6-6,40
42.0,42,490564,CartPole-v1,"CP-ppo-ac-NN(6,6)-(lr=1.0e-5)-(86-params)",classic_NN_6-6,40
48.0,48,490592,CartPole-v1,"CP-ppo-ac-NN(6,6)-(lr=1.0e-5)-(86-params)",classic_NN_6-6,40
38.0,38,490668,CartPole-v1,"CP-ppo-ac-NN(6,6)-(lr=1.0e-5)-(86-params)",classic_NN_6-6,40
27.0,27,490700,CartPole-v1,"CP-ppo-ac-NN(6,6)-(lr=1.0e-5)-(86-params)",classic_NN_6-6,40
11.0,11,490744,CartPole-v1,"CP-ppo-ac-NN(6,6)-(lr=1.0e-5)-(86-params)",classic_NN_6-6,40
49.0,49,490760,CartPole-v1,"CP-ppo-ac-NN(6,6)-(lr=1.0e-5)-(86-params)",classic_NN_6-6,40
20.0,20,490824,CartPole-v1,"CP-ppo-ac-NN(6,6)-(lr=1.0e-5)-(86-params)",classic_NN_6-6,40
106.0,106,490824,CartPole-v1,"CP-ppo-ac-NN(6,6)-(lr=1.0e-5)-(86-params)",classic_NN_6-6,40
42.0,42,490836,CartPole-v1,"CP-ppo-ac-NN(6,6)-(lr=1.0e-5)-(86-params)",classic_NN_6-6,40
33.0,33,490956,CartPole-v1,"CP-ppo-ac-NN(6,6)-(lr=1.0e-5)-(86-params)",classic_NN_6-6,40
54.0,54,491052,CartPole-v1,"CP-ppo-ac-NN(6,6)-(lr=1.0e-5)-(86-params)",classic_NN_6-6,40
75.0,75,491060,CartPole-v1,"CP-ppo-ac-NN(6,6)-(lr=1.0e-5)-(86-params)",classic_NN_6-6,40
48.0,48,491148,CartPole-v1,"CP-ppo-ac-NN(6,6)-(lr=1.0e-5)-(86-params)",classic_NN_6-6,40
35.0,35,491192,CartPole-v1,"CP-ppo-ac-NN(6,6)-(lr=1.0e-5)-(86-params)",classic_NN_6-6,40
34.0,34,491196,CartPole-v1,"CP-ppo-ac-NN(6,6)-(lr=1.0e-5)-(86-params)",classic_NN_6-6,40
16.0,16,491260,CartPole-v1,"CP-ppo-ac-NN(6,6)-(lr=1.0e-5)-(86-params)",classic_NN_6-6,40
39.0,39,491348,CartPole-v1,"CP-ppo-ac-NN(6,6)-(lr=1.0e-5)-(86-params)",classic_NN_6-6,40
133.0,133,491356,CartPole-v1,"CP-ppo-ac-NN(6,6)-(lr=1.0e-5)-(86-params)",classic_NN_6-6,40
17.0,17,491424,CartPole-v1,"CP-ppo-ac-NN(6,6)-(lr=1.0e-5)-(86-params)",classic_NN_6-6,40
73.0,73,491440,CartPole-v1,"CP-ppo-ac-NN(6,6)-(lr=1.0e-5)-(86-params)",classic_NN_6-6,40
31.0,31,491548,CartPole-v1,"CP-ppo-ac-NN(6,6)-(lr=1.0e-5)-(86-params)",classic_NN_6-6,40
60.0,60,491588,CartPole-v1,"CP-ppo-ac-NN(6,6)-(lr=1.0e-5)-(86-params)",classic_NN_6-6,40
11.0,11,491632,CartPole-v1,"CP-ppo-ac-NN(6,6)-(lr=1.0e-5)-(86-params)",classic_NN_6-6,40
49.0,49,491636,CartPole-v1,"CP-ppo-ac-NN(6,6)-(lr=1.0e-5)-(86-params)",classic_NN_6-6,40
46.0,46,491732,CartPole-v1,"CP-ppo-ac-NN(6,6)-(lr=1.0e-5)-(86-params)",classic_NN_6-6,40
27.0,27,491744,CartPole-v1,"CP-ppo-ac-NN(6,6)-(lr=1.0e-5)-(86-params)",classic_NN_6-6,40
124.0,124,491756,CartPole-v1,"CP-ppo-ac-NN(6,6)-(lr=1.0e-5)-(86-params)",classic_NN_6-6,40
44.0,44,491808,CartPole-v1,"CP-ppo-ac-NN(6,6)-(lr=1.0e-5)-(86-params)",classic_NN_6-6,40
31.0,31,491856,CartPole-v1,"CP-ppo-ac-NN(6,6)-(lr=1.0e-5)-(86-params)",classic_NN_6-6,40
41.0,41,491908,CartPole-v1,"CP-ppo-ac-NN(6,6)-(lr=1.0e-5)-(86-params)",classic_NN_6-6,40
31.0,31,491932,CartPole-v1,"CP-ppo-ac-NN(6,6)-(lr=1.0e-5)-(86-params)",classic_NN_6-6,40
48.0,48,491948,CartPole-v1,"CP-ppo-ac-NN(6,6)-(lr=1.0e-5)-(86-params)",classic_NN_6-6,40
24.0,24,491952,CartPole-v1,"CP-ppo-ac-NN(6,6)-(lr=1.0e-5)-(86-params)",classic_NN_6-6,40
26.0,26,492012,CartPole-v1,"CP-ppo-ac-NN(6,6)-(lr=1.0e-5)-(86-params)",classic_NN_6-6,40
19.0,19,492024,CartPole-v1,"CP-ppo-ac-NN(6,6)-(lr=1.0e-5)-(86-params)",classic_NN_6-6,40
40.0,40,492092,CartPole-v1,"CP-ppo-ac-NN(6,6)-(lr=1.0e-5)-(86-params)",classic_NN_6-6,40
31.0,31,492136,CartPole-v1,"CP-ppo-ac-NN(6,6)-(lr=1.0e-5)-(86-params)",classic_NN_6-6,40
40.0,40,492252,CartPole-v1,"CP-ppo-ac-NN(6,6)-(lr=1.0e-5)-(86-params)",classic_NN_6-6,40
61.0,61,492268,CartPole-v1,"CP-ppo-ac-NN(6,6)-(lr=1.0e-5)-(86-params)",classic_NN_6-6,40
33.0,33,492268,CartPole-v1,"CP-ppo-ac-NN(6,6)-(lr=1.0e-5)-(86-params)",classic_NN_6-6,40
13.0,13,492320,CartPole-v1,"CP-ppo-ac-NN(6,6)-(lr=1.0e-5)-(86-params)",classic_NN_6-6,40
37.0,37,492416,CartPole-v1,"CP-ppo-ac-NN(6,6)-(lr=1.0e-5)-(86-params)",classic_NN_6-6,40
45.0,45,492432,CartPole-v1,"CP-ppo-ac-NN(6,6)-(lr=1.0e-5)-(86-params)",classic_NN_6-6,40
39.0,39,492476,CartPole-v1,"CP-ppo-ac-NN(6,6)-(lr=1.0e-5)-(86-params)",classic_NN_6-6,40
135.0,135,492492,CartPole-v1,"CP-ppo-ac-NN(6,6)-(lr=1.0e-5)-(86-params)",classic_NN_6-6,40
53.0,53,492628,CartPole-v1,"CP-ppo-ac-NN(6,6)-(lr=1.0e-5)-(86-params)",classic_NN_6-6,40
38.0,38,492644,CartPole-v1,"CP-ppo-ac-NN(6,6)-(lr=1.0e-5)-(86-params)",classic_NN_6-6,40
56.0,56,492700,CartPole-v1,"CP-ppo-ac-NN(6,6)-(lr=1.0e-5)-(86-params)",classic_NN_6-6,40
67.0,67,492700,CartPole-v1,"CP-ppo-ac-NN(6,6)-(lr=1.0e-5)-(86-params)",classic_NN_6-6,40
36.0,36,492788,CartPole-v1,"CP-ppo-ac-NN(6,6)-(lr=1.0e-5)-(86-params)",classic_NN_6-6,40
26.0,26,492804,CartPole-v1,"CP-ppo-ac-NN(6,6)-(lr=1.0e-5)-(86-params)",classic_NN_6-6,40
18.0,18,492860,CartPole-v1,"CP-ppo-ac-NN(6,6)-(lr=1.0e-5)-(86-params)",classic_NN_6-6,40
40.0,40,492860,CartPole-v1,"CP-ppo-ac-NN(6,6)-(lr=1.0e-5)-(86-params)",classic_NN_6-6,40
29.0,29,492920,CartPole-v1,"CP-ppo-ac-NN(6,6)-(lr=1.0e-5)-(86-params)",classic_NN_6-6,40
80.0,80,492948,CartPole-v1,"CP-ppo-ac-NN(6,6)-(lr=1.0e-5)-(86-params)",classic_NN_6-6,40
30.0,30,492980,CartPole-v1,"CP-ppo-ac-NN(6,6)-(lr=1.0e-5)-(86-params)",classic_NN_6-6,40
17.0,17,493016,CartPole-v1,"CP-ppo-ac-NN(6,6)-(lr=1.0e-5)-(86-params)",classic_NN_6-6,40
18.0,18,493052,CartPole-v1,"CP-ppo-ac-NN(6,6)-(lr=1.0e-5)-(86-params)",classic_NN_6-6,40
48.0,48,493052,CartPole-v1,"CP-ppo-ac-NN(6,6)-(lr=1.0e-5)-(86-params)",classic_NN_6-6,40
13.0,13,493104,CartPole-v1,"CP-ppo-ac-NN(6,6)-(lr=1.0e-5)-(86-params)",classic_NN_6-6,40
48.0,48,493112,CartPole-v1,"CP-ppo-ac-NN(6,6)-(lr=1.0e-5)-(86-params)",classic_NN_6-6,40
48.0,48,493208,CartPole-v1,"CP-ppo-ac-NN(6,6)-(lr=1.0e-5)-(86-params)",classic_NN_6-6,40
49.0,49,493248,CartPole-v1,"CP-ppo-ac-NN(6,6)-(lr=1.0e-5)-(86-params)",classic_NN_6-6,40
28.0,28,493320,CartPole-v1,"CP-ppo-ac-NN(6,6)-(lr=1.0e-5)-(86-params)",classic_NN_6-6,40
24.0,24,493344,CartPole-v1,"CP-ppo-ac-NN(6,6)-(lr=1.0e-5)-(86-params)",classic_NN_6-6,40
66.0,66,493368,CartPole-v1,"CP-ppo-ac-NN(6,6)-(lr=1.0e-5)-(86-params)",classic_NN_6-6,40
15.0,15,493380,CartPole-v1,"CP-ppo-ac-NN(6,6)-(lr=1.0e-5)-(86-params)",classic_NN_6-6,40
12.0,12,493428,CartPole-v1,"CP-ppo-ac-NN(6,6)-(lr=1.0e-5)-(86-params)",classic_NN_6-6,40
94.0,94,493488,CartPole-v1,"CP-ppo-ac-NN(6,6)-(lr=1.0e-5)-(86-params)",classic_NN_6-6,40
34.0,34,493564,CartPole-v1,"CP-ppo-ac-NN(6,6)-(lr=1.0e-5)-(86-params)",classic_NN_6-6,40
57.0,57,493572,CartPole-v1,"CP-ppo-ac-NN(6,6)-(lr=1.0e-5)-(86-params)",classic_NN_6-6,40
42.0,42,493656,CartPole-v1,"CP-ppo-ac-NN(6,6)-(lr=1.0e-5)-(86-params)",classic_NN_6-6,40
83.0,83,493700,CartPole-v1,"CP-ppo-ac-NN(6,6)-(lr=1.0e-5)-(86-params)",classic_NN_6-6,40
41.0,41,493728,CartPole-v1,"CP-ppo-ac-NN(6,6)-(lr=1.0e-5)-(86-params)",classic_NN_6-6,40
45.0,45,493880,CartPole-v1,"CP-ppo-ac-NN(6,6)-(lr=1.0e-5)-(86-params)",classic_NN_6-6,40
63.0,63,493908,CartPole-v1,"CP-ppo-ac-NN(6,6)-(lr=1.0e-5)-(86-params)",classic_NN_6-6,40
52.0,52,493936,CartPole-v1,"CP-ppo-ac-NN(6,6)-(lr=1.0e-5)-(86-params)",classic_NN_6-6,40
95.0,95,493952,CartPole-v1,"CP-ppo-ac-NN(6,6)-(lr=1.0e-5)-(86-params)",classic_NN_6-6,40
16.0,16,493972,CartPole-v1,"CP-ppo-ac-NN(6,6)-(lr=1.0e-5)-(86-params)",classic_NN_6-6,40
24.0,24,493976,CartPole-v1,"CP-ppo-ac-NN(6,6)-(lr=1.0e-5)-(86-params)",classic_NN_6-6,40
27.0,27,494044,CartPole-v1,"CP-ppo-ac-NN(6,6)-(lr=1.0e-5)-(86-params)",classic_NN_6-6,40
50.0,50,494176,CartPole-v1,"CP-ppo-ac-NN(6,6)-(lr=1.0e-5)-(86-params)",classic_NN_6-6,40
19.0,19,494252,CartPole-v1,"CP-ppo-ac-NN(6,6)-(lr=1.0e-5)-(86-params)",classic_NN_6-6,40
76.0,76,494256,CartPole-v1,"CP-ppo-ac-NN(6,6)-(lr=1.0e-5)-(86-params)",classic_NN_6-6,40
73.0,73,494264,CartPole-v1,"CP-ppo-ac-NN(6,6)-(lr=1.0e-5)-(86-params)",classic_NN_6-6,40
60.0,60,494284,CartPole-v1,"CP-ppo-ac-NN(6,6)-(lr=1.0e-5)-(86-params)",classic_NN_6-6,40
17.0,17,494324,CartPole-v1,"CP-ppo-ac-NN(6,6)-(lr=1.0e-5)-(86-params)",classic_NN_6-6,40
33.0,33,494384,CartPole-v1,"CP-ppo-ac-NN(6,6)-(lr=1.0e-5)-(86-params)",classic_NN_6-6,40
42.0,42,494432,CartPole-v1,"CP-ppo-ac-NN(6,6)-(lr=1.0e-5)-(86-params)",classic_NN_6-6,40
29.0,29,494440,CartPole-v1,"CP-ppo-ac-NN(6,6)-(lr=1.0e-5)-(86-params)",classic_NN_6-6,40
12.0,12,494488,CartPole-v1,"CP-ppo-ac-NN(6,6)-(lr=1.0e-5)-(86-params)",classic_NN_6-6,40
23.0,23,494524,CartPole-v1,"CP-ppo-ac-NN(6,6)-(lr=1.0e-5)-(86-params)",classic_NN_6-6,40
80.0,80,494604,CartPole-v1,"CP-ppo-ac-NN(6,6)-(lr=1.0e-5)-(86-params)",classic_NN_6-6,40
61.0,61,494628,CartPole-v1,"CP-ppo-ac-NN(6,6)-(lr=1.0e-5)-(86-params)",classic_NN_6-6,40
27.0,27,494632,CartPole-v1,"CP-ppo-ac-NN(6,6)-(lr=1.0e-5)-(86-params)",classic_NN_6-6,40
39.0,39,494644,CartPole-v1,"CP-ppo-ac-NN(6,6)-(lr=1.0e-5)-(86-params)",classic_NN_6-6,40
34.0,34,494740,CartPole-v1,"CP-ppo-ac-NN(6,6)-(lr=1.0e-5)-(86-params)",classic_NN_6-6,40
24.0,24,494740,CartPole-v1,"CP-ppo-ac-NN(6,6)-(lr=1.0e-5)-(86-params)",classic_NN_6-6,40
47.0,47,494820,CartPole-v1,"CP-ppo-ac-NN(6,6)-(lr=1.0e-5)-(86-params)",classic_NN_6-6,40
34.0,34,494876,CartPole-v1,"CP-ppo-ac-NN(6,6)-(lr=1.0e-5)-(86-params)",classic_NN_6-6,40
50.0,50,494940,CartPole-v1,"CP-ppo-ac-NN(6,6)-(lr=1.0e-5)-(86-params)",classic_NN_6-6,40
31.0,31,494944,CartPole-v1,"CP-ppo-ac-NN(6,6)-(lr=1.0e-5)-(86-params)",classic_NN_6-6,40
79.0,79,494944,CartPole-v1,"CP-ppo-ac-NN(6,6)-(lr=1.0e-5)-(86-params)",classic_NN_6-6,40
42.0,42,495044,CartPole-v1,"CP-ppo-ac-NN(6,6)-(lr=1.0e-5)-(86-params)",classic_NN_6-6,40
36.0,36,495088,CartPole-v1,"CP-ppo-ac-NN(6,6)-(lr=1.0e-5)-(86-params)",classic_NN_6-6,40
43.0,43,495116,CartPole-v1,"CP-ppo-ac-NN(6,6)-(lr=1.0e-5)-(86-params)",classic_NN_6-6,40
21.0,21,495128,CartPole-v1,"CP-ppo-ac-NN(6,6)-(lr=1.0e-5)-(86-params)",classic_NN_6-6,40
29.0,29,495204,CartPole-v1,"CP-ppo-ac-NN(6,6)-(lr=1.0e-5)-(86-params)",classic_NN_6-6,40
75.0,75,495240,CartPole-v1,"CP-ppo-ac-NN(6,6)-(lr=1.0e-5)-(86-params)",classic_NN_6-6,40
32.0,32,495244,CartPole-v1,"CP-ppo-ac-NN(6,6)-(lr=1.0e-5)-(86-params)",classic_NN_6-6,40
20.0,20,495324,CartPole-v1,"CP-ppo-ac-NN(6,6)-(lr=1.0e-5)-(86-params)",classic_NN_6-6,40
41.0,41,495368,CartPole-v1,"CP-ppo-ac-NN(6,6)-(lr=1.0e-5)-(86-params)",classic_NN_6-6,40
14.0,14,495380,CartPole-v1,"CP-ppo-ac-NN(6,6)-(lr=1.0e-5)-(86-params)",classic_NN_6-6,40
15.0,15,495428,CartPole-v1,"CP-ppo-ac-NN(6,6)-(lr=1.0e-5)-(86-params)",classic_NN_6-6,40
86.0,86,495472,CartPole-v1,"CP-ppo-ac-NN(6,6)-(lr=1.0e-5)-(86-params)",classic_NN_6-6,40
62.0,62,495488,CartPole-v1,"CP-ppo-ac-NN(6,6)-(lr=1.0e-5)-(86-params)",classic_NN_6-6,40
21.0,21,495572,CartPole-v1,"CP-ppo-ac-NN(6,6)-(lr=1.0e-5)-(86-params)",classic_NN_6-6,40
41.0,41,495592,CartPole-v1,"CP-ppo-ac-NN(6,6)-(lr=1.0e-5)-(86-params)",classic_NN_6-6,40
34.0,34,495608,CartPole-v1,"CP-ppo-ac-NN(6,6)-(lr=1.0e-5)-(86-params)",classic_NN_6-6,40
65.0,65,495640,CartPole-v1,"CP-ppo-ac-NN(6,6)-(lr=1.0e-5)-(86-params)",classic_NN_6-6,40
13.0,13,495660,CartPole-v1,"CP-ppo-ac-NN(6,6)-(lr=1.0e-5)-(86-params)",classic_NN_6-6,40
26.0,26,495696,CartPole-v1,"CP-ppo-ac-NN(6,6)-(lr=1.0e-5)-(86-params)",classic_NN_6-6,40
24.0,24,495756,CartPole-v1,"CP-ppo-ac-NN(6,6)-(lr=1.0e-5)-(86-params)",classic_NN_6-6,40
50.0,50,495772,CartPole-v1,"CP-ppo-ac-NN(6,6)-(lr=1.0e-5)-(86-params)",classic_NN_6-6,40
33.0,33,495828,CartPole-v1,"CP-ppo-ac-NN(6,6)-(lr=1.0e-5)-(86-params)",classic_NN_6-6,40
56.0,56,495864,CartPole-v1,"CP-ppo-ac-NN(6,6)-(lr=1.0e-5)-(86-params)",classic_NN_6-6,40
36.0,36,495900,CartPole-v1,"CP-ppo-ac-NN(6,6)-(lr=1.0e-5)-(86-params)",classic_NN_6-6,40
24.0,24,495924,CartPole-v1,"CP-ppo-ac-NN(6,6)-(lr=1.0e-5)-(86-params)",classic_NN_6-6,40
43.0,43,495944,CartPole-v1,"CP-ppo-ac-NN(6,6)-(lr=1.0e-5)-(86-params)",classic_NN_6-6,40
26.0,26,495968,CartPole-v1,"CP-ppo-ac-NN(6,6)-(lr=1.0e-5)-(86-params)",classic_NN_6-6,40
36.0,36,496044,CartPole-v1,"CP-ppo-ac-NN(6,6)-(lr=1.0e-5)-(86-params)",classic_NN_6-6,40
43.0,43,496116,CartPole-v1,"CP-ppo-ac-NN(6,6)-(lr=1.0e-5)-(86-params)",classic_NN_6-6,40
32.0,32,496172,CartPole-v1,"CP-ppo-ac-NN(6,6)-(lr=1.0e-5)-(86-params)",classic_NN_6-6,40
19.0,19,496192,CartPole-v1,"CP-ppo-ac-NN(6,6)-(lr=1.0e-5)-(86-params)",classic_NN_6-6,40
67.0,67,496236,CartPole-v1,"CP-ppo-ac-NN(6,6)-(lr=1.0e-5)-(86-params)",classic_NN_6-6,40
94.0,94,496300,CartPole-v1,"CP-ppo-ac-NN(6,6)-(lr=1.0e-5)-(86-params)",classic_NN_6-6,40
42.0,42,496360,CartPole-v1,"CP-ppo-ac-NN(6,6)-(lr=1.0e-5)-(86-params)",classic_NN_6-6,40
50.0,50,496372,CartPole-v1,"CP-ppo-ac-NN(6,6)-(lr=1.0e-5)-(86-params)",classic_NN_6-6,40
52.0,52,496444,CartPole-v1,"CP-ppo-ac-NN(6,6)-(lr=1.0e-5)-(86-params)",classic_NN_6-6,40
43.0,43,496544,CartPole-v1,"CP-ppo-ac-NN(6,6)-(lr=1.0e-5)-(86-params)",classic_NN_6-6,40
57.0,57,496588,CartPole-v1,"CP-ppo-ac-NN(6,6)-(lr=1.0e-5)-(86-params)",classic_NN_6-6,40
81.0,81,496624,CartPole-v1,"CP-ppo-ac-NN(6,6)-(lr=1.0e-5)-(86-params)",classic_NN_6-6,40
47.0,47,496632,CartPole-v1,"CP-ppo-ac-NN(6,6)-(lr=1.0e-5)-(86-params)",classic_NN_6-6,40
30.0,30,496708,CartPole-v1,"CP-ppo-ac-NN(6,6)-(lr=1.0e-5)-(86-params)",classic_NN_6-6,40
46.0,46,496728,CartPole-v1,"CP-ppo-ac-NN(6,6)-(lr=1.0e-5)-(86-params)",classic_NN_6-6,40
32.0,32,496760,CartPole-v1,"CP-ppo-ac-NN(6,6)-(lr=1.0e-5)-(86-params)",classic_NN_6-6,40
34.0,34,496760,CartPole-v1,"CP-ppo-ac-NN(6,6)-(lr=1.0e-5)-(86-params)",classic_NN_6-6,40
60.0,60,496968,CartPole-v1,"CP-ppo-ac-NN(6,6)-(lr=1.0e-5)-(86-params)",classic_NN_6-6,40
54.0,54,496976,CartPole-v1,"CP-ppo-ac-NN(6,6)-(lr=1.0e-5)-(86-params)",classic_NN_6-6,40
77.0,77,497016,CartPole-v1,"CP-ppo-ac-NN(6,6)-(lr=1.0e-5)-(86-params)",classic_NN_6-6,40
74.0,74,497056,CartPole-v1,"CP-ppo-ac-NN(6,6)-(lr=1.0e-5)-(86-params)",classic_NN_6-6,40
38.0,38,497128,CartPole-v1,"CP-ppo-ac-NN(6,6)-(lr=1.0e-5)-(86-params)",classic_NN_6-6,40
41.0,41,497132,CartPole-v1,"CP-ppo-ac-NN(6,6)-(lr=1.0e-5)-(86-params)",classic_NN_6-6,40
20.0,20,497136,CartPole-v1,"CP-ppo-ac-NN(6,6)-(lr=1.0e-5)-(86-params)",classic_NN_6-6,40
43.0,43,497188,CartPole-v1,"CP-ppo-ac-NN(6,6)-(lr=1.0e-5)-(86-params)",classic_NN_6-6,40
27.0,27,497236,CartPole-v1,"CP-ppo-ac-NN(6,6)-(lr=1.0e-5)-(86-params)",classic_NN_6-6,40
28.0,28,497244,CartPole-v1,"CP-ppo-ac-NN(6,6)-(lr=1.0e-5)-(86-params)",classic_NN_6-6,40
28.0,28,497300,CartPole-v1,"CP-ppo-ac-NN(6,6)-(lr=1.0e-5)-(86-params)",classic_NN_6-6,40
18.0,18,497308,CartPole-v1,"CP-ppo-ac-NN(6,6)-(lr=1.0e-5)-(86-params)",classic_NN_6-6,40
48.0,48,497328,CartPole-v1,"CP-ppo-ac-NN(6,6)-(lr=1.0e-5)-(86-params)",classic_NN_6-6,40
20.0,20,497380,CartPole-v1,"CP-ppo-ac-NN(6,6)-(lr=1.0e-5)-(86-params)",classic_NN_6-6,40
38.0,38,497396,CartPole-v1,"CP-ppo-ac-NN(6,6)-(lr=1.0e-5)-(86-params)",classic_NN_6-6,40
57.0,57,497608,CartPole-v1,"CP-ppo-ac-NN(6,6)-(lr=1.0e-5)-(86-params)",classic_NN_6-6,40
54.0,54,497612,CartPole-v1,"CP-ppo-ac-NN(6,6)-(lr=1.0e-5)-(86-params)",classic_NN_6-6,40
74.0,74,497624,CartPole-v1,"CP-ppo-ac-NN(6,6)-(lr=1.0e-5)-(86-params)",classic_NN_6-6,40
80.0,80,497628,CartPole-v1,"CP-ppo-ac-NN(6,6)-(lr=1.0e-5)-(86-params)",classic_NN_6-6,40
19.0,19,497704,CartPole-v1,"CP-ppo-ac-NN(6,6)-(lr=1.0e-5)-(86-params)",classic_NN_6-6,40
33.0,33,497756,CartPole-v1,"CP-ppo-ac-NN(6,6)-(lr=1.0e-5)-(86-params)",classic_NN_6-6,40
43.0,43,497784,CartPole-v1,"CP-ppo-ac-NN(6,6)-(lr=1.0e-5)-(86-params)",classic_NN_6-6,40
21.0,21,497788,CartPole-v1,"CP-ppo-ac-NN(6,6)-(lr=1.0e-5)-(86-params)",classic_NN_6-6,40
21.0,21,497840,CartPole-v1,"CP-ppo-ac-NN(6,6)-(lr=1.0e-5)-(86-params)",classic_NN_6-6,40
76.0,76,497912,CartPole-v1,"CP-ppo-ac-NN(6,6)-(lr=1.0e-5)-(86-params)",classic_NN_6-6,40
50.0,50,497988,CartPole-v1,"CP-ppo-ac-NN(6,6)-(lr=1.0e-5)-(86-params)",classic_NN_6-6,40
39.0,39,497996,CartPole-v1,"CP-ppo-ac-NN(6,6)-(lr=1.0e-5)-(86-params)",classic_NN_6-6,40
30.0,30,498032,CartPole-v1,"CP-ppo-ac-NN(6,6)-(lr=1.0e-5)-(86-params)",classic_NN_6-6,40
23.0,23,498080,CartPole-v1,"CP-ppo-ac-NN(6,6)-(lr=1.0e-5)-(86-params)",classic_NN_6-6,40
95.0,95,498164,CartPole-v1,"CP-ppo-ac-NN(6,6)-(lr=1.0e-5)-(86-params)",classic_NN_6-6,40
40.0,40,498192,CartPole-v1,"CP-ppo-ac-NN(6,6)-(lr=1.0e-5)-(86-params)",classic_NN_6-6,40
42.0,42,498248,CartPole-v1,"CP-ppo-ac-NN(6,6)-(lr=1.0e-5)-(86-params)",classic_NN_6-6,40
63.0,63,498248,CartPole-v1,"CP-ppo-ac-NN(6,6)-(lr=1.0e-5)-(86-params)",classic_NN_6-6,40
31.0,31,498288,CartPole-v1,"CP-ppo-ac-NN(6,6)-(lr=1.0e-5)-(86-params)",classic_NN_6-6,40
28.0,28,498304,CartPole-v1,"CP-ppo-ac-NN(6,6)-(lr=1.0e-5)-(86-params)",classic_NN_6-6,40
29.0,29,498364,CartPole-v1,"CP-ppo-ac-NN(6,6)-(lr=1.0e-5)-(86-params)",classic_NN_6-6,40
65.0,65,498508,CartPole-v1,"CP-ppo-ac-NN(6,6)-(lr=1.0e-5)-(86-params)",classic_NN_6-6,40
63.0,63,498540,CartPole-v1,"CP-ppo-ac-NN(6,6)-(lr=1.0e-5)-(86-params)",classic_NN_6-6,40
61.0,61,498548,CartPole-v1,"CP-ppo-ac-NN(6,6)-(lr=1.0e-5)-(86-params)",classic_NN_6-6,40
69.0,69,498640,CartPole-v1,"CP-ppo-ac-NN(6,6)-(lr=1.0e-5)-(86-params)",classic_NN_6-6,40
39.0,39,498696,CartPole-v1,"CP-ppo-ac-NN(6,6)-(lr=1.0e-5)-(86-params)",classic_NN_6-6,40
57.0,57,498736,CartPole-v1,"CP-ppo-ac-NN(6,6)-(lr=1.0e-5)-(86-params)",classic_NN_6-6,40
27.0,27,498748,CartPole-v1,"CP-ppo-ac-NN(6,6)-(lr=1.0e-5)-(86-params)",classic_NN_6-6,40
19.0,19,498812,CartPole-v1,"CP-ppo-ac-NN(6,6)-(lr=1.0e-5)-(86-params)",classic_NN_6-6,40
31.0,31,498820,CartPole-v1,"CP-ppo-ac-NN(6,6)-(lr=1.0e-5)-(86-params)",classic_NN_6-6,40
13.0,13,498864,CartPole-v1,"CP-ppo-ac-NN(6,6)-(lr=1.0e-5)-(86-params)",classic_NN_6-6,40
104.0,104,498964,CartPole-v1,"CP-ppo-ac-NN(6,6)-(lr=1.0e-5)-(86-params)",classic_NN_6-6,40
44.0,44,498996,CartPole-v1,"CP-ppo-ac-NN(6,6)-(lr=1.0e-5)-(86-params)",classic_NN_6-6,40
10.0,10,499004,CartPole-v1,"CP-ppo-ac-NN(6,6)-(lr=1.0e-5)-(86-params)",classic_NN_6-6,40
77.0,77,499056,CartPole-v1,"CP-ppo-ac-NN(6,6)-(lr=1.0e-5)-(86-params)",classic_NN_6-6,40
54.0,54,499080,CartPole-v1,"CP-ppo-ac-NN(6,6)-(lr=1.0e-5)-(86-params)",classic_NN_6-6,40
24.0,24,499152,CartPole-v1,"CP-ppo-ac-NN(6,6)-(lr=1.0e-5)-(86-params)",classic_NN_6-6,40
12.0,12,499200,CartPole-v1,"CP-ppo-ac-NN(6,6)-(lr=1.0e-5)-(86-params)",classic_NN_6-6,40
64.0,64,499260,CartPole-v1,"CP-ppo-ac-NN(6,6)-(lr=1.0e-5)-(86-params)",classic_NN_6-6,40
26.0,26,499304,CartPole-v1,"CP-ppo-ac-NN(6,6)-(lr=1.0e-5)-(86-params)",classic_NN_6-6,40
13.0,13,499312,CartPole-v1,"CP-ppo-ac-NN(6,6)-(lr=1.0e-5)-(86-params)",classic_NN_6-6,40
82.0,82,499324,CartPole-v1,"CP-ppo-ac-NN(6,6)-(lr=1.0e-5)-(86-params)",classic_NN_6-6,40
23.0,23,499396,CartPole-v1,"CP-ppo-ac-NN(6,6)-(lr=1.0e-5)-(86-params)",classic_NN_6-6,40
34.0,34,499448,CartPole-v1,"CP-ppo-ac-NN(6,6)-(lr=1.0e-5)-(86-params)",classic_NN_6-6,40
108.0,108,499512,CartPole-v1,"CP-ppo-ac-NN(6,6)-(lr=1.0e-5)-(86-params)",classic_NN_6-6,40
52.0,52,499532,CartPole-v1,"CP-ppo-ac-NN(6,6)-(lr=1.0e-5)-(86-params)",classic_NN_6-6,40
14.0,14,499588,CartPole-v1,"CP-ppo-ac-NN(6,6)-(lr=1.0e-5)-(86-params)",classic_NN_6-6,40
43.0,43,499620,CartPole-v1,"CP-ppo-ac-NN(6,6)-(lr=1.0e-5)-(86-params)",classic_NN_6-6,40
16.0,16,499652,CartPole-v1,"CP-ppo-ac-NN(6,6)-(lr=1.0e-5)-(86-params)",classic_NN_6-6,40
